916.24,801.37,726.81,655.64,683.63,812.66,895.95,906.25,908.1,908.45
922.24,1120.07,1037.26,998.33,980.42,981.02,981.05,981.06,981.07,981.07
924.33,820.23,939.67,979.22,980.53,980.87,980.91,980.92,980.92,980.92
985.98,1215.68,1206.05,1055.16,980.16,980.92,981.05,981.06,981.07,981.07
925.32,811.85,940.29,979.21,980.62,981.01,981.06,981.06,981.07,981.07
924.11,819.57,939.54,979.25,980.58,980.92,980.96,980.97,980.97,980.97
922.17,1119.95,1037.06,998.32,980.42,981.02,981.05,981.06,981.07,981.07
930.34,1137.53,1069.91,1000.11,980.09,981.03,981.05,981.06,981.07,981.07
977.31,1210.35,1199.86,1048.64,979.86,980.95,981.05,981.06,981.07,981.07
924.91,821.02,939.57,979.4,980.67,981.01,981.06,981.06,981.07,981.07
918.14,804.84,729.51,656.68,681.56,808.31,895.58,906.19,908.09,908.45
1187.82,858.35,716.48,650.44,711.4,859.57,900.48,906.97,908.24,908.47
925.28,822.41,939.86,979.42,980.67,981.01,981.05,981.06,981.06,981.06
925.42,822.7,939.88,979.43,980.67,981.01,981.06,981.06,981.07,981.07
922.6,1121.02,1038.5,998.31,980.41,981.02,981.05,981.06,981.07,981.07
1202.19,860.34,738.6,665.12,727.61,874.54,902.66,907.4,908.34,908.5
918.31,805.2,729.89,656.54,680.66,806.49,895.42,906.17,908.09,908.45
924.52,820.14,939.46,979.34,980.64,980.99,981.03,981.04,981.04,981.04
980.87,1212.74,1202.78,1051.59,979.98,980.94,981.05,981.06,981.07,981.07
923.82,1123.5,1043.38,998.52,980.36,981.03,981.05,981.06,981.07,981.07
1198.34,857.67,729.43,659.65,722.86,870.92,902.08,907.27,908.3,908.49
782.88,857.77,832.63,920.26,949.44,986.66,1061.98,1263.13,1457.44,1479.46
879.38,767.03,966.16,1033.76,1101.48,1303.21,1417.84,1490.68,1497.26,1497.33
859.65,663.15,752.43,861.07,896.44,910.46,917.03,919.58,920.57,920.96
876.0,736.21,729.23,691.99,662.78,650.07,642.66,640.13,641.3,644.68
555.23,668.21,829.66,781.01,714.78,694.21,689.86,689.07,689.19,689.53
858.02,634.93,541.09,527.22,521.92,538.08,571.86,622.91,702.95,810.98
865.07,623.97,532.1,533.35,527.51,542.76,580.55,645.48,749.28,871.52
812.47,555.82,472.75,472.75,492.75,503.08,519.57,534.46,552.77,576.52
522.41,452.64,483.86,474.99,482.18,496.47,510.49,526.96,549.93,585.31
873.44,693.67,575.54,492.6,478.55,489.37,500.23,512.07,522.34,533.24
834.26,611.19,510.41,475.84,487.37,493.73,506.3,516.58,527.19,538.29
867.91,667.19,564.46,489.26,480.22,490.08,501.17,512.69,522.94,533.74
858.69,712.0,601.57,520.24,483.42,488.56,498.19,510.35,520.48,531.19
824.0,691.99,596.71,573.79,542.72,540.53,547.96,563.11,584.66,620.06
820.84,679.66,588.42,557.21,530.75,529.84,537.32,550.1,566.11,589.38
601.03,393.86,451.52,434.65,428.24,429.74,435.18,449.13,467.36,483.46
736.74,421.64,567.53,563.5,577.22,609.37,676.98,806.5,895.66,906.21
878.12,938.44,916.59,1018.17,983.11,980.94,981.05,981.06,981.07,981.07
833.85,614.34,737.18,912.51,980.08,981.12,981.05,981.06,981.07,981.07
971.07,1189.45,1191.67,1101.56,988.88,980.65,981.06,981.06,981.07,981.07
972.32,1185.87,1189.46,1124.25,1001.87,980.62,981.04,981.06,981.07,981.07
1180.54,857.87,716.33,649.91,709.92,857.78,900.25,906.93,908.23,908.47
921.04,810.45,734.7,663.08,690.82,825.65,897.02,906.4,908.13,908.45
1141.94,856.67,686.65,626.81,677.93,805.44,896.4,907.43,909.44,909.83
925.58,823.28,940.01,979.44,980.67,981.01,981.06,981.06,981.07,981.07
913.45,795.57,722.28,654.22,686.54,823.61,898.93,908.01,909.54,909.81
925.89,824.4,940.33,979.4,980.59,980.93,980.97,980.98,980.98,980.98
1185.52,956.09,980.63,1024.55,1070.52,1093.58,1082.92,1065.05,1041.33,1011.57
985.97,1215.76,1206.11,1054.05,980.08,980.93,981.05,981.06,981.07,981.07
982.95,1214.1,1204.24,1051.97,979.98,980.94,981.05,981.06,981.07,981.07
918.36,803.93,730.26,655.56,679.43,804.11,895.22,906.14,908.08,908.44
848.47,713.01,666.44,620.07,616.97,684.2,818.72,896.56,906.34,908.12
1405.08,1421.85,1437.75,1440.59,1441.39,1441.7,1441.84,1441.91,1441.95,1441.97
986.14,1271.72,1431.38,1433.97,1425.34,1413.24,1397.69,1378.0,1352.81,1321.0
1359.98,1413.6,1435.86,1440.47,1441.59,1441.97,1442.14,1442.22,1442.26,1442.28
986.55,1273.81,1433.96,1438.35,1432.73,1425.29,1416.66,1406.29,1393.51,1377.74
969.23,1188.85,1281.98,1223.55,1109.32,1007.35,1001.0,1002.08,1002.06,1002.07
937.88,1076.75,1095.8,1181.06,1088.92,990.59,983.3,983.77,983.75,983.75
961.02,1155.47,1163.03,1156.31,1044.82,982.28,981.29,981.43,981.43,981.43
918.88,888.08,850.18,975.63,996.09,955.57,880.4,818.85,774.75,762.74
926.26,714.56,802.06,821.19,895.31,906.27,908.12,908.46,908.51,908.52
972.96,866.79,977.69,1006.87,1052.84,1049.15,1013.27,962.4,922.05,910.7
923.6,938.33,941.4,1135.21,1149.36,1068.52,984.3,980.85,981.07,981.06
1128.29,888.97,967.56,1013.65,1047.58,1034.24,989.31,938.62,913.5,909.1
901.53,757.73,706.85,641.53,678.13,803.5,895.19,906.14,908.08,908.45
714.26,831.07,848.91,839.7,836.65,837.03,837.86,838.27,838.3,838.11
748.59,633.64,552.05,534.47,526.43,545.11,586.86,654.68,757.8,878.36
846.64,636.61,541.49,555.08,545.45,551.46,584.05,644.28,746.44,874.81
870.62,645.16,541.24,527.86,516.43,530.56,562.31,613.83,698.26,802.36
791.95,626.95,506.45,462.28,456.78,473.86,489.24,502.94,517.62,536.36
854.52,608.3,504.29,485.58,497.8,511.04,533.21,558.97,594.23,651.91
865.27,624.51,512.18,487.05,495.17,508.14,528.73,552.87,584.34,634.17
830.88,574.86,484.84,437.67,429.44,434.71,448.38,466.6,482.83,496.82
700.27,467.72,484.23,476.12,486.43,500.46,514.9,532.75,558.73,598.22
886.45,687.74,559.03,487.4,479.76,490.41,502.05,514.02,524.96,536.78
877.71,659.84,531.56,482.81,481.72,491.21,503.15,514.96,526.07,538.1
886.15,613.66,675.92,699.88,833.74,897.7,906.51,908.15,908.46,908.5
682.55,516.05,467.47,433.8,440.33,458.26,475.82,490.56,504.22,519.13
456.21,405.82,473.17,466.69,475.68,491.0,504.79,519.88,539.6,569.35
634.24,382.69,449.08,455.37,475.27,499.64,517.46,533.23,555.69,589.94
809.24,550.45,488.12,507.82,525.07,549.07,594.16,664.44,764.27,882.61
350.61,314.98,530.38,659.75,690.7,687.09,685.85,686.01,686.51,687.03
809.28,551.43,471.87,475.43,495.74,507.44,526.07,544.15,567.68,601.57
467.21,410.89,469.21,451.7,464.78,481.78,496.05,509.98,526.26,548.86
1312.21,1211.6,1134.44,951.91,863.25,854.04,849.09,846.6,845.19,844.4
824.21,631.56,775.04,890.05,920.88,929.73,933.59,935.24,935.92,936.22
866.2,637.64,594.38,706.23,775.89,805.77,823.83,834.3,845.48,855.62
886.43,683.78,590.0,586.79,572.2,566.66,581.97,617.57,673.49,732.78
845.02,596.1,503.99,504.7,513.8,531.34,565.24,613.97,694.13,788.55
883.39,653.79,541.49,544.91,529.3,535.69,566.17,620.16,711.36,825.17
886.36,684.45,562.56,493.67,489.13,502.75,520.54,541.71,566.86,603.3
885.3,671.25,548.38,494.9,490.96,504.85,523.7,546.85,575.25,618.42
852.21,655.49,769.4,762.82,886.41,904.69,907.8,908.4,908.5,908.51
871.42,857.66,845.61,1051.48,1022.06,982.96,980.96,981.07,981.06,981.07
871.86,858.55,846.14,1053.03,1024.5,983.18,980.95,981.07,981.06,981.07
1195.26,1196.27,1111.42,925.8,856.26,847.84,842.55,840.47,840.17,840.58
723.68,652.59,758.67,732.38,684.31,661.35,652.19,648.08,647.73,649.7
556.62,689.04,840.73,792.16,728.42,698.59,692.52,691.44,691.4,691.66
575.8,313.6,389.15,388.93,402.97,417.57,434.6,456.47,483.59,505.57
749.48,510.7,457.66,476.08,492.11,502.87,516.99,529.57,544.27,562.22
754.71,515.57,457.89,474.83,490.62,500.52,513.52,524.46,536.72,550.73
749.77,513.36,457.3,475.02,490.31,499.97,512.46,522.77,534.1,546.69
427.36,374.02,429.07,407.58,427.43,452.29,477.48,495.26,509.77,526.2
809.77,555.09,470.86,471.81,491.3,500.88,516.02,529.01,544.43,563.22
808.61,555.2,470.06,470.78,489.75,498.53,512.35,523.52,536.23,550.67
789.61,568.01,487.4,474.54,488.49,498.86,511.1,521.21,532.04,543.83
805.57,554.38,468.85,470.67,489.1,497.45,510.46,520.55,531.69,543.74
799.55,550.58,466.85,471.31,489.28,497.71,510.53,520.46,531.37,543.1
800.07,551.53,467.05,471.31,489.29,497.68,510.47,520.36,531.21,542.84
798.91,551.23,466.73,471.48,489.37,497.77,510.54,520.41,531.23,542.82
617.14,476.54,479.66,484.18,491.57,504.07,514.73,525.22,536.12,548.57
809.22,559.71,470.33,470.53,489.05,497.15,510.01,519.86,530.64,542.12
757.43,524.84,458.63,475.26,490.63,499.91,512.18,522.14,532.98,544.84
553.79,399.92,440.87,428.99,428.1,432.23,443.42,461.19,478.32,492.78
982.97,1214.23,1204.19,1051.93,979.98,980.94,981.05,981.06,981.07,981.07
975.5,1208.93,1198.13,1046.78,979.79,980.95,981.05,981.06,981.07,981.07
925.01,810.74,940.09,979.18,980.62,981.01,981.06,981.06,981.07,981.07
980.8,1210.63,1203.64,1058.71,980.46,980.91,981.05,981.06,981.07,981.07
989.73,894.93,830.75,754.38,710.11,832.9,897.64,906.5,908.15,908.46
922.1,1119.85,1036.87,998.32,980.42,981.02,981.05,981.06,981.07,981.07
923.67,815.52,938.36,979.32,980.67,981.01,981.06,981.06,981.07,981.07
1199.78,856.81,731.3,661.31,725.33,872.9,902.39,907.34,908.32,908.49
985.93,1215.75,1206.03,1054.87,980.14,980.93,981.05,981.06,981.07,981.07
919.77,804.66,730.34,657.2,682.56,810.3,895.75,906.22,908.1,908.45
1191.33,921.73,949.57,979.26,1033.41,1040.14,1004.63,957.3,925.28,916.92
1131.13,850.11,646.24,605.67,648.53,748.05,886.1,904.65,907.78,908.39
922.83,1121.45,1039.55,998.27,980.4,981.02,981.05,981.06,981.07,981.07
1177.47,938.34,950.4,980.46,1044.9,1089.05,1081.91,1064.04,1041.38,1012.97
1138.51,820.2,653.98,581.42,551.22,543.47,545.14,549.41,556.12,567.5
1144.3,866.81,676.75,615.36,654.27,758.49,890.34,906.85,909.75,910.34
1001.44,834.69,714.01,653.0,678.14,804.44,898.81,912.55,916.11,917.15
1354.78,1418.3,1438.0,1441.58,1442.53,1442.89,1443.05,1443.13,1443.17,1443.19
987.35,1278.24,1437.71,1444.11,1441.55,1438.22,1435.18,1432.41,1429.79,1427.21
942.39,1004.07,1144.38,1207.92,1153.27,1039.0,1005.33,1006.98,1007.24,1007.25
1012.15,1208.74,1296.09,1287.49,1286.08,1285.64,1285.44,1285.36,1285.32,1285.31
982.01,1240.82,1371.51,1357.34,1333.77,1325.68,1325.07,1325.19,1325.29,1325.35
950.61,1079.49,1276.47,1286.52,1211.07,1102.87,1025.2,1025.65,1028.04,1028.12
1301.39,1339.18,1359.27,1337.37,1324.32,1322.98,1323.06,1323.16,1323.22,1323.26
948.58,1046.64,1247.39,1280.49,1194.8,1071.85,1017.33,1020.52,1021.67,1021.69
927.6,832.05,949.51,982.64,983.15,983.53,983.58,983.59,983.59,983.59
929.4,826.04,780.41,707.59,715.0,860.1,903.23,911.26,913.29,913.81
987.48,1216.81,1207.97,1056.26,980.34,981.1,981.22,981.24,981.24,981.24
928.45,821.85,772.13,696.86,708.37,851.91,901.24,909.55,911.45,911.9
926.02,826.92,941.66,980.07,981.15,981.5,981.54,981.55,981.55,981.55
836.4,552.91,528.62,497.38,507.38,514.38,525.1,535.33,547.2,561.77
987.45,1216.71,1206.78,1054.98,980.13,980.93,981.05,981.06,981.07,981.07
922.9,1121.74,1039.7,998.3,980.4,981.03,981.05,981.07,981.07,981.07
1248.24,931.46,1026.53,1052.41,1066.01,1047.93,1011.76,965.01,927.5,915.21
925.59,823.33,940.02,979.44,980.67,981.01,981.06,981.06,981.07,981.07
981.14,935.08,955.99,965.83,1008.13,1042.77,1022.55,973.88,927.79,911.27
922.8,1121.42,1039.37,998.28,980.4,981.02,981.05,981.06,981.07,981.07
925.7,823.73,940.14,979.45,980.66,981.0,981.05,981.05,981.06,981.06
925.7,812.6,940.52,979.22,980.62,981.01,981.06,981.06,981.07,981.07
1203.9,857.53,744.03,666.01,725.95,873.27,902.47,907.37,908.34,908.51
925.59,818.39,940.37,979.33,980.65,981.01,981.06,981.06,981.07,981.07
986.14,1215.97,1206.12,1054.08,980.08,980.93,981.05,981.06,981.07,981.07
986.8,1216.08,1206.49,1055.18,980.15,980.93,981.05,981.06,981.07,981.07
983.17,1214.32,1204.27,1052.46,980.01,980.93,981.05,981.06,981.07,981.07
986.49,1215.46,1206.4,1055.96,980.2,980.92,981.05,981.06,981.07,981.07
922.49,1120.63,1038.08,998.33,980.41,981.02,981.05,981.06,981.07,981.07
925.13,821.72,939.7,979.41,980.67,981.01,981.06,981.06,981.07,981.07
925.0,811.23,940.1,979.19,980.63,981.01,981.06,981.06,981.07,981.07
924.99,821.4,939.66,979.4,980.67,981.01,981.06,981.06,981.07,981.07
913.89,797.5,722.93,653.36,683.27,812.25,895.91,906.24,908.1,908.45
924.42,820.1,939.5,979.36,980.67,981.01,981.06,981.06,981.07,981.07
922.17,1120.07,1037.15,998.3,980.42,981.02,981.05,981.06,981.07,981.07
914.74,783.95,931.26,978.78,980.68,981.01,981.06,981.06,981.07,981.07
892.8,740.5,923.73,978.03,980.62,980.95,980.99,981.0,981.0,981.0
896.58,1053.38,969.16,998.16,980.82,981.02,981.05,981.06,981.07,981.07
903.69,767.63,708.34,659.47,723.07,870.71,902.04,907.26,908.29,908.48
927.25,839.2,941.29,981.1,980.56,981.01,981.05,981.06,981.07,981.07
978.21,1208.53,1201.73,1057.84,980.43,980.91,981.05,981.06,981.07,981.07
655.66,426.15,594.56,606.06,659.89,771.67,891.77,905.63,907.98,908.43
751.62,520.29,752.79,918.64,980.46,981.11,981.05,981.06,981.07,981.07
685.28,449.0,644.71,711.41,882.29,918.68,921.8,922.1,922.14,922.15
1121.8,692.37,701.31,704.48,850.6,907.69,917.46,919.85,920.42,920.53
898.82,736.62,910.72,970.9,973.63,973.94,973.99,974.0,974.0,974.0
968.23,1184.41,1187.59,1108.68,992.13,980.62,981.05,981.06,981.07,981.07
1152.76,842.42,697.07,600.37,557.54,536.76,522.84,500.61,457.69,433.32
916.17,775.22,911.2,967.02,968.82,969.1,969.15,969.16,969.16,969.16
932.34,815.59,783.3,701.51,709.6,851.55,899.5,906.8,908.21,908.46
984.78,1211.71,1206.16,1061.84,980.68,980.89,981.05,981.06,981.07,981.07
762.82,834.85,838.87,935.79,965.1,1024.75,1167.93,1396.45,1480.09,1481.58
1123.71,1319.77,1402.26,1444.26,1446.63,1446.76,1446.82,1446.85,1446.87,1446.88
972.44,1027.44,923.01,965.45,1061.02,1242.93,1449.44,1458.96,1459.04,1459.04
900.05,920.83,895.02,928.13,963.68,1053.68,1192.74,1400.62,1433.08,1443.36
896.55,930.45,952.2,881.36,878.61,890.03,901.21,915.54,939.84,992.47
874.1,678.33,773.55,877.77,910.87,922.33,927.31,929.3,930.08,930.39
873.47,636.11,597.93,750.99,835.03,863.49,879.76,889.97,895.86,898.76
874.2,626.77,553.04,667.18,754.09,804.99,835.59,847.85,857.33,865.83
785.88,627.64,523.97,498.78,478.53,488.54,501.81,516.29,534.61,561.58
808.72,445.05,448.32,436.3,451.86,470.42,485.94,499.71,513.93,531.39
873.66,651.36,539.57,498.14,501.24,517.12,542.68,575.91,625.26,704.61
870.73,635.88,527.02,499.91,503.56,519.61,546.6,582.77,638.18,722.83
617.05,486.48,666.63,773.56,728.25,709.69,703.59,702.07,701.88,701.96
862.2,638.0,524.0,473.8,486.77,496.46,510.87,523.7,537.9,554.5
836.43,585.27,485.56,469.67,488.25,496.39,510.15,521.24,533.57,547.28
806.57,556.73,469.27,470.68,489.06,497.25,510.1,519.95,530.74,542.24
453.95,401.81,451.87,433.03,438.7,455.8,473.83,488.87,502.56,517.19
533.87,415.96,442.44,428.72,428.13,430.71,439.09,455.5,473.39,488.52
358.54,282.48,389.18,390.95,403.06,418.69,437.98,462.43,488.34,506.07
972.74,1173.38,1191.43,1103.02,989.54,980.63,981.06,981.06,981.07,981.07
922.79,1121.51,1039.34,998.31,980.41,981.03,981.06,981.07,981.08,981.08
986.55,1216.3,1206.29,1054.35,980.1,980.93,981.05,981.06,981.07,981.07
916.24,800.79,725.25,652.54,676.4,798.31,894.7,906.07,908.07,908.44
984.28,1214.25,1205.11,1055.58,980.2,980.92,981.05,981.06,981.07,981.07
899.0,772.49,701.35,637.16,660.02,770.33,893.36,907.05,909.21,909.6
917.99,804.56,729.09,655.98,680.05,805.32,895.32,906.16,908.09,908.45
924.82,1125.69,1046.94,998.61,980.32,981.03,981.05,981.06,981.07,981.07
966.65,1149.21,1172.75,1124.2,1004.93,980.61,981.04,981.06,981.07,981.07
918.26,805.26,729.73,656.56,680.61,806.38,895.41,906.17,908.09,908.45
925.49,822.96,939.93,979.44,980.67,981.01,981.06,981.06,981.07,981.07
922.54,1120.82,1038.26,998.33,980.41,981.02,981.05,981.06,981.07,981.07
936.08,862.04,914.09,975.59,952.36,944.88,944.61,944.62,944.62,944.62
922.47,1120.6,1037.97,998.33,980.41,981.02,981.05,981.06,981.07,981.07
918.14,804.86,729.49,656.34,680.46,806.11,895.39,906.17,908.09,908.45
925.37,822.42,939.83,979.43,980.67,981.01,981.06,981.06,981.07,981.07
1304.4,1178.9,1019.74,807.13,762.84,738.73,718.72,713.93,713.06,712.8
822.43,570.37,499.6,510.71,522.58,543.64,585.16,649.62,747.38,859.49
392.2,345.54,473.37,537.91,580.3,606.84,630.63,649.21,660.59,666.4
748.53,529.55,477.15,475.79,489.86,501.21,514.44,526.14,539.29,554.75
822.48,570.83,481.21,470.74,490.26,499.46,514.65,527.63,542.89,561.26
770.21,531.42,462.76,473.47,489.77,499.07,511.73,521.92,533.14,545.48
416.59,329.96,390.07,390.21,401.36,417.76,439.57,465.66,487.92,503.21
836.51,634.73,532.3,492.0,489.0,492.57,504.05,514.91,525.32,536.26
814.13,607.2,513.86,484.01,495.06,497.59,510.08,519.9,530.69,542.17
539.35,380.79,439.38,431.0,428.22,430.63,438.77,455.02,472.96,488.15
801.78,607.63,520.35,481.32,494.18,498.8,511.41,521.13,531.99,543.66
839.42,642.94,537.33,496.06,488.81,492.05,503.21,514.28,524.62,535.52
733.72,482.46,527.22,501.99,512.85,521.98,532.84,544.58,558.96,578.55
815.85,611.89,515.87,485.19,495.36,497.53,509.94,519.8,530.56,542.03
757.68,501.3,651.59,694.96,828.41,897.26,906.44,908.14,908.46,908.5
939.56,1099.18,1096.76,1153.74,1046.77,982.16,980.91,981.07,981.06,981.07
819.42,621.98,659.19,672.67,772.5,891.31,905.55,907.97,908.42,908.5
1200.32,893.69,983.52,1029.47,1054.58,1038.33,994.44,942.8,914.54,909.22
920.23,1113.14,1029.12,998.71,980.48,981.02,981.05,981.06,981.07,981.07
978.56,1211.31,1200.86,1049.39,979.89,980.95,981.05,981.06,981.07,981.07
984.81,1211.9,1205.91,1059.34,980.46,980.91,981.05,981.06,981.07,981.07
917.79,804.22,728.97,656.17,680.96,807.17,895.48,906.18,908.09,908.45
925.28,822.1,939.75,979.43,980.67,981.01,981.06,981.06,981.07,981.07
922.62,1120.88,1038.51,998.35,980.41,981.02,981.05,981.06,981.07,981.07
985.14,1213.2,1205.86,1059.65,980.49,980.91,981.05,981.06,981.07,981.07
923.36,814.27,938.09,979.3,980.67,981.01,981.06,981.06,981.07,981.07
972.45,1204.85,1195.33,1048.51,979.93,980.95,981.05,981.06,981.07,981.07
920.57,1114.92,1030.88,998.55,980.47,981.02,981.05,981.06,981.07,981.07
1121.2,842.42,699.51,639.17,692.97,832.7,897.66,906.49,908.15,908.46
925.3,822.2,939.77,979.43,980.67,981.01,981.06,981.06,981.07,981.07
981.3,1213.14,1202.98,1051.43,979.97,980.94,981.05,981.06,981.07,981.07
925.66,813.36,940.53,979.24,980.62,981.01,981.06,981.06,981.07,981.07
943.28,1164.01,1124.21,1009.44,979.58,981.03,981.05,981.06,981.07,981.07
908.01,785.81,715.51,650.39,687.07,820.16,896.57,906.33,908.12,908.45
920.05,1113.68,1029.28,998.57,980.48,981.02,981.05,981.06,981.07,981.07
977.37,1197.69,1200.65,1082.71,983.47,980.78,981.05,981.06,981.07,981.07
917.15,1094.31,1032.74,1004.85,980.2,981.03,981.05,981.06,981.07,981.07
860.8,702.52,684.03,651.92,721.62,869.86,901.91,907.24,908.29,908.48
931.64,1120.88,1083.42,1019.17,980.0,981.02,981.05,981.06,981.07,981.07
908.27,784.01,714.35,646.6,677.7,801.88,895.04,906.12,908.08,908.44
919.3,1110.76,1026.07,998.76,980.5,981.02,981.05,981.06,981.07,981.07
921.97,808.64,936.86,979.21,980.67,981.01,981.06,981.06,981.07,981.07
981.92,1210.3,1203.98,1062.27,980.75,980.89,981.05,981.06,981.07,981.07
975.56,1205.94,1198.86,1056.12,980.35,980.92,981.05,981.06,981.07,981.07
922.22,798.63,937.62,979.05,980.62,981.01,981.06,981.06,981.07,981.07
921.94,797.52,937.38,979.04,980.63,981.01,981.06,981.06,981.07,981.07
912.26,770.58,707.37,637.6,660.92,768.5,890.99,905.5,907.95,908.42
873.0,914.38,902.14,1018.23,983.8,980.93,981.05,981.06,981.07,981.07
872.9,914.2,902.04,1018.0,983.76,980.93,981.05,981.06,981.07,981.07
743.0,497.32,641.58,694.49,826.97,897.16,906.42,908.14,908.45,908.5
873.62,915.6,902.85,1019.89,984.07,980.93,981.05,981.06,981.07,981.07
924.39,795.95,719.25,645.68,662.8,771.12,891.4,905.57,907.97,908.43
888.97,749.49,694.47,631.74,656.21,759.69,889.21,905.19,907.89,908.41
915.58,783.74,930.54,978.8,980.69,981.01,981.06,981.06,981.07,981.07
908.15,778.98,713.11,642.77,668.95,784.32,893.26,905.86,908.03,908.44
918.59,794.26,933.26,978.99,980.68,981.01,981.06,981.06,981.07,981.07
914.72,794.44,722.85,650.3,675.37,796.56,894.54,906.05,908.07,908.44
920.25,802.73,729.53,656.0,681.05,807.43,895.5,906.18,908.09,908.45
985.26,1214.87,1205.66,1055.99,980.22,980.92,981.05,981.06,981.07,981.07
922.04,1119.11,1036.19,998.41,980.43,981.02,981.05,981.06,981.07,981.07
951.38,1179.02,1152.47,1019.22,979.42,981.02,981.04,981.06,981.07,981.07
975.6,877.83,866.08,813.01,770.17,872.69,902.33,907.3,908.3,908.48
929.42,835.17,942.02,980.44,980.57,981.01,981.05,981.06,981.07,981.07
969.79,1204.2,1191.38,1040.96,979.62,980.97,981.05,981.06,981.07,981.07
925.32,822.17,939.77,979.42,980.66,981.01,981.05,981.06,981.06,981.06
984.1,1209.62,1205.67,1061.92,980.67,980.89,981.05,981.06,981.07,981.07
986.06,916.67,935.87,944.9,989.95,1020.36,991.41,941.67,914.39,909.21
925.73,823.79,940.07,979.38,980.58,980.93,980.97,980.98,980.98,980.98
982.31,1213.95,1203.63,1051.63,979.97,980.94,981.05,981.06,981.07,981.07
922.12,799.47,937.19,979.14,980.62,981.01,981.06,981.06,981.07,981.07
916.89,788.15,931.7,978.88,980.68,981.01,981.06,981.06,981.07,981.07
916.24,785.93,931.12,978.84,980.69,981.01,981.06,981.06,981.07,981.07
973.63,918.19,922.53,908.27,914.33,940.63,921.45,910.33,908.7,908.53
899.43,772.79,701.59,632.99,648.09,743.5,884.29,904.36,907.75,908.41
983.81,1213.0,1204.97,1058.32,980.4,980.91,981.05,981.06,981.07,981.07
919.19,1110.2,1025.54,998.82,980.5,981.02,981.05,981.06,981.07,981.07
908.26,783.68,713.92,645.11,673.68,793.78,894.28,906.01,908.06,908.44
982.06,1209.75,1204.06,1064.57,980.96,980.88,981.05,981.06,981.07,981.07
920.59,791.66,936.07,978.96,980.63,981.01,981.06,981.06,981.07,981.07
913.82,780.42,930.2,978.72,980.68,981.01,981.06,981.06,981.07,981.07
907.88,780.88,713.83,645.36,675.6,797.75,894.66,906.07,908.07,908.44
984.8,930.27,951.29,965.29,1009.77,1041.15,1017.85,967.96,924.4,910.64
1154.69,848.34,703.81,603.93,558.92,537.57,524.12,504.02,462.32,435.01
925.36,822.32,939.77,979.43,980.67,981.01,981.06,981.06,981.07,981.07
921.92,1118.55,1035.91,998.4,980.43,981.02,981.05,981.06,981.07,981.07
917.43,800.81,728.35,653.74,677.94,801.33,894.98,906.11,908.08,908.44
974.36,1207.28,1197.18,1047.31,979.83,980.95,981.05,981.06,981.07,981.07
921.98,1118.73,1036.09,998.41,980.43,981.02,981.05,981.06,981.07,981.07
985.98,1214.1,1206.38,1058.23,980.37,980.91,981.05,981.06,981.07,981.07
924.27,817.32,938.69,979.36,980.67,981.01,981.06,981.06,981.07,981.07
921.35,794.33,936.57,979.01,980.63,981.01,981.06,981.06,981.07,981.07
918.87,795.34,933.56,979.0,980.68,981.01,981.06,981.06,981.07,981.07
918.86,795.34,933.56,979.0,980.68,981.01,981.06,981.06,981.07,981.07
933.28,805.52,740.2,662.41,687.45,819.51,896.5,906.32,908.12,908.45
924.63,1124.36,1046.12,998.79,980.32,981.03,981.05,981.06,981.07,981.07
924.65,819.1,939.09,979.39,980.67,981.01,981.06,981.06,981.07,981.07
924.6,818.92,939.05,979.38,980.67,981.01,981.06,981.06,981.07,981.07
1159.71,851.93,693.49,635.37,692.03,831.34,897.55,906.48,908.15,908.46
782.74,806.4,815.11,882.9,908.82,925.95,934.51,942.59,952.52,969.17
855.37,631.92,638.86,758.06,813.21,834.02,848.52,861.63,872.19,879.35
822.44,571.66,511.09,532.65,536.11,555.35,601.1,680.26,794.63,930.91
498.35,409.76,530.57,548.6,556.39,577.78,611.5,645.15,667.11,675.77
822.14,568.69,482.55,475.19,495.24,506.67,525.65,544.22,568.36,603.24
820.96,568.39,480.46,471.01,490.63,500.04,515.5,528.84,544.67,563.99
