158.59401,638.00244,2110.1052
434.73746,1224.5403,23.203308
340.1048,228.9493,24.957201
119.39234,55.08884,268.3012
177.67343,91.51362,373.92685
495.08218,576.5724,321.43967
524.4974,21.92585,510.533
6.47127,176.4724,15.195783
372.8119,211.34,397.6838
658.50525,153.58493,3080.8748
1292.9275,849.123,227.93713
1132.5543,169.9217,101.41001
106.38424,869.5271,64.33413
145.3359,126.80686,211.44077
269.75253,2420.964,55.04613
1635.9056,1113.4958,440.47424
193.36908,1428.7656,34.215893
1591.6587,106.61629,109.120346
51.90399,220.2919,317.51678
76.8596,2670.7153,4.059726
582.6063,58.13996,1995.1154
39.66727,32.59579,923.47345
73.26823,61.223324,429.41638
2736.7876,26.294079,256.73245
1622.4166,1311.5137,222.97282
86.915955,160.84798,113.14672
77.31075,320.42673,68.265594
1910.0299,9.768562,166.10062
269.59854,124.80137,120.980644
67.98441,658.2984,357.18323
321.18613,422.60294,231.13556
536.26105,60.857018,378.21365
430.77936,175.41055,352.74957
45.563522,662.794,56.22712
535.0523,227.27483,81.63698
85.16481,807.0872,12.425183
476.90173,164.07973,495.5111
74.62587,103.28266,2294.085
364.07364,2032.612,35.996628
31.665657,1753.2706,125.36169
151.52814,125.16459,345.41016
88.86641,1635.2284,56.088364
314.54565,57.710983,189.47829
425.3145,203.41978,464.23145
159.0029,8.796733,58.80144
207.0245,91.912544,223.57309
429.6555,108.47658,72.02278
208.22641,29.185518,889.7229
50.569214,83.489426,109.3215
822.4324,8.966908,90.96327
1365.1432,42.949696,43.186707
15.887888,7.60403,67.10547
57.159546,17.074945,170.0778
151.10323,14.01883,117.2868
277.01392,13.0620365,1240.6664
416.20673,561.7389,120.632355
119.46028,101.228386,382.02347
856.9013,920.4122,1907.1282
742.96533,1717.3751,138.95244
316.7837,611.23267,91.21973
190.0527,124.106476,157.9418
3192.7185,23.221586,17.605635
5034.31,5.5960603,292.00662
111.03911,110.10704,180.15279
135.77118,752.6154,141.27744
115.9332,15.090708,151.64561
68.77476,1788.0593,94.60917
571.8703,887.5881,544.58356
226.95226,340.71866,61.50033
106.18698,97.90529,778.4909
298.14215,362.32135,250.18024
341.91275,232.11412,720.10565
278.02274,101.368286,385.68118
526.5855,176.59459,391.83154
659.88116,257.49817,122.12069
22.89068,222.53558,241.79301
23.247982,230.0571,60.06373
5077.0293,388.57083,203.11382
33.35073,95.98572,1434.1185
86.369774,1163.3047,3131.2651
4083.172,17.825048,111.902695
67.549225,876.14594,8.349706
469.26514,124.14696,0.71533674
1498.9503,516.7704,116.42795
1901.0859,191.80746,116.82208
438.68698,57.447845,613.0853
120.485886,520.2713,451.24365
899.79816,1048.7208,525.0747
51.14244,193.73985,319.77258
266.97296,38.69728,841.10474
211.61551,91.38,360.60388
65.67533,68.72484,769.7828
675.2794,112.41267,73.71572
47.76536,30.832935,225.10298
20.87869,103.522095,1398.4044
88.91965,244.57759,363.05676
202.47975,6.951165,140.96828
51.027863,18.648735,341.25485
50.832203,152.74388,25.45119
195.24055,929.4734,44.90391
1663.241,25.37073,108.7943
732.6613,7.336208,2315.077
72.82813,156.78029,132.35803
227.5975,973.21173,975.0979
113.02909,62.906128,280.6956
59.231945,415.722,98.76962
569.9651,254.75641,108.939476
653.39966,163.46971,651.4569
474.4351,197.67415,489.79355
50.201317,339.47614,229.44249
934.3609,2471.1113,492.9595
80.06317,304.47742,1024.6302
57.12473,4021.7803,1691.0928
213.0941,328.478,432.30963
1857.8071,230.41975,420.88846
102.19081,2086.7915,296.7098
62.44073,671.21063,2.3975546
114.983345,2246.4128,174.18684
31.466812,119.41963,504.9544
263.34796,638.3939,160.88321
359.72324,168.05151,93.681725
189.48672,208.41464,63.48394
123.02112,387.7659,393.41803
455.75995,353.05676,411.48367
63.619064,255.34467,67.5251
781.70636,152.93906,112.656555
151.57571,151.17477,40.044308
22.13155,77.028336,125.77336
1396.3975,57.526493,58.111374
306.0346,179.73871,243.63478
339.22266,1533.3544,90.40169
187.79016,91.10359,244.83745
580.0212,120.61732,147.03503
103.60538,377.5084,86.12354
2473.702,7.052545,61.076237
4.307546,51.682335,1615.8827
41.36776,2726.1956,649.2603
424.51614,558.9126,44.580647
228.87477,128.75818,225.56276
48.245228,93.24653,639.4129
22.110647,18.872679,2345.7324
722.5134,249.23715,577.03503
128.17386,85.720535,393.08987
127.061356,390.94437,57.38162
157.54362,872.6074,41.416767
312.81516,250.76451,2540.5146
119.8461,341.24777,598.4662
308.13126,50.319515,33.387444
9.931589,41.33374,2004.1713
313.5013,26.251188,969.14606
4289.8457,24.41567,34.341755
806.09015,177.37738,130.90976
4572.903,881.82025,1530.2832
66.9904,55.429405,485.15286
159.76318,83.68124,121.6792
49.922287,216.76547,123.671394
137.13185,188.8272,213.53456
48.507362,2348.4385,1777.4688
17.277056,463.17322,1896.5623
60.57282,1422.9991,619.9108
88.13354,1273.8982,16.95654
508.57343,20.057856,126.07681
62.461884,30.393047,3803.7583
18.504036,155.46248,202.85916
402.91208,190.6805,568.71277
127.56395,11.024869,106.432526
293.37595,107.424576,125.44336
569.1691,61.614098,326.8883
294.95462,2941.9463,996.43304
1531.8041,242.17839,197.45854
64.757935,401.71332,20.160517
433.82663,283.87482,909.30756
98.444466,976.4126,325.47556
426.42966,748.1469,74.23369
75.84766,743.70807,167.35329
895.16223,424.10104,315.21237
1057.5608,75.98439,164.03015
194.66074,280.4986,118.98742
731.54895,2172.7444,87.84788
1429.8119,80.4675,84.976585
1608.093,275.53107,297.8199
2369.8008,2443.5466,1879.625
19.316328,34.923615,188.7387
80.46485,323.72083,494.70407
60.34156,402.0355,394.76526
100.62911,46.072647,180.02332
1291.9008,691.90967,35.42994
873.92834,327.11957,102.629906
47.235893,572.29443,185.97534
88.97627,1233.4427,96.89098
367.04227,139.0404,395.26913
34.68351,172.65805,609.8287
379.4309,392.47125,194.38362
353.32196,316.3223,161.61789
315.7807,843.2389,134.35446
1269.8513,301.09143,503.3339
150.67372,308.18445,133.23047
996.35583,1082.6671,1344.1959
312.3213,874.1174,231.8644
149.76837,447.22223,425.65582
15.240468,267.79556,1205.7197
88.933815,890.189,491.3911
74.08817,4501.489,164.17357
3439.258,46.701267,53.111984
555.8771,50.700554,576.35175
753.21063,35.94161,2059.351
629.18243,67.67496,102.07247
226.60072,66.97899,188.30988
293.1054,72.952576,485.86502
52.745987,149.97823,2659.2737
4580.3726,38.6921,4605.217
62.816933,3170.793,532.4678
501.48328,9.911316,30.611734
263.82822,28.679535,1994.7167
24.248486,898.496,0.43250325
363.55933,35.58527,750.39233
31.881964,922.345,441.21442
401.47522,205.63295,64.80149
31.675537,154.52669,31.672096
55.985508,917.9557,530.6573
770.7688,162.55682,330.7746
323.26974,363.84445,599.4203
167.59068,811.72516,62.927166
62.607662,736.1959,2829.8606
114.62616,41.46056,936.0815
571.51404,371.73483,107.83493
25.349247,24.29436,1471.7522
69.38711,119.01581,46.789986
321.97458,2200.4143,21.54687
190.26044,1338.6476,203.34962
968.5009,74.88724,35.257774
641.87756,481.42157,39.615345
2276.0193,443.76492,283.72723
447.28043,428.77396,636.3703
94.75509,444.7072,2719.0918
2770.25,4937.1245,1130.8767
53.507023,95.05257,49.82588
1230.2981,764.29083,1877.9838
89.97417,193.97577,352.7623
106.68558,701.301,810.0129
143.64253,2107.1472,36.50486
104.98896,95.97489,146.4058
101.78939,28.888512,72.59125
419.6225,288.49652,109.62884
199.62561,38.728924,722.99725
17.228098,430.3268,91.111916
61.220295,1018.9909,9.98943
975.1311,853.91364,64.84982
24.517008,89.12728,71.24113
86.09212,22.423183,166.32356
2451.9375,595.42676,152.72556
2684.2676,3547.5935,754.8982
37.901318,94.03168,237.96677
29.829021,394.81937,5.6923833
95.124435,28.176718,776.0975
1254.4276,301.27545,44.729076
1599.2465,7.4212227,71.1107
87.55558,37.48971,84.91184
969.92053,1903.1991,104.77811
98.38912,50.91614,103.205864
423.1077,97.751686,83.42951
10.408523,208.67183,482.9653
50.58598,152.2871,401.11285
2051.251,1516.6931,1731.6256
138.49318,307.27795,253.26967
86.70749,272.261,435.69287
293.62857,369.6921,59.597263
99.885704,154.87057,69.343506
81.538475,233.99442,127.567276
77.71266,420.87427,580.22736
53.277786,279.00275,161.27249
1233.0232,232.50487,377.78592
267.277,2497.7153,175.35892
2143.8704,24.900404,117.64501
844.50146,460.81454,151.17593
38.68911,144.22319,267.38864
15.465165,477.3833,533.7844
61.67428,4335.8096,67.84685
35.34125,2.9176419,2128.714
62.998325,49.16312,447.96472
570.36395,168.01366,111.40493
94.80269,102.578125,577.32294
779.1889,159.68602,189.95941
99.71477,891.21173,191.02278
415.43533,77.743515,567.6814
17.939358,131.06255,239.81201
143.83606,75.21355,69.093346
431.3096,114.34331,151.18979
344.49896,120.7478,55.08076
283.10532,254.70119,223.96815
294.80023,88.24595,1905.8315
268.2647,152.60811,810.028
1011.7503,49.93316,513.56006
1699.2777,70.86819,32.92009
45.836227,33.07381,190.71158
253.1195,3.8596764,275.90036
1359.1877,64.80641,338.89316
76.48826,262.58426,513.0853
70.86652,2753.1477,86.40604
1580.7988,663.4242,84.46866
3516.5535,752.8509,306.96545
48.393513,155.27176,203.15529
61.280586,14.45216,754.41437
2578.8782,492.3637,332.11472
1492.5261,1782.4741,1.8886085
454.0058,3.620456,382.4581
46.459103,1116.8203,18.756042
116.6333,433.03586,64.65622
50.228966,38.456444,693.56934
1897.1461,910.47754,22.886135
21.636742,309.07574,615.0091
2874.8184,130.28378,146.3733
967.4735,54.74529,1996.7023
45.00066,324.30582,2238.967
24.716667,26.515911,99.35828
78.32351,117.53376,2800.0044
72.3506,87.705986,427.24188
39.652935,24.54241,1111.4518
401.89822,3062.1482,48.87963
136.3488,108.11959,77.66562
217.47295,93.94295,550.39746
310.19116,2295.6917,83.61535
953.18494,239.27203,63.774536
128.64261,111.97747,1019.03436
168.00653,16.661453,1853.1083
1729.9664,343.20474,289.44742
393.96964,469.43347,256.2359
723.11725,602.8847,75.23617
1749.9755,728.21216,439.21255
151.61472,433.69308,94.6455
145.7498,98.22378,532.86597
193.19713,269.83685,111.23721
1633.2097,170.43958,203.99126
115.81264,73.456894,511.851
143.61185,23.75605,79.0273
127.633606,535.9158,192.54897
15.349384,123.32859,1128.0974
605.1145,322.6301,41.244225
2005.1658,13.813345,89.8526
37.69328,2067.1863,1351.7809
204.67696,306.60065,558.3567
371.0162,169.7244,444.86136
3484.4424,165.60037,899.2547
212.49338,489.83057,47.938
162.99307,250.01848,458.62357
412.4884,2495.9038,557.28955
617.1863,266.16916,306.03268
936.275,432.82892,360.4287
1551.9469,84.187195,416.42935
69.54562,560.28107,74.61306
448.8668,182.91368,590.8996
1069.586,958.0559,253.2311
734.21155,73.0731,88.793915
18.645536,93.28518,254.50993
257.6972,70.447716,448.04425
156.15555,134.1452,134.66486
988.60815,398.26505,2580.38
219.77718,858.9858,65.16512
641.67957,16.298395,3025.7683
26.486704,386.3962,396.7799
1123.5305,422.70743,320.9105
20.740631,1018.53357,33.456245
699.0619,340.0218,102.68792
521.08484,693.3476,79.81211
36.53132,580.1666,127.35408
120.33631,175.92274,90.95027
599.8863,41.82591,8.714329
220.09433,92.23243,145.90036
238.13084,902.827,728.1162
414.2958,32.547752,711.26776
3975.8667,2270.2095,1439.9402
202.81628,133.61618,164.35701
100.98227,68.4343,416.70773
154.93826,125.6813,874.96094
1348.4084,647.7902,430.45795
514.62854,1262.8405,643.48566
65.199005,256.50085,55.462154
150.86905,182.09541,374.13907
110.85697,384.48825,126.09523
162.4612,4680.476,509.2693
15.184827,50.688248,1553.6368
138.98676,169.74171,88.65621
160.55379,24.42958,216.38788
247.60701,268.04196,191.55855
137.75531,54.80835,127.56262
147.86389,69.31499,282.6672
9.105031,493.33878,108.0127
584.3945,12.376662,80.27185
85.54157,53.85694,137.71155
130.44838,171.88802,149.35976
193.08765,3214.1956,748.70984
4783.9414,4283.864,135.33025
210.24571,292.3833,200.77625
189.3197,88.829956,130.53723
135.195,978.22644,81.51472
98.43231,63.976383,513.97894
4.2782,1947.6777,126.0933
613.7183,632.218,259.15414
103.09878,605.9268,203.24796
892.75336,68.97154,328.39786
273.64404,90.61785,29.545639
97.138504,220.31946,352.18158
307.60547,65.44042,2897.3523
47.766674,59.697693,817.0745
688.9029,451.02972,50.05615
55.800392,394.9292,546.86395
362.85187,111.59446,249.04947
886.5183,1241.9574,18.568178
565.57367,111.73872,198.83118
202.28804,101.9209,16.654715
468.74927,198.42502,102.88626
119.10338,186.77147,100.30486
97.660866,38.531326,195.95944
72.08178,21.344503,49.48264
119.98537,53.003445,343.13052
141.32317,132.49812,1879.797
792.99915,151.01819,134.12259
150.5871,153.2027,583.3187
359.86002,889.1014,227.50247
464.55392,1382.0963,1045.6462
2028.0275,245.89195,44.296265
58.319004,189.67343,1385.4204
94.71319,136.14159,52.07725
1470.2059,91.12925,171.84187
1171.0415,335.15466,130.4851
54.17481,751.394,136.43419
25.840258,74.628,643.06024
70.048546,173.38008,1414.9633
45.27521,507.562,317.9573
85.30318,3061.1133,1080.9537
1599.8887,1020.288,59.443707
293.9878,147.20183,41.75805
123.46127,122.9957,54.524387
2334.065,1138.4155,118.89702
566.20764,181.87268,753.5651
20.70343,666.7433,2087.9683
3492.4097,959.6075,252.87495
147.14516,106.962204,309.18607
107.34207,116.268776,56.97833
4.092909,97.77346,1504.0908
121.93038,4407.7686,47.494858
24.77989,1414.9784,1782.3818
1679.0221,3155.7798,89.375
455.8616,131.07219,463.08447
123.129395,2036.0563,63.535126
2145.6147,102.612144,190.3132
1198.415,1973.205,7.1026716
20.193737,2589.956,518.83746
240.50212,228.2579,141.89519
877.514,392.2301,138.21942
136.79788,65.84978,144.40442
69.727486,259.63632,158.41568
106.39159,40.197548,402.12823
1019.9001,199.14195,1800.9532
1.8958474,283.4178,1304.7225
15.064993,238.64911,1390.9171
547.09216,1179.9592,367.888
4143.453,63.239014,897.9562
50.08358,234.96025,1933.8954
531.05005,639.4417,2145.834
572.3925,2416.083,1222.6572
1010.3964,119.215675,134.52115
235.24873,505.7577,3842.8674
248.0627,2065.8813,2272.9602
89.29211,854.18604,4235.9756
72.83687,1516.1666,237.53044
12.793346,46.12143,239.1716
29.029402,8.860476,1213.0773
23.009571,4975.563,287.51318
5093.2476,4572.833,3352.4688
8.866964,1769.6254,8.9022455
324.9532,2050.3315,324.2437
1371.6775,731.90125,164.09796
333.02902,2637.9236,290.96536
421.17886,35.597202,2181.5671
59.072548,806.4507,2944.7356
139.129,685.80597,108.4324
58.765575,1745.2272,2171.9106
777.8565,44.41418,691.2582
1648.6118,105.351494,359.55887
202.45406,1327.6124,72.99965
280.21347,703.5105,12.317128
678.2401,1181.3484,22.248743
47.96317,1341.6732,548.3612
269.10333,110.07086,1459.9125
252.2619,1237.2386,148.09482
69.022156,293.25693,23.088736
505.34006,497.9463,29.978151
40.141445,21.194056,552.61957
896.647,70.45374,305.0029
1713.0118,21.547405,150.65411
643.80927,9.31754,114.62223
57.4219,195.55066,268.6733
63.16688,677.8112,77.385826
188.00513,189.85498,418.2715
224.67178,621.78235,281.01764
66.615776,494.8881,136.16362
729.2415,903.6135,1589.7181
294.02417,582.5868,288.32346
2928.0676,79.092125,88.53909
19.983885,297.53137,502.2217
18.911535,1016.0446,1007.73865
98.48761,14.770844,37.60901
160.54192,23.794893,13.779763
412.4682,1457.6449,4.083588
2788.4353,3097.3362,200.69208
1313.3308,58.826725,35.325504
40.440365,22.55009,147.15273
83.087975,166.6,1132.8945
9.960311,671.89343,217.37299
118.48088,563.84845,434.246
64.21708,348.13113,99.27165
1555.5482,66.61082,115.685135
148.7401,143.14783,85.182785
287.3995,55.135437,87.855
329.89648,2052.3362,216.52267
396.6385,2426.3616,627.5309
628.9906,88.769066,6.439349
340.41513,3.481277,4413.944
1270.9587,410.17136,332.95493
2583.5957,173.01894,197.95587
122.371765,626.35364,477.86337
473.56277,1076.9742,273.35852
753.5056,1228.3048,327.76593
25.86604,1339.3856,41.321033
1397.903,528.08734,2195.4424
216.83784,1548.673,137.2356
432.8906,263.8144,27.412552
34.779865,34.862595,382.78754
155.82756,114.75665,31.362556
149.7593,26.237888,238.3344
133.99445,193.01933,748.4239
2056.842,172.04166,343.91394
98.78314,128.45427,242.5888
34.86266,10.519178,58.424664
53.343235,82.34231,315.44775
714.4745,16.030851,17.51519
348.33807,468.6435,336.0164
236.2598,981.9779,297.74255
710.884,459.69174,124.74683
270.30618,100.57826,817.66595
24.768463,432.598,732.8053
310.53864,981.3412,27.722864
48.214676,1049.6145,313.6772
182.83542,1548.066,80.13125
41.10522,154.94989,4238.064
263.30475,5015.2935,3507.8232
4658.354,3333.976,32.570972
978.20294,4.4456973,1034.7495
217.48935,106.9661,164.57841
437.0386,4427.6147,128.5899
49.49914,154.36162,1235.6276
459.9391,178.39967,841.4726
8.7604685,864.52435,302.75168
55.618187,65.756615,142.51715
74.53644,877.0382,331.52484
3194.344,858.1017,211.18388
1204.9543,419.04697,2449.092
396.90283,494.60162,75.0925
3220.1118,11.498941,42.348362
2417.8062,153.03105,41.299637
363.01837,15.698307,67.887634
363.22208,247.99998,3794.03
738.2242,2165.7717,502.223
329.76263,258.628,189.42976
64.1648,145.46315,63.80891
128.21104,451.98462,57.969578
219.63147,215.83073,81.970634
400.7588,28.992165,298.96808
77.747604,1389.4028,680.5027
609.57764,727.1146,1285.8948
224.75117,424.35687,1564.5453
99.69872,253.94301,2063.305
666.18066,1107.6735,226.6595
306.54788,71.09384,833.4245
816.2564,201.74359,508.16797
177.7856,10.463416,1035.848
13.876092,262.50543,219.8405
970.59485,209.83025,904.5319
37.216515,2202.063,2482.7017
59.873352,863.5438,227.23347
47.27803,74.48012,3228.5205
1556.6255,2338.4448,1154.0498
38.835075,195.02837,204.0097
32.34532,439.4592,184.91873
212.57492,488.92026,9.443971
63.294933,626.5433,403.66867
279.68802,17.017342,198.07878
42.330723,167.08806,25.265175
42.258045,751.4935,517.71094
358.1964,965.0026,37.110332
137.72992,95.006256,630.4329
117.48583,1270.1334,154.99725
873.22217,13.517561,118.19494
707.6254,52.301693,419.87103
39.48424,608.60834,3446.6277
322.44333,199.35744,20.859928
14.056174,106.92413,265.89212
28.219221,29.305178,298.1909
1321.4424,35.337986,64.97074
98.94335,218.13199,1311.1948
916.0404,67.766594,2309.567
2049.0684,49.919342,28.086727
28.505274,25.944803,55.52983
57.822998,233.82869,8.756679
210.63971,108.51868,166.94324
266.6975,36.776665,52.371536
7.2687197,414.06616,37.37012
147.30435,131.67555,573.59174
379.1413,130.59392,974.0083
204.38275,58.33916,89.67949
126.78984,129.86678,359.94647
81.75912,654.89197,180.96211
520.8185,95.44135,897.39966
114.61687,122.70588,563.2242
82.85755,84.96984,105.89031
551.4508,17.68539,90.11286
56.111866,11.435292,234.39827
48.093937,87.20943,58.217377
647.6446,95.45487,287.17538
101.141,292.50253,609.0245
172.18153,521.30316,4602.7573
4309.109,1970.2325,141.32268
98.9633,368.47876,37.60577
71.12378,223.64856,1686.4487
193.95485,108.876205,131.50584
302.90866,37.80909,44.790802
107.19528,37.104237,611.1851
608.3853,25.016487,4.845483
29.383972,19.657434,1139.2742
365.4559,37.86217,114.32609
105.14962,204.9702,27.79027
24.02206,19.087166,36.63966
28.360579,33.03157,776.51685
738.5181,76.37064,91.048676
482.57983,61.63271,283.30527
41.46986,29.430555,1349.5195
142.51436,8.674686,33.45907
33.34476,58.456486,456.41913
4804.196,24.672682,352.20856
376.49738,47.35588,15.06126
40.155556,101.00822,106.5173
3321.027,74.57579,417.01263
37.97779,35.73818,573.40717
34.42795,826.8489,630.6899
152.58716,162.57687,2559.3015
63.602615,89.09399,443.78256
3523.9504,537.4795,1117.624
158.41864,357.3044,924.9519
139.69284,962.044,23.898079
688.68665,267.87244,294.0938
1713.176,5034.7344,42.168736
488.24615,3997.2373,592.17413
504.8518,359.02975,319.73016
675.3467,4963.476,225.14136
36.609795,9.470555,521.2861
27.763247,45.54397,124.00048
2798.7356,229.70135,203.44379
