321.4024,158.41722,195.11049
147.71265,973.0214,316.22052
1775.0835,395.94202,107.778305
263.01364,140.18848,11.062408
14.364524,166.85811,409.77975
33.8428,320.60138,255.71603
256.7717,274.621,562.4024
14.856092,579.0704,712.5386
488.7523,210.35526,467.8441
2273.0889,148.14352,408.232
232.11345,95.82453,859.36707
9.5616045,169.37021,461.00235
24.665367,3.171578,490.1004
60.735733,112.32837,221.46811
1271.2692,429.8297,397.25848
802.90955,61.931747,257.94373
392.50616,345.83954,829.4655
179.92389,1722.2206,2332.8962
99.87209,193.64159,184.17322
39.66545,316.23007,478.87524
76.390175,159.65009,507.9527
275.76352,298.0768,189.74927
949.0536,154.72646,88.105484
178.38286,247.4839,794.3106
193.81445,381.87683,145.35931
428.97253,142.25316,197.15108
48.9985,54.79346,775.5973
408.14313,402.2402,290.58337
118.313805,1378.2467,847.0492
784.0361,166.1307,1848.6733
127.81176,171.45497,119.83696
405.13693,207.67952,191.78221
235.35757,275.38077,4599.878
731.6353,216.58989,177.03307
195.44167,329.08752,975.7622
562.6195,75.21485,1478.6553
154.72707,213.29456,3250.2783
784.9362,2169.859,187.38046
579.4434,1062.3093,235.25209
133.4924,306.64838,299.4914
561.9158,415.80566,702.3547
178.30931,508.6773,157.05934
548.5614,164.14923,523.7277
124.56721,683.34424,237.23584
2162.38,108.65195,145.07178
2509.1863,288.49567,39.778248
141.21355,981.20374,102.524925
199.7081,135.44817,126.52077
290.7978,1666.2399,227.56036
243.56181,3116.8384,31.485235
257.62997,157.49437,256.80673
80.924225,18.305906,171.69205
364.04053,659.4517,126.52124
28.508371,177.08405,92.974594
23.290699,174.85197,730.32153
36.489277,256.78598,352.25836
925.1438,352.13116,99.0225
75.46936,58.08836,1028.3973
1883.2893,43.382183,194.09772
1099.0945,224.12904,400.45416
682.60376,496.0104,214.38304
230.6761,297.702,583.3639
1047.4215,188.39597,52.663345
10.60121,168.74475,462.9403
404.94962,565.7037,126.79544
55.182808,308.49585,766.94653
620.4378,149.2291,678.122
365.51547,366.62003,745.9896
30.764307,835.51904,778.1978
726.356,336.63898,497.54614
525.8322,135.63857,2287.9963
126.62742,4459.858,2.2248554
792.62,218.49348,186.55557
199.14076,463.63693,236.37036
491.38635,460.97687,1234.4806
80.5904,1248.4215,217.92459
166.94965,1126.8833,642.1416
578.43475,226.6264,322.08932
221.55702,1923.5222,2391.4333
1959.0122,3509.5352,109.02275
178.24097,214.40964,343.93008
3542.3843,4611.7905,1016.0086
623.31805,140.34781,77.72263
271.23648,1022.52466,168.52013
532.2043,1104.4553,234.57607
307.1358,383.19955,134.84415
243.09306,163.64307,254.40796
91.997055,563.32104,955.7379
233.95319,28.183176,583.3249
324.4972,460.75446,77.20582
69.39615,61.704838,216.90639
1540.889,307.7593,1245.8553
90.57968,37.90568,182.49348
106.6968,1507.6714,1009.76965
135.61775,1107.7931,159.74817
498.39,238.64815,724.76373
2154.823,425.80273,216.6513
383.9373,216.22629,758.11505
10.989347,197.35481,142.39214
102.14828,1248.1462,243.12083
399.4718,74.87999,550.50195
386.45438,773.5502,2234.9087
168.11119,1250.8967,730.3183
2592.9868,154.23695,564.0022
140.83286,601.6977,45.746387
599.6397,56.246613,160.41557
154.45695,63.96574,1068.9436
117.1664,572.0192,5213.066
827.7081,5159.554,184.38045
3642.8723,15.852601,386.48355
63.478226,757.8809,1370.7699
45.951736,1580.736,131.07533
683.9953,172.73328,59.44474
319.28503,148.61092,256.2102
427.32758,560.9852,135.37778
431.25385,231.86635,235.67867
2936.9873,28.63636,481.4864
200.2475,84.65777,238.46176
241.81705,267.64307,38.211975
724.1562,1665.1222,1450.6324
197.07582,618.653,325.76666
1476.4192,1797.8158,176.21162
470.48288,1691.4585,351.0265
549.0831,385.93802,204.33913
189.1426,226.53947,850.1926
319.22916,148.69955,169.19337
170.25627,564.9222,373.078
2139.4553,454.15247,279.84204
1480.4282,128.14316,266.19565
726.98615,218.3861,417.43243
172.01106,237.66318,324.66922
45.724483,1968.8226,1913.4279
79.293945,91.70017,301.1186
175.36504,92.35447,69.46165
152.03104,34.071472,61.105778
1466.1981,563.8741,463.25153
518.83887,147.81082,3526.1501
65.42443,1451.7096,152.90424
644.95447,185.05753,271.6385
261.6554,176.42015,160.44441
124.2947,41.980892,243.03885
173.69972,73.579384,184.6405
183.03453,465.25143,149.4659
1107.9052,302.38306,1907.6368
1763.0198,96.365036,217.49261
415.90656,221.39836,37.258087
114.95072,256.26654,253.79633
621.31036,159.56099,819.7783
121.09076,296.7937,123.575714
16.114813,974.27686,1048.2683
353.06387,2122.8623,580.36456
626.1939,3318.1055,2554.397
69.14701,722.68286,123.388016
415.26288,188.09296,303.8074
185.87955,330.48685,450.9258
301.89685,279.8802,330.25946
513.0641,208.97682,279.58215
98.02782,1598.4191,88.86895
3296.6746,79.678696,166.95688
182.61127,2144.7,179.03261
1208.6213,137.65388,1919.1924
125.60853,173.11064,191.96552
730.52576,2829.3845,108.47165
151.71056,213.15675,476.93387
1206.3528,78.633125,521.1696
477.05536,686.7026,1063.0731
10.134077,668.5214,104.043564
83.91683,230.34073,565.1275
347.5805,210.58286,952.7283
505.98825,809.3134,278.17523
3698.191,149.28566,592.6976
388.7776,186.93106,1078.2977
35.161987,299.69785,446.33954
1483.353,477.0378,604.19135
176.2329,1232.0983,39.549583
4419.909,3183.4517,254.20569
978.2299,492.11255,193.06201
502.9053,62.966133,286.18936
477.1516,113.43161,179.8674
80.91758,513.60455,598.91925
339.42712,368.06653,227.89197
74.07059,425.5727,232.98491
243.24402,435.20782,9.772244
393.77197,485.0985,148.15616
210.34305,543.4553,1146.6636
948.54083,154.1234,623.06805
250.64488,306.8582,290.372
1513.6638,1023.7284,691.3963
38.497948,105.97793,1734.657
1095.8729,91.716286,994.2447
264.2383,193.56969,455.27628
717.7763,114.555725,95.71175
281.84055,3258.6528,690.5096
172.06453,591.8371,186.01576
1696.9409,102.79742,69.96503
411.5913,714.28815,867.2502
143.36417,337.97794,501.76324
27.79529,328.10904,45.71783
1562.6703,52.794712,197.70232
248.00429,536.18933,122.33958
104.47997,175.62509,1131.2891
446.97467,69.94364,398.4548
309.86942,1669.027,115.94778
30.092539,114.12494,337.175
91.65285,280.03976,255.54266
1527.0065,341.47238,453.70148
29.253407,455.02777,326.37936
338.129,1029.1831,521.2004
44.21817,278.34857,216.86646
1047.5657,102.04356,142.04704
358.29553,437.1158,230.01978
19.624136,123.75937,498.49503
3529.7576,3210.0444,237.80112
77.45438,237.63289,1551.4794
291.48874,140.87688,121.67469
297.58817,2155.068,44.36547
68.06737,798.9749,225.98553
426.68567,234.0165,117.263985
218.66284,591.48065,78.01399
274.22192,369.59344,1578.3434
531.38043,214.06224,3530.3926
77.46136,770.00757,65.524445
41.01579,42.335625,211.03635
387.39172,179.54181,184.17868
591.02246,130.6091,203.56421
411.40842,397.9917,493.22324
138.90234,326.1984,308.7984
4835.9644,39.53315,91.82109
110.64633,119.77165,182.42828
421.93936,778.12866,282.36417
1024.78,699.9196,41.861797
1267.9312,375.17767,343.89835
621.0505,312.46057,575.75775
1242.1532,121.22433,383.38287
544.4992,794.7661,1513.3535
376.28067,201.98804,279.38272
220.55212,371.27203,297.14252
718.7286,1946.7511,326.69766
143.98845,84.85868,193.99257
180.93102,277.05908,945.8487
647.2286,86.59186,185.18106
127.23142,811.7045,110.32949
78.154434,160.96404,323.45764
4367.8804,110.001884,176.68471
1229.7473,180.87717,804.61115
201.25922,468.253,1173.4144
331.2104,1597.2732,256.19424
224.16563,820.55054,1230.8079
273.18878,90.10032,172.23116
263.39233,86.260735,168.17711
432.98462,303.2312,574.79456
327.9132,435.1506,2071.3086
250.67577,1617.1742,499.72546
79.78067,71.87844,735.6701
128.05457,1059.1318,1146.459
381.5165,494.44473,157.47377
938.51825,350.5661,406.22464
556.12134,524.5719,595.5545
172.98203,452.61478,588.9983
845.81134,1291.45,310.06842
1719.2062,212.3605,1347.771
319.51236,243.41747,389.51303
119.10252,803.9866,515.8467
270.16064,115.52,280.4572
926.2963,44.652153,107.7694
926.75793,201.09357,169.91322
682.2074,638.10486,453.5518
681.1482,47.935146,2084.5112
333.07825,737.5944,407.7667
703.6499,685.4471,1618.1511
223.688,91.412926,105.7575
352.51813,210.79521,1260.0302
115.173355,262.892,586.3689
121.510574,1020.47687,245.46545
2033.9369,242.30118,72.28836
1.3212032,265.99625,178.46468
57.14564,455.6112,230.55307
484.07993,267.1697,677.81036
242.22578,3829.3425,735.7976
1216.1095,155.80135,101.93846
117.316956,287.02438,230.8228
82.354866,942.3939,1183.2106
76.592865,1909.8049,80.342285
3883.0396,40.12509,1527.386
96.85353,2369.1357,196.96953
2782.7058,129.00664,1992.688
647.603,280.80188,1069.0688
91.82092,307.13672,512.99744
19.97229,76.614685,650.4906
201.26291,745.70776,514.064
285.06903,746.67316,129.94711
379.79855,321.1406,383.7571
71.66943,693.09973,371.91278
794.18097,1679.5457,444.757
267.75195,1138.6346,152.09216
531.0455,313.9563,172.57704
201.07664,94.47629,1483.8005
44.423485,2228.628,2617.148
908.9571,286.8303,137.5345
296.64783,377.1145,191.00589
4632.009,1432.3844,427.33194
35.519924,1847.219,316.38074
78.40872,284.22162,134.65836
327.59872,93.84928,194.73152
891.0191,253.76239,179.5264
97.3631,255.86096,178.12584
66.307495,1115.9893,1595.9293
296.50143,587.5661,1798.7295
290.40225,1676.9032,75.54668
148.75708,1073.895,70.03919
484.14185,380.32526,1127.7993
1015.24097,80.423195,1885.5961
449.82104,64.54718,1080.3615
559.3724,249.15587,1640.1823
43.705612,936.1503,239.03874
259.75464,1169.1808,306.7172
128.93239,889.043,86.47349
588.3084,375.7062,210.78888
40.0731,145.03777,1819.4834
1817.6067,1489.2743,275.57574
1313.0442,846.0989,639.7982
288.2869,303.7534,129.87155
590.98975,476.37146,120.32298
145.58528,792.6675,772.6219
238.02884,71.59411,1045.836
560.24805,155.22157,233.68677
859.30505,340.8723,186.98416
20.258797,201.60251,147.79343
251.4786,407.22934,298.2683
720.91156,2485.8184,268.23553
753.022,179.64761,1473.6259
315.37268,314.6357,154.90553
2201.929,39.012993,167.79228
498.49738,1226.1102,774.6166
236.9751,721.39886,187.86496
83.96629,197.51268,1035.0137
2992.9478,273.3808,37.253956
206.83759,58.81325,150.0188
814.1415,58.783752,306.75433
194.83858,469.19144,425.84958
370.8993,188.49106,314.3505
752.83057,2303.3223,405.95248
876.3166,420.9707,224.95538
28.026035,400.9504,3367.0542
1197.2261,17.257761,37.822582
114.10232,560.5121,132.24998
253.28758,102.70342,227.08044
67.149734,572.2752,200.09288
47.236473,243.25662,153.06618
2791.21,66.978325,705.44684
164.19931,132.12128,147.00073
114.24402,3375.9236,55.40807
3008.4795,263.11118,134.639
228.00505,139.53629,216.93103
269.84253,117.651924,85.52348
143.70947,478.2621,192.16232
48.84307,454.15073,1247.2834
1082.2802,259.94055,368.12723
231.92528,196.88882,243.44147
707.67633,301.5523,660.1603
973.00885,195.07762,352.08704
185.6818,880.3971,1949.3883
1718.7798,355.925,203.66089
198.45258,1119.9308,247.97076
517.9148,2830.9438,69.38926
1309.588,760.06915,129.55838
272.02728,678.7005,284.765
493.92307,1586.7678,370.23938
215.31065,1604.7316,71.945404
2818.8975,284.57117,188.27306
626.1096,398.92108,148.861
453.87762,256.68152,386.70172
672.73645,559.6292,377.9623
901.81635,345.74524,1350.0724
98.9662,1210.0768,151.31073
391.93915,599.5431,32.25082
1009.4393,884.4104,287.25534
298.62677,513.3737,107.05946
161.7094,127.87206,154.53241
57.3528,30.57819,819.6584
109.11339,142.1487,1151.3075
139.1127,160.14848,683.0345
17.516346,382.93805,852.4483
3187.1501,396.93326,1312.0566
743.4651,121.98561,417.70795
73.89124,1033.8193,2570.874
132.6794,227.22736,271.64865
286.70508,281.63354,150.18285
43.094048,117.330025,830.52435
1141.2882,937.897,163.96582
1694.8566,90.83775,252.01497
82.915,119.015526,41.533566
1265.5032,28.22935,676.1202
482.10358,59.80416,61.012802
323.03162,362.60132,82.42107
343.954,468.19852,779.21356
458.4275,436.2237,689.88293
1624.4131,594.91034,93.47182
651.34845,27.576193,1238.7346
69.77867,171.38797,329.31506
628.0955,878.6239,339.2664
885.5439,70.16068,444.2179
139.04492,1626.3639,2213.683
1049.3527,152.16728,696.31726
224.38066,204.44673,489.6472
89.1842,1716.9355,297.81726
335.61493,249.13312,416.35028
490.53552,794.83307,694.15784
90.609146,838.84607,691.4359
637.64996,155.82193,168.90407
86.10302,767.35254,3620.8958
30.267036,419.89804,228.72664
201.51181,57.48633,983.28937
120.43871,407.5614,16.143534
992.8838,71.93522,379.23694
52.679356,66.42869,99.283264
909.9141,480.40454,275.16107
181.4995,264.51675,228.98732
172.39484,1085.1593,699.90985
1603.5128,176.44145,121.68586
103.36815,1409.7386,287.72595
1650.5194,654.8158,1506.5327
648.7722,77.98029,439.28384
275.1552,139.40038,72.34348
426.43387,267.23648,122.70156
130.98705,211.63428,230.82048
352.84476,178.35884,141.99422
984.1417,351.43927,206.092
752.1915,220.4031,246.6845
1250.4581,354.689,70.25666
239.49173,459.88492,594.0993
231.80006,315.14062,119.9252
386.3581,233.22997,1446.6008
104.554405,213.421,1228.7853
1251.8157,387.78207,2915.5325
1584.3048,535.91956,313.35684
2621.5803,251.38576,1619.5098
3.8072066,4404.412,77.67642
4006.851,876.2568,73.099014
149.45984,380.4272,187.31085
184.48192,186.34433,141.71814
278.60602,295.4638,335.76324
392.2134,111.44745,75.61473
489.78876,607.85223,160.28615
1832.7633,369.13788,138.16293
1310.4728,287.4486,132.39445
250.3685,190.82994,269.95898
814.06024,1617.3928,433.90005
414.23392,236.11642,294.70358
150.64833,207.87532,337.04688
692.15564,1078.458,65.043755
51.025696,100.49873,1008.47565
291.0112,2294.822,183.60648
334.83032,217.75993,1541.3761
345.42496,165.10094,3312.7705
125.5841,3796.34,140.90176
2796.4373,213.08112,195.5745
181.74055,336.7328,119.15504
302.65878,392.4913,447.091
525.10956,405.176,2468.9255
278.9362,71.162994,267.14957
60.943005,327.862,136.65411
201.51718,140.4725,426.8148
1431.0996,30.929008,122.81726
57.484158,218.05904,471.4246
168.38808,524.8463,402.09454
205.89519,393.67545,180.53825
512.8755,128.58904,365.47495
345.35413,1024.9968,192.23692
272.44214,246.47075,3906.042
360.43912,4995.98,4264.726
3932.742,89.96547,1273.3107
400.37054,521.132,845.6271
607.3509,88.395905,107.70234
273.99878,458.50607,449.84613
299.4828,87.23339,265.62042
160.74141,250.62788,283.54434
494.5224,181.36513,4483.528
295.16812,92.64775,2757.4927
73.12864,375.20853,359.115
963.08966,577.9935,536.974
2731.3147,1818.2461,1553.5188
637.34314,1116.2457,165.88087
1945.4158,1268.7441,615.9404
146.07742,258.90253,235.33391
123.09256,179.92392,151.35835
254.0809,133.43315,1195.6683
179.49773,54.346867,217.66861
25.779978,65.41877,235.64186
12.411898,741.36,391.5687
65.64711,436.50067,818.6218
1932.3397,1920.1932,162.13353
1092.4446,82.98285,207.8571
654.3803,206.04295,199.37646
1005.07404,349.4498,162.93248
223.45718,320.28625,388.21878
82.998856,78.16992,662.80853
289.40588,572.07635,324.5211
914.7532,304.41248,364.88852
1490.3827,1709.229,290.17117
210.01369,66.39189,285.64294
475.52954,1784.8914,378.04453
202.17537,128.1127,4275.849
562.1781,609.08826,208.74332
448.70853,433.59186,883.0672
230.97113,462.7495,151.53947
685.6315,1748.8073,533.6529
214.66339,552.58246,46.875877
115.29399,288.9089,235.04515
1108.1864,88.44506,537.1201
108.117516,77.75436,241.6626
587.80975,406.23642,112.168304
21.955448,101.56752,405.80344
491.74603,81.72865,348.89517
657.9387,394.3667,271.11935
70.29643,490.22458,2039.2454
83.89143,278.4198,67.614235
74.837456,1086.0677,207.3559
49.948532,824.3526,713.484
83.6193,525.8539,224.38419
61.507782,73.93495,119.843704
2347.765,24.713852,2832.7517
80.597786,67.397896,74.22506
72.02684,538.39386,1608.8904
564.1702,314.75977,87.59192
317.33414,1425.6487,890.0561
170.1345,418.06287,195.45271
3022.1487,263.96588,817.5343
2395.7468,124.177704,614.9052
81.11778,295.26642,1085.2533
40.733704,190.9814,166.85771
107.204765,257.28522,181.15706
441.9938,861.7532,223.2105
170.07353,609.6015,277.68042
524.3909,112.35452,226.0658
147.52277,97.99406,206.09912
71.78342,289.87634,234.80241
83.20335,126.90775,261.2575
2271.7468,61.66862,734.08563
71.28067,163.63033,224.31001
904.6745,237.43866,678.98895
3391.4004,253.58946,106.97424
2992.5022,308.5178,1001.79346
92.33367,183.13081,68.27863
548.1663,1626.5746,198.24503
489.89087,135.26282,2472.1846
83.297676,4264.9805,151.90552
335.2033,401.0135,157.74362
17.191298,114.44098,139.30165
408.6747,3299.5325,76.20325
161.1083,341.879,88.6994
31.676767,4034.936,62.539772
1540.8151,75.92586,113.67793
290.70514,111.782555,222.73589
37.556717,573.82623,2246.3796
41.0955,3477.9531,194.45909
4015.7764,9.759486,654.0763
1354.242,119.06224,354.24213
3018.7712,274.08878,1177.4672
402.95508,246.74432,180.06197
196.4088,134.09706,366.1342
252.02943,179.83952,164.44165
996.1958,243.3606,1509.6741
40.504784,253.04108,97.241394
501.8625,304.57242,492.47815
485.26685,894.7461,496.48267
819.2771,116.42908,70.24344
342.52512,125.20764,234.83055
181.79765,230.37994,127.11771
221.70384,352.72516,111.03872
139.46281,408.65118,259.11853
315.2023,225.559,702.0842
120.899185,154.3642,92.76156
249.31854,121.216484,150.13414
169.76695,233.74275,334.55505
174.32222,552.47375,895.30945
814.1711,785.71576,171.7349
656.901,648.0055,181.22293
900.3266,390.74744,522.07056
200.21881,177.71425,1025.513
168.81189,1580.1207,1521.4886
977.9201,1563.7399,378.84967
936.93243,571.495,555.98883
259.4515,657.2074,125.021484
198.47139,446.66745,256.4394
109.17606,708.6867,236.28731
144.56987,284.94678,943.2146
32.828667,1296.3534,132.45523
100.56046,4572.508,2247.293
731.4402,72.209,350.60556
621.64453,80.72032,393.70892
1044.8254,232.90909,394.7096
29.017952,168.38512,1240.8708
451.04672,419.16623,339.4325
1072.1924,110.42666,146.19228
192.5352,1756.7856,272.2272
582.57367,356.56747,1940.0437
812.1588,41.477,760.1283
226.3517,264.08386,1640.9486
304.92093,226.97768,332.88004
313.0648,161.58736,753.36066
200.37495,443.43344,125.86974
833.37427,291.53467,213.68906
528.7893,383.3482,1576.2858
524.34106,326.97858,756.45807
649.7009,799.47296,969.3375
500.17484,1383.8032,341.42596
97.19298,197.36543,137.3421
678.3025,751.195,222.61736
200.35225,457.04712,3119.2214
272.49887,967.8128,71.8991
152.87486,132.12366,1032.5055
92.350845,170.77861,1405.0583
1365.2042,340.1029,535.14136
127.20668,530.8614,298.22192
85.272224,144.8883,404.36093
98.49305,182.72049,422.15402
68.76159,75.535576,305.18896
450.29965,43.96831,376.7391
689.5077,2031.5271,125.86165
262.326,331.90424,834.37274
42.913273,73.57958,388.16214
31.502686,412.10706,4729.154
2551.4717,4513.1016,484.75452
4523.003,120.912254,125.39214
211.14929,183.69067,254.80652
554.66406,565.6458,168.48883
566.0479,1064.6438,71.67867
140.86913,281.70837,453.02676
1455.2991,797.5007,169.3295
49.998737,221.66103,383.1645
82.2561,433.69055,126.61858
93.19444,383.4026,116.957565
185.37015,414.24417,267.0749
135.05954,387.4589,116.34214
157.84132,536.75525,423.3792
2.215638,586.2773,70.93742
15.219014,1966.6495,71.077255
26.551989,966.1336,87.20427
5.4300876,374.50937,2733.9912
13.078156,2130.415,772.0728
456.66943,5217.355,102.452675
4893.2036,24.417316,525.81305
4731.023,61.148006,376.51077
141.9282,244.34216,27.613966
157.36176,1708.9642,16.750872
2451.2317,12.537671,263.47253
87.06462,348.8621,436.1141
271.78226,251.85257,122.180725
355.77908,657.8607,312.6117
274.69843,352.9528,147.00212
372.1925,228.73883,267.3048
25.354181,212.55585,390.9309
795.706,405.90088,424.79468
969.4878,558.41284,208.75946
262.575,103.480194,1626.522
53.31366,122.70414,169.17282
256.6151,3046.8958,323.96213
