672.97,741.37,754.4,728.67,704.89
704.15,708.1,688.06,667.13,656.97
686.2,686.74,666.79,645.27,635.05
687.55,691.57,705.98,688.97,663.44
686.6,683.13,677.06,666.79,636.04
684.8,716.83,731.47,724.61,687.96
676.75,696.78,714.38,708.64,671.82
674.52,687.94,703.07,697.53,660.05
639.33,638.74,617.25,590.27,565.14
673.71,674.38,658.16,640.41,622.97
672.91,673.54,657.25,639.41,622.0
676.32,676.76,659.61,641.12,624.35
672.39,667.8,646.92,626.51,613.53
673.1,675.52,659.08,633.86,613.64
673.91,683.37,688.33,670.48,637.35
627.53,630.1,627.79,606.65,563.45
634.19,645.62,661.99,674.23,657.59
667.86,698.05,696.37,663.73,630.44
671.67,689.71,672.78,639.55,618.92
668.04,685.75,668.84,635.64,614.96
641.73,667.49,683.55,674.1,633.85
645.0,675.83,688.78,685.33,662.3
644.91,671.15,685.56,682.01,652.51
674.65,709.75,715.53,688.81,647.84
629.56,657.71,673.9,651.55,601.24
655.87,708.52,715.52,690.64,648.96
623.61,649.78,664.72,665.46,658.3
673.58,713.76,721.9,712.13,678.09
674.17,715.22,722.98,716.34,688.09
626.28,657.85,683.15,683.73,667.48
616.63,644.51,679.35,680.93,662.66
684.8,698.42,733.87,721.76,691.88
700.61,738.18,732.02,703.83,673.95
684.07,718.87,725.47,720.27,699.89
634.11,602.87,580.05,559.19,563.65
667.3,686.18,676.46,642.17,618.09
643.56,626.73,612.22,601.94,601.69
661.35,654.06,638.6,619.64,609.43
664.29,662.2,647.97,625.04,611.48
637.09,648.14,659.51,648.33,606.33
634.45,636.94,630.63,616.85,589.67
668.9,663.92,657.79,653.14,636.07
641.51,654.15,669.36,673.12,651.66
636.03,667.37,682.83,683.34,670.92
578.96,646.5,687.17,657.92,616.09
701.19,736.29,721.37,698.78,671.51
685.52,717.08,703.31,679.0,652.9
671.07,686.36,664.62,636.21,617.75
655.54,686.02,660.95,631.18,611.07
667.91,682.29,660.69,632.2,613.56
667.85,682.1,660.44,631.99,613.42
619.73,626.81,612.79,569.72,527.58
623.39,638.3,655.47,630.3,581.75
616.49,581.53,592.04,597.45,601.4
634.3,615.94,613.41,607.82,605.3
606.67,581.8,575.94,565.74,548.3
576.19,511.42,495.68,487.35,486.53
598.25,544.66,512.35,495.72,486.3
673.92,612.48,607.6,582.66,555.27
670.89,654.02,638.96,618.03,615.41
642.08,617.22,571.03,541.2,526.41
641.02,630.56,608.16,590.52,578.96
557.83,508.91,519.43,503.88,487.25
643.73,611.93,585.41,554.95,537.74
644.09,612.36,579.05,545.37,529.83
637.69,602.82,573.12,540.53,523.49
644.24,612.09,576.82,542.66,528.65
645.61,613.45,578.58,544.79,531.31
636.6,600.39,570.23,538.22,523.46
638.98,649.16,663.52,675.26,658.26
663.32,645.61,622.03,604.11,600.12
673.59,682.76,682.92,659.28,629.08
661.01,642.63,628.39,612.29,581.63
635.61,625.25,592.84,571.38,565.72
636.54,634.53,612.21,583.48,549.68
673.4,676.09,659.86,633.62,614.26
675.07,710.16,720.68,708.52,670.34
674.32,704.86,716.78,700.5,660.17
645.65,672.52,687.27,689.88,685.99
674.3,710.32,722.01,719.4,699.92
676.99,712.95,724.48,721.84,702.46
674.29,710.35,722.02,719.37,699.84
674.29,706.67,720.36,716.62,690.24
673.83,683.47,685.74,664.48,632.77
674.09,688.58,699.95,680.43,643.01
677.69,715.2,723.68,709.72,670.66
665.0,654.39,638.03,620.17,610.04
645.42,674.44,685.98,677.4,640.53
671.87,698.3,676.59,639.82,616.63
671.83,697.78,675.63,639.18,616.34
671.78,697.07,674.49,638.35,615.96
669.56,688.19,663.4,630.94,612.89
640.58,665.5,674.45,642.64,591.14
672.16,698.46,679.15,642.12,617.82
672.67,698.84,679.5,642.48,618.19
638.08,667.27,679.6,671.52,635.16
673.99,712.75,713.25,680.27,641.32
644.44,676.15,688.98,686.73,667.26
654.29,680.06,693.71,695.26,685.93
658.75,677.66,694.9,706.55,706.84
677.72,692.85,711.08,718.71,700.6
638.75,643.83,653.51,669.06,657.65
707.41,692.83,685.79,679.13,654.76
676.78,666.59,641.77,603.06,563.36
648.66,643.68,606.69,562.26,535.35
690.18,630.21,581.16,535.99,499.17
647.66,618.52,595.46,565.68,543.23
641.19,607.59,582.58,550.67,527.22
603.05,549.99,508.91,479.04,450.66
596.57,538.46,506.15,487.22,462.9
635.99,606.41,601.47,592.58,569.06
623.48,623.35,614.78,611.77,602.21
673.71,680.44,678.94,672.65,660.41
662.33,644.62,627.46,628.46,636.73
635.53,634.68,613.11,591.15,581.85
674.17,691.99,706.49,696.68,678.23
645.49,677.15,689.95,691.03,690.57
674.97,695.28,713.37,711.06,690.49
671.15,720.75,726.96,726.27,723.21
674.29,712.71,722.54,718.18,697.31
674.28,712.26,722.25,717.16,694.19
644.2,672.75,685.73,686.48,681.06
674.05,711.44,715.5,693.15,657.52
639.88,671.12,684.52,685.43,681.69
674.29,713.81,723.13,720.05,702.78
669.4,716.13,717.33,693.29,655.7
674.13,710.82,714.88,691.1,653.44
629.98,656.08,679.82,672.44,644.62
674.23,714.25,719.0,698.97,659.55
673.11,710.06,709.69,679.15,641.11
673.93,712.39,711.97,677.6,639.18
673.94,712.44,712.04,677.72,639.28
673.94,712.42,712.03,677.7,639.26
673.93,712.25,711.88,677.48,639.09
677.95,714.56,713.6,678.15,640.66
670.24,689.71,666.44,632.98,613.75
654.38,668.17,651.83,626.7,613.78
659.79,656.69,636.14,616.42,607.52
663.81,661.18,640.34,620.5,611.6
641.09,653.45,636.55,616.93,607.85
656.95,648.22,629.68,613.37,606.52
599.62,564.18,547.52,520.28,504.89
634.8,611.85,606.82,603.99,603.6
634.8,611.85,606.82,603.99,603.6
587.72,539.62,520.56,503.62,495.59
625.77,602.86,609.05,606.75,604.88
597.3,567.4,564.41,560.22,557.66
579.99,552.69,556.5,533.4,502.65
607.09,590.08,587.5,579.91,574.8
629.33,610.83,617.38,611.44,606.8
605.18,573.05,567.14,552.06,535.12
600.47,569.38,562.78,545.33,527.54
632.74,617.08,627.06,630.75,621.47
539.33,500.73,522.22,523.36,524.6
585.84,506.2,489.12,466.18,456.78
589.47,527.69,504.39,486.72,463.52
610.91,560.02,533.46,510.2,481.13
605.23,552.18,524.9,508.94,486.61
636.0,607.88,602.09,587.67,559.45
671.28,671.43,651.51,624.14,597.29
671.06,670.93,650.78,623.02,595.01
623.64,608.44,595.71,576.87,545.63
604.8,556.46,514.55,494.18,475.71
648.45,625.8,611.53,602.6,588.89
632.64,603.44,600.86,596.3,580.37
603.65,552.71,515.14,499.42,492.96
636.75,609.51,603.93,601.13,597.46
666.38,663.22,662.92,663.57,660.12
649.73,661.43,653.15,644.58,632.8
635.84,665.71,678.65,679.3,676.09
598.44,593.83,623.77,612.54,579.84
633.73,639.92,660.97,644.43,622.55
633.74,639.88,660.89,644.3,622.48
598.48,589.67,614.07,599.08,563.75
635.25,645.67,668.39,659.24,636.54
596.87,577.57,593.66,585.06,558.59
607.5,620.53,666.23,665.53,635.56
653.73,691.67,705.25,686.18,665.05
635.11,644.92,666.41,652.03,628.07
599.86,602.47,644.39,634.04,594.87
643.21,675.63,697.67,680.86,659.27
605.72,615.75,659.18,651.48,622.1
658.48,694.07,709.82,692.4,670.26
582.06,526.49,508.77,497.77,493.12
620.51,597.26,609.0,609.66,608.53
557.74,498.75,521.66,529.47,526.59
579.81,521.98,510.65,502.13,495.79
610.63,569.53,593.04,602.6,604.23
610.56,569.74,594.32,603.81,604.84
596.17,557.68,557.86,554.82,538.15
615.37,583.34,618.0,629.25,618.6
615.58,583.72,617.79,628.28,617.91
576.32,518.29,522.19,522.97,511.44
619.08,592.28,623.52,629.04,617.36
636.13,628.45,646.02,640.69,622.61
644.24,644.94,657.25,647.44,627.58
660.79,668.58,667.86,648.83,625.35
645.03,670.82,685.18,681.0,656.06
674.1,709.93,720.01,708.49,674.04
627.05,648.02,677.58,669.35,630.84
673.42,707.8,709.96,676.94,638.56
624.01,649.88,677.43,668.71,626.8
667.14,700.47,703.39,677.97,644.04
657.0,682.96,680.25,647.57,621.44
657.69,683.8,680.66,647.76,621.5
669.08,698.22,691.41,655.31,625.12
670.52,700.58,693.59,656.86,625.78
643.64,672.35,687.44,684.2,659.81
677.03,715.91,720.82,698.98,659.92
673.73,711.48,716.81,694.61,655.62
673.51,709.42,712.3,686.28,648.7
669.52,694.71,686.95,650.91,622.6
602.41,598.01,617.23,588.65,546.18
631.08,616.99,618.73,610.27,605.77
632.04,617.17,617.36,609.29,605.37
648.33,646.93,633.72,615.72,607.37
597.12,577.13,575.2,541.71,513.41
637.81,641.22,641.3,621.18,609.58
600.22,592.58,611.38,580.03,538.25
638.14,645.12,658.0,635.92,618.77
630.2,624.77,638.88,623.79,611.45
612.27,569.64,583.23,594.65,600.58
612.18,569.42,583.04,594.56,600.55
612.14,569.34,582.97,594.52,600.53
594.72,559.89,546.1,519.27,503.36
620.02,593.48,606.84,606.87,605.0
584.5,537.54,525.32,509.68,498.59
598.44,597.51,623.9,591.91,545.34
596.47,585.71,606.47,587.69,552.42
637.44,650.28,669.23,649.39,626.2
597.65,591.68,616.95,599.7,563.27
637.27,653.13,670.5,649.47,626.42
600.05,607.87,652.46,641.84,607.81
600.99,612.24,665.6,667.19,641.36
645.03,685.72,707.5,689.18,671.52
644.73,685.26,707.27,688.98,671.35
641.28,678.43,701.33,683.85,666.81
603.92,610.18,654.52,645.6,615.12
638.91,665.16,685.71,672.79,654.96
633.54,638.09,663.66,661.2,643.39
637.17,656.42,676.76,669.77,653.06
627.25,616.94,632.36,620.6,610.21
601.98,590.82,611.46,591.62,554.97
624.99,634.3,655.18,642.48,623.3
633.42,635.75,657.73,644.39,623.13
627.2,614.18,638.77,629.46,616.74
624.99,609.97,627.76,619.25,610.21
630.1,647.61,663.23,643.95,594.79
612.57,618.95,638.54,620.61,579.8
664.6,687.19,688.43,668.45,639.86
585.73,544.53,545.23,532.45,512.78
635.76,639.58,655.29,636.37,617.65
636.7,641.97,657.07,637.54,618.21
639.42,648.06,662.74,642.58,622.66
597.02,581.68,597.69,575.68,540.56
598.62,594.99,621.61,592.92,547.4
583.19,546.21,533.39,504.49,483.44
634.12,607.47,597.08,595.44,599.71
633.85,607.0,596.82,595.38,599.76
587.23,531.34,505.13,492.2,490.45
616.56,574.0,578.3,587.22,596.8
615.89,571.33,575.05,584.82,595.67
620.46,578.64,582.17,590.91,600.65
625.22,592.59,591.78,594.62,599.8
636.61,613.46,605.75,602.2,602.83
636.56,613.36,605.62,602.1,602.77
600.5,568.67,557.85,535.69,515.0
610.37,566.1,586.36,596.96,601.81
614.41,572.07,593.1,603.45,607.11
665.67,687.9,679.42,647.69,623.73
597.73,584.89,596.53,564.85,527.81
529.99,488.91,508.28,513.61,516.48
628.6,587.29,574.97,581.04,594.53
657.45,627.11,603.47,602.48,609.58
611.73,575.3,528.76,501.18,495.27
650.96,626.68,605.15,598.87,601.11
650.77,626.42,604.87,598.56,600.81
634.04,637.99,632.64,606.83,564.03
623.44,626.48,627.24,599.35,557.74
