71.3,167.733333,204.833333,1507.366667,36.6,581.366667,1025.466667,4537.883333,214.433333,182.433333,
167.733333,204.833333,1507.366667,36.6,581.366667,1025.466667,4537.883333,214.433333,182.433333,22.066667,
204.833333,1507.366667,36.6,581.366667,1025.466667,4537.883333,214.433333,182.433333,22.066667,312.233333,
1507.366667,36.6,581.366667,1025.466667,4537.883333,214.433333,182.433333,22.066667,312.233333,211.2,
36.6,581.366667,1025.466667,4537.883333,214.433333,182.433333,22.066667,312.233333,211.2,725.733333,
581.366667,1025.466667,4537.883333,214.433333,182.433333,22.066667,312.233333,211.2,725.733333,342.483333,
1025.466667,4537.883333,214.433333,182.433333,22.066667,312.233333,211.2,725.733333,342.483333,238.6,
4537.883333,214.433333,182.433333,22.066667,312.233333,211.2,725.733333,342.483333,238.6,1684.166667,
214.433333,182.433333,22.066667,312.233333,211.2,725.733333,342.483333,238.6,1684.166667,130.083333,
182.433333,22.066667,312.233333,211.2,725.733333,342.483333,238.6,1684.166667,130.083333,1838.716667,
22.066667,312.233333,211.2,725.733333,342.483333,238.6,1684.166667,130.083333,1838.716667,288.75,
312.233333,211.2,725.733333,342.483333,238.6,1684.166667,130.083333,1838.716667,288.75,1910.166667,
211.2,725.733333,342.483333,238.6,1684.166667,130.083333,1838.716667,288.75,1910.166667,2405.116667,
725.733333,342.483333,238.6,1684.166667,130.083333,1838.716667,288.75,1910.166667,2405.116667,88.416667,
342.483333,238.6,1684.166667,130.083333,1838.716667,288.75,1910.166667,2405.116667,88.416667,32.1,
238.6,1684.166667,130.083333,1838.716667,288.75,1910.166667,2405.116667,88.416667,32.1,129.083333,
1684.166667,130.083333,1838.716667,288.75,1910.166667,2405.116667,88.416667,32.1,129.083333,420.75,
130.083333,1838.716667,288.75,1910.166667,2405.116667,88.416667,32.1,129.083333,420.75,185.983333,
1838.716667,288.75,1910.166667,2405.116667,88.416667,32.1,129.083333,420.75,185.983333,132.533333,
288.75,1910.166667,2405.116667,88.416667,32.1,129.083333,420.75,185.983333,132.533333,70.216667,
1910.166667,2405.116667,88.416667,32.1,129.083333,420.75,185.983333,132.533333,70.216667,405.4,
2405.116667,88.416667,32.1,129.083333,420.75,185.983333,132.533333,70.216667,405.4,178.55,
88.416667,32.1,129.083333,420.75,185.983333,132.533333,70.216667,405.4,178.55,173.366667,
32.1,129.083333,420.75,185.983333,132.533333,70.216667,405.4,178.55,173.366667,7141.166667,
129.083333,420.75,185.983333,132.533333,70.216667,405.4,178.55,173.366667,7141.166667,138.233333,
420.75,185.983333,132.533333,70.216667,405.4,178.55,173.366667,7141.166667,138.233333,1438.85,
185.983333,132.533333,70.216667,405.4,178.55,173.366667,7141.166667,138.233333,1438.85,1080.433333,
132.533333,70.216667,405.4,178.55,173.366667,7141.166667,138.233333,1438.85,1080.433333,582.016667,
70.216667,405.4,178.55,173.366667,7141.166667,138.233333,1438.85,1080.433333,582.016667,96.583333,
405.4,178.55,173.366667,7141.166667,138.233333,1438.85,1080.433333,582.016667,96.583333,508.8,
178.55,173.366667,7141.166667,138.233333,1438.85,1080.433333,582.016667,96.583333,508.8,86.783333,
173.366667,7141.166667,138.233333,1438.85,1080.433333,582.016667,96.583333,508.8,86.783333,189.783333,
7141.166667,138.233333,1438.85,1080.433333,582.016667,96.583333,508.8,86.783333,189.783333,117.966667,
138.233333,1438.85,1080.433333,582.016667,96.583333,508.8,86.783333,189.783333,117.966667,19.583333,
1438.85,1080.433333,582.016667,96.583333,508.8,86.783333,189.783333,117.966667,19.583333,17.533333,
1080.433333,582.016667,96.583333,508.8,86.783333,189.783333,117.966667,19.583333,17.533333,114.366667,
582.016667,96.583333,508.8,86.783333,189.783333,117.966667,19.583333,17.533333,114.366667,1780.55,
96.583333,508.8,86.783333,189.783333,117.966667,19.583333,17.533333,114.366667,1780.55,98.183333,
508.8,86.783333,189.783333,117.966667,19.583333,17.533333,114.366667,1780.55,98.183333,5756.516667,
86.783333,189.783333,117.966667,19.583333,17.533333,114.366667,1780.55,98.183333,5756.516667,3464.666667,
189.783333,117.966667,19.583333,17.533333,114.366667,1780.55,98.183333,5756.516667,3464.666667,601.75,
117.966667,19.583333,17.533333,114.366667,1780.55,98.183333,5756.516667,3464.666667,601.75,333.3,
19.583333,17.533333,114.366667,1780.55,98.183333,5756.516667,3464.666667,601.75,333.3,1663.6,
17.533333,114.366667,1780.55,98.183333,5756.516667,3464.666667,601.75,333.3,1663.6,218.1,
114.366667,1780.55,98.183333,5756.516667,3464.666667,601.75,333.3,1663.6,218.1,746.35,
1780.55,98.183333,5756.516667,3464.666667,601.75,333.3,1663.6,218.1,746.35,3028.5,
98.183333,5756.516667,3464.666667,601.75,333.3,1663.6,218.1,746.35,3028.5,6877.166667,
5756.516667,3464.666667,601.75,333.3,1663.6,218.1,746.35,3028.5,6877.166667,2263.65,
3464.666667,601.75,333.3,1663.6,218.1,746.35,3028.5,6877.166667,2263.65,455.466667,
601.75,333.3,1663.6,218.1,746.35,3028.5,6877.166667,2263.65,455.466667,190.716667,
333.3,1663.6,218.1,746.35,3028.5,6877.166667,2263.65,455.466667,190.716667,241.966667,
1663.6,218.1,746.35,3028.5,6877.166667,2263.65,455.466667,190.716667,241.966667,499.95,
218.1,746.35,3028.5,6877.166667,2263.65,455.466667,190.716667,241.966667,499.95,81.033333,
746.35,3028.5,6877.166667,2263.65,455.466667,190.716667,241.966667,499.95,81.033333,575.1,
3028.5,6877.166667,2263.65,455.466667,190.716667,241.966667,499.95,81.033333,575.1,407.566667,
6877.166667,2263.65,455.466667,190.716667,241.966667,499.95,81.033333,575.1,407.566667,2673.75,
2263.65,455.466667,190.716667,241.966667,499.95,81.033333,575.1,407.566667,2673.75,205.8,
455.466667,190.716667,241.966667,499.95,81.033333,575.1,407.566667,2673.75,205.8,838.5,
190.716667,241.966667,499.95,81.033333,575.1,407.566667,2673.75,205.8,838.5,1672.483333,
241.966667,499.95,81.033333,575.1,407.566667,2673.75,205.8,838.5,1672.483333,4686.35,
499.95,81.033333,575.1,407.566667,2673.75,205.8,838.5,1672.483333,4686.35,1551.683333,
532.416667,259.266667,16.766667,152.683333,80.55,70.05,1507.366667,4927.833333,113.15,3804.833333,
259.266667,16.766667,152.683333,80.55,70.05,1507.366667,4927.833333,113.15,3804.833333,3975.05,
16.766667,152.683333,80.55,70.05,1507.366667,4927.833333,113.15,3804.833333,3975.05,1015.45,
152.683333,80.55,70.05,1507.366667,4927.833333,113.15,3804.833333,3975.05,1015.45,40.983333,
80.55,70.05,1507.366667,4927.833333,113.15,3804.833333,3975.05,1015.45,40.983333,296.083333,
70.05,1507.366667,4927.833333,113.15,3804.833333,3975.05,1015.45,40.983333,296.083333,9.6,
1507.366667,4927.833333,113.15,3804.833333,3975.05,1015.45,40.983333,296.083333,9.6,9.3,
4927.833333,113.15,3804.833333,3975.05,1015.45,40.983333,296.083333,9.6,9.3,108.633333,
113.15,3804.833333,3975.05,1015.45,40.983333,296.083333,9.6,9.3,108.633333,788.4,
3804.833333,3975.05,1015.45,40.983333,296.083333,9.6,9.3,108.633333,788.4,13.733333,
3975.05,1015.45,40.983333,296.083333,9.6,9.3,108.633333,788.4,13.733333,48.566667,
1015.45,40.983333,296.083333,9.6,9.3,108.633333,788.4,13.733333,48.566667,102.033333,
40.983333,296.083333,9.6,9.3,108.633333,788.4,13.733333,48.566667,102.033333,153.066667,
296.083333,9.6,9.3,108.633333,788.4,13.733333,48.566667,102.033333,153.066667,98.033333,
9.6,9.3,108.633333,788.4,13.733333,48.566667,102.033333,153.066667,98.033333,136.683333,
9.3,108.633333,788.4,13.733333,48.566667,102.033333,153.066667,98.033333,136.683333,154.8,
108.633333,788.4,13.733333,48.566667,102.033333,153.066667,98.033333,136.683333,154.8,41.75,
788.4,13.733333,48.566667,102.033333,153.066667,98.033333,136.683333,154.8,41.75,94.833333,
13.733333,48.566667,102.033333,153.066667,98.033333,136.683333,154.8,41.75,94.833333,122.05,
48.566667,102.033333,153.066667,98.033333,136.683333,154.8,41.75,94.833333,122.05,420.75,
102.033333,153.066667,98.033333,136.683333,154.8,41.75,94.833333,122.05,420.75,455.0,
153.066667,98.033333,136.683333,154.8,41.75,94.833333,122.05,420.75,455.0,98.033333,
98.033333,136.683333,154.8,41.75,94.833333,122.05,420.75,455.0,98.033333,113.55,
136.683333,154.8,41.75,94.833333,122.05,420.75,455.0,98.033333,113.55,86.75,
154.8,41.75,94.833333,122.05,420.75,455.0,98.033333,113.55,86.75,289.133333,
41.75,94.833333,122.05,420.75,455.0,98.033333,113.55,86.75,289.133333,133.033333,
94.833333,122.05,420.75,455.0,98.033333,113.55,86.75,289.133333,133.033333,50.0,
122.05,420.75,455.0,98.033333,113.55,86.75,289.133333,133.033333,50.0,41.25,
420.75,455.0,98.033333,113.55,86.75,289.133333,133.033333,50.0,41.25,2748.833333,
455.0,98.033333,113.55,86.75,289.133333,133.033333,50.0,41.25,2748.833333,108.566667,
98.033333,113.55,86.75,289.133333,133.033333,50.0,41.25,2748.833333,108.566667,91.016667,
113.55,86.75,289.133333,133.033333,50.0,41.25,2748.833333,108.566667,91.016667,117.816667,
86.75,289.133333,133.033333,50.0,41.25,2748.833333,108.566667,91.016667,117.816667,192.25,
289.133333,133.033333,50.0,41.25,2748.833333,108.566667,91.016667,117.816667,192.25,42.35,
133.033333,50.0,41.25,2748.833333,108.566667,91.016667,117.816667,192.25,42.35,5715.65,
50.0,41.25,2748.833333,108.566667,91.016667,117.816667,192.25,42.35,5715.65,851.75,
41.25,2748.833333,108.566667,91.016667,117.816667,192.25,42.35,5715.65,851.75,399.95,
2748.833333,108.566667,91.016667,117.816667,192.25,42.35,5715.65,851.75,399.95,145.733333,
108.566667,91.016667,117.816667,192.25,42.35,5715.65,851.75,399.95,145.733333,49.766667,
91.016667,117.816667,192.25,42.35,5715.65,851.75,399.95,145.733333,49.766667,951.666667,
117.816667,192.25,42.35,5715.65,851.75,399.95,145.733333,49.766667,951.666667,254.933333,
192.25,42.35,5715.65,851.75,399.95,145.733333,49.766667,951.666667,254.933333,38.916667,
42.35,5715.65,851.75,399.95,145.733333,49.766667,951.666667,254.933333,38.916667,83.3,
5715.65,851.75,399.95,145.733333,49.766667,951.666667,254.933333,38.916667,83.3,103.883333,
851.75,399.95,145.733333,49.766667,951.666667,254.933333,38.916667,83.3,103.883333,123.183333,
399.95,145.733333,49.766667,951.666667,254.933333,38.916667,83.3,103.883333,123.183333,911.966667,
145.733333,49.766667,951.666667,254.933333,38.916667,83.3,103.883333,123.183333,911.966667,96.0,
49.766667,951.666667,254.933333,38.916667,83.3,103.883333,123.183333,911.966667,96.0,65.3,
951.666667,254.933333,38.916667,83.3,103.883333,123.183333,911.966667,96.0,65.3,845.316667,
254.933333,38.916667,83.3,103.883333,123.183333,911.966667,96.0,65.3,845.316667,88.75,
38.916667,83.3,103.883333,123.183333,911.966667,96.0,65.3,845.316667,88.75,182.716667,
83.3,103.883333,123.183333,911.966667,96.0,65.3,845.316667,88.75,182.716667,1037.583333,
103.883333,123.183333,911.966667,96.0,65.3,845.316667,88.75,182.716667,1037.583333,112.916667,
123.183333,911.966667,96.0,65.3,845.316667,88.75,182.716667,1037.583333,112.916667,5483.616667,
911.966667,96.0,65.3,845.316667,88.75,182.716667,1037.583333,112.916667,5483.616667,136.6,
96.0,65.3,845.316667,88.75,182.716667,1037.583333,112.916667,5483.616667,136.6,6890.733333,
84.033333,6076.533333,120.3,780.583333,76.733333,1620.983333,159.35,273.8,103.516667,1094.033333,
6076.533333,120.3,780.583333,76.733333,1620.983333,159.35,273.8,103.516667,1094.033333,367.4,
120.3,780.583333,76.733333,1620.983333,159.35,273.8,103.516667,1094.033333,367.4,64.55,
780.583333,76.733333,1620.983333,159.35,273.8,103.516667,1094.033333,367.4,64.55,5899.783333,
76.733333,1620.983333,159.35,273.8,103.516667,1094.033333,367.4,64.55,5899.783333,202.25,
1620.983333,159.35,273.8,103.516667,1094.033333,367.4,64.55,5899.783333,202.25,267.05,
159.35,273.8,103.516667,1094.033333,367.4,64.55,5899.783333,202.25,267.05,187.666667,
273.8,103.516667,1094.033333,367.4,64.55,5899.783333,202.25,267.05,187.666667,139.116667,
103.516667,1094.033333,367.4,64.55,5899.783333,202.25,267.05,187.666667,139.116667,2940.383333,
1094.033333,367.4,64.55,5899.783333,202.25,267.05,187.666667,139.116667,2940.383333,3975.05,
367.4,64.55,5899.783333,202.25,267.05,187.666667,139.116667,2940.383333,3975.05,89.35,
64.55,5899.783333,202.25,267.05,187.666667,139.116667,2940.383333,3975.05,89.35,269.616667,
5899.783333,202.25,267.05,187.666667,139.116667,2940.383333,3975.05,89.35,269.616667,95.05,
202.25,267.05,187.666667,139.116667,2940.383333,3975.05,89.35,269.616667,95.05,109.666667,
267.05,187.666667,139.116667,2940.383333,3975.05,89.35,269.616667,95.05,109.666667,448.25,
187.666667,139.116667,2940.383333,3975.05,89.35,269.616667,95.05,109.666667,448.25,111.016667,
139.116667,2940.383333,3975.05,89.35,269.616667,95.05,109.666667,448.25,111.016667,1374.516667,
2940.383333,3975.05,89.35,269.616667,95.05,109.666667,448.25,111.016667,1374.516667,266.116667,
3975.05,89.35,269.616667,95.05,109.666667,448.25,111.016667,1374.516667,266.116667,327.25,
89.35,269.616667,95.05,109.666667,448.25,111.016667,1374.516667,266.116667,327.25,143.733333,
269.616667,95.05,109.666667,448.25,111.016667,1374.516667,266.116667,327.25,143.733333,587.616667,
95.05,109.666667,448.25,111.016667,1374.516667,266.116667,327.25,143.733333,587.616667,28.25,
109.666667,448.25,111.016667,1374.516667,266.116667,327.25,143.733333,587.616667,28.25,525.133333,
448.25,111.016667,1374.516667,266.116667,327.25,143.733333,587.616667,28.25,525.133333,105.316667,
111.016667,1374.516667,266.116667,327.25,143.733333,587.616667,28.25,525.133333,105.316667,684.9,
1374.516667,266.116667,327.25,143.733333,587.616667,28.25,525.133333,105.316667,684.9,205.95,
266.116667,327.25,143.733333,587.616667,28.25,525.133333,105.316667,684.9,205.95,249.216667,
327.25,143.733333,587.616667,28.25,525.133333,105.316667,684.9,205.95,249.216667,1139.266667,
143.733333,587.616667,28.25,525.133333,105.316667,684.9,205.95,249.216667,1139.266667,146.833333,
587.616667,28.25,525.133333,105.316667,684.9,205.95,249.216667,1139.266667,146.833333,531.4,
28.25,525.133333,105.316667,684.9,205.95,249.216667,1139.266667,146.833333,531.4,1390.216667,
525.133333,105.316667,684.9,205.95,249.216667,1139.266667,146.833333,531.4,1390.216667,82.35,
105.316667,684.9,205.95,249.216667,1139.266667,146.833333,531.4,1390.216667,82.35,110.983333,
684.9,205.95,249.216667,1139.266667,146.833333,531.4,1390.216667,82.35,110.983333,125.4,
205.95,249.216667,1139.266667,146.833333,531.4,1390.216667,82.35,110.983333,125.4,30.55,
249.216667,1139.266667,146.833333,531.4,1390.216667,82.35,110.983333,125.4,30.55,216.45,
1139.266667,146.833333,531.4,1390.216667,82.35,110.983333,125.4,30.55,216.45,117.816667,
146.833333,531.4,1390.216667,82.35,110.983333,125.4,30.55,216.45,117.816667,103.966667,
531.4,1390.216667,82.35,110.983333,125.4,30.55,216.45,117.816667,103.966667,69.1,
1390.216667,82.35,110.983333,125.4,30.55,216.45,117.816667,103.966667,69.1,283.8,
82.35,110.983333,125.4,30.55,216.45,117.816667,103.966667,69.1,283.8,136.016667,
110.983333,125.4,30.55,216.45,117.816667,103.966667,69.1,283.8,136.016667,193.616667,
125.4,30.55,216.45,117.816667,103.966667,69.1,283.8,136.016667,193.616667,784.7,
30.55,216.45,117.816667,103.966667,69.1,283.8,136.016667,193.616667,784.7,57.766667,
216.45,117.816667,103.966667,69.1,283.8,136.016667,193.616667,784.7,57.766667,219.583333,
117.816667,103.966667,69.1,283.8,136.016667,193.616667,784.7,57.766667,219.583333,6829.366667,
103.966667,69.1,283.8,136.016667,193.616667,784.7,57.766667,219.583333,6829.366667,86.916667,
69.1,283.8,136.016667,193.616667,784.7,57.766667,219.583333,6829.366667,86.916667,26.6,
283.8,136.016667,193.616667,784.7,57.766667,219.583333,6829.366667,86.916667,26.6,47.05,
136.016667,193.616667,784.7,57.766667,219.583333,6829.366667,86.916667,26.6,47.05,741.316667,
141.433333,164.766667,163.95,207.083333,178.25,1031.9,57.783333,171.3,103.516667,548.583333,
164.766667,163.95,207.083333,178.25,1031.9,57.783333,171.3,103.516667,548.583333,1024.833333,
163.95,207.083333,178.25,1031.9,57.783333,171.3,103.516667,548.583333,1024.833333,136.016667,
207.083333,178.25,1031.9,57.783333,171.3,103.516667,548.583333,1024.833333,136.016667,113.666667,
178.25,1031.9,57.783333,171.3,103.516667,548.583333,1024.833333,136.016667,113.666667,1530.966667,
1031.9,57.783333,171.3,103.516667,548.583333,1024.833333,136.016667,113.666667,1530.966667,251.35,
57.783333,171.3,103.516667,548.583333,1024.833333,136.016667,113.666667,1530.966667,251.35,60.283333,
171.3,103.516667,548.583333,1024.833333,136.016667,113.666667,1530.966667,251.35,60.283333,341.116667,
103.516667,548.583333,1024.833333,136.016667,113.666667,1530.966667,251.35,60.283333,341.116667,906.666667,
548.583333,1024.833333,136.016667,113.666667,1530.966667,251.35,60.283333,341.116667,906.666667,153.6,
1024.833333,136.016667,113.666667,1530.966667,251.35,60.283333,341.116667,906.666667,153.6,174.5,
136.016667,113.666667,1530.966667,251.35,60.283333,341.116667,906.666667,153.6,174.5,826.883333,
113.666667,1530.966667,251.35,60.283333,341.116667,906.666667,153.6,174.5,826.883333,91.95,
1530.966667,251.35,60.283333,341.116667,906.666667,153.6,174.5,826.883333,91.95,109.1,
251.35,60.283333,341.116667,906.666667,153.6,174.5,826.883333,91.95,109.1,86.783333,
60.283333,341.116667,906.666667,153.6,174.5,826.883333,91.95,109.1,86.783333,155.05,
341.116667,906.666667,153.6,174.5,826.883333,91.95,109.1,86.783333,155.05,874.733333,
906.666667,153.6,174.5,826.883333,91.95,109.1,86.783333,155.05,874.733333,82.033333,
153.6,174.5,826.883333,91.95,109.1,86.783333,155.05,874.733333,82.033333,92.433333,
174.5,826.883333,91.95,109.1,86.783333,155.05,874.733333,82.033333,92.433333,289.0,
826.883333,91.95,109.1,86.783333,155.05,874.733333,82.033333,92.433333,289.0,193.916667,
91.95,109.1,86.783333,155.05,874.733333,82.033333,92.433333,289.0,193.916667,91.283333,
109.1,86.783333,155.05,874.733333,82.033333,92.433333,289.0,193.916667,91.283333,156.65,
86.783333,155.05,874.733333,82.033333,92.433333,289.0,193.916667,91.283333,156.65,1206.466667,
155.05,874.733333,82.033333,92.433333,289.0,193.916667,91.283333,156.65,1206.466667,370.733333,
874.733333,82.033333,92.433333,289.0,193.916667,91.283333,156.65,1206.466667,370.733333,414.166667,
82.033333,92.433333,289.0,193.916667,91.283333,156.65,1206.466667,370.733333,414.166667,162.766667,
92.433333,289.0,193.916667,91.283333,156.65,1206.466667,370.733333,414.166667,162.766667,157.6,
289.0,193.916667,91.283333,156.65,1206.466667,370.733333,414.166667,162.766667,157.6,71.466667,
193.916667,91.283333,156.65,1206.466667,370.733333,414.166667,162.766667,157.6,71.466667,374.066667,
91.283333,156.65,1206.466667,370.733333,414.166667,162.766667,157.6,71.466667,374.066667,59.383333,
156.65,1206.466667,370.733333,414.166667,162.766667,157.6,71.466667,374.066667,59.383333,539.75,
1206.466667,370.733333,414.166667,162.766667,157.6,71.466667,374.066667,59.383333,539.75,107.583333,
370.733333,414.166667,162.766667,157.6,71.466667,374.066667,59.383333,539.75,107.583333,289.166667,
414.166667,162.766667,157.6,71.466667,374.066667,59.383333,539.75,107.583333,289.166667,350.083333,
162.766667,157.6,71.466667,374.066667,59.383333,539.75,107.583333,289.166667,350.083333,159.866667,
157.6,71.466667,374.066667,59.383333,539.75,107.583333,289.166667,350.083333,159.866667,266.116667,
71.466667,374.066667,59.383333,539.75,107.583333,289.166667,350.083333,159.866667,266.116667,320.633333,
374.066667,59.383333,539.75,107.583333,289.166667,350.083333,159.866667,266.116667,320.633333,326.916667,
59.383333,539.75,107.583333,289.166667,350.083333,159.866667,266.116667,320.633333,326.916667,189.6,
539.75,107.583333,289.166667,350.083333,159.866667,266.116667,320.633333,326.916667,189.6,81.033333,
107.583333,289.166667,350.083333,159.866667,266.116667,320.633333,326.916667,189.6,81.033333,1223.366667,
289.166667,350.083333,159.866667,266.116667,320.633333,326.916667,189.6,81.033333,1223.366667,124.566667,
350.083333,159.866667,266.116667,320.633333,326.916667,189.6,81.033333,1223.366667,124.566667,127.116667,
159.866667,266.116667,320.633333,326.916667,189.6,81.033333,1223.366667,124.566667,127.116667,259.65,
266.116667,320.633333,326.916667,189.6,81.033333,1223.366667,124.566667,127.116667,259.65,254.683333,
320.633333,326.916667,189.6,81.033333,1223.366667,124.566667,127.116667,259.65,254.683333,217.466667,
326.916667,189.6,81.033333,1223.366667,124.566667,127.116667,259.65,254.683333,217.466667,213.483333,
189.6,81.033333,1223.366667,124.566667,127.116667,259.65,254.683333,217.466667,213.483333,192.433333,
81.033333,1223.366667,124.566667,127.116667,259.65,254.683333,217.466667,213.483333,192.433333,444.883333,
1223.366667,124.566667,127.116667,259.65,254.683333,217.466667,213.483333,192.433333,444.883333,154.916667,
118.0,173.45,46.933333,47.466667,581.3,36.55,132.316667,122.816667,199.55,38.95,
173.45,46.933333,47.466667,581.3,36.55,132.316667,122.816667,199.55,38.95,47.216667,
46.933333,47.466667,581.3,36.55,132.316667,122.816667,199.55,38.95,47.216667,163.416667,
47.466667,581.3,36.55,132.316667,122.816667,199.55,38.95,47.216667,163.416667,51.45,
581.3,36.55,132.316667,122.816667,199.55,38.95,47.216667,163.416667,51.45,429.016667,
36.55,132.316667,122.816667,199.55,38.95,47.216667,163.416667,51.45,429.016667,5874.533333,
132.316667,122.816667,199.55,38.95,47.216667,163.416667,51.45,429.016667,5874.533333,479.9,
122.816667,199.55,38.95,47.216667,163.416667,51.45,429.016667,5874.533333,479.9,80.55,
199.55,38.95,47.216667,163.416667,51.45,429.016667,5874.533333,479.9,80.55,79.65,
38.95,47.216667,163.416667,51.45,429.016667,5874.533333,479.9,80.55,79.65,48.6,
47.216667,163.416667,51.45,429.016667,5874.533333,479.9,80.55,79.65,48.6,965.983333,
163.416667,51.45,429.016667,5874.533333,479.9,80.55,79.65,48.6,965.983333,2383.416667,
51.45,429.016667,5874.533333,479.9,80.55,79.65,48.6,965.983333,2383.416667,66.466667,
429.016667,5874.533333,479.9,80.55,79.65,48.6,965.983333,2383.416667,66.466667,18.45,
5874.533333,479.9,80.55,79.65,48.6,965.983333,2383.416667,66.466667,18.45,70.033333,
479.9,80.55,79.65,48.6,965.983333,2383.416667,66.466667,18.45,70.033333,7.766667,
80.55,79.65,48.6,965.983333,2383.416667,66.466667,18.45,70.033333,7.766667,552.016667,
79.65,48.6,965.983333,2383.416667,66.466667,18.45,70.033333,7.766667,552.016667,44.216667,
48.6,965.983333,2383.416667,66.466667,18.45,70.033333,7.766667,552.016667,44.216667,1338.083333,
965.983333,2383.416667,66.466667,18.45,70.033333,7.766667,552.016667,44.216667,1338.083333,321.6,
2383.416667,66.466667,18.45,70.033333,7.766667,552.016667,44.216667,1338.083333,321.6,140.1,
66.466667,18.45,70.033333,7.766667,552.016667,44.216667,1338.083333,321.6,140.1,155.8,
18.45,70.033333,7.766667,552.016667,44.216667,1338.083333,321.6,140.1,155.8,718.316667,
70.033333,7.766667,552.016667,44.216667,1338.083333,321.6,140.1,155.8,718.316667,1536.283333,
7.766667,552.016667,44.216667,1338.083333,321.6,140.1,155.8,718.316667,1536.283333,138.483333,
552.016667,44.216667,1338.083333,321.6,140.1,155.8,718.316667,1536.283333,138.483333,69.183333,
44.216667,1338.083333,321.6,140.1,155.8,718.316667,1536.283333,138.483333,69.183333,114.283333,
1338.083333,321.6,140.1,155.8,718.316667,1536.283333,138.483333,69.183333,114.283333,135.866667,
321.6,140.1,155.8,718.316667,1536.283333,138.483333,69.183333,114.283333,135.866667,128.433333,
140.1,155.8,718.316667,1536.283333,138.483333,69.183333,114.283333,135.866667,128.433333,2255.016667,
155.8,718.316667,1536.283333,138.483333,69.183333,114.283333,135.866667,128.433333,2255.016667,71.566667,
718.316667,1536.283333,138.483333,69.183333,114.283333,135.866667,128.433333,2255.016667,71.566667,86.4,
1536.283333,138.483333,69.183333,114.283333,135.866667,128.433333,2255.016667,71.566667,86.4,721.183333,
138.483333,69.183333,114.283333,135.866667,128.433333,2255.016667,71.566667,86.4,721.183333,392.366667,
69.183333,114.283333,135.866667,128.433333,2255.016667,71.566667,86.4,721.183333,392.366667,4127.716667,
114.283333,135.866667,128.433333,2255.016667,71.566667,86.4,721.183333,392.366667,4127.716667,1375.3,
135.866667,128.433333,2255.016667,71.566667,86.4,721.183333,392.366667,4127.716667,1375.3,437.65,
128.433333,2255.016667,71.566667,86.4,721.183333,392.366667,4127.716667,1375.3,437.65,891.783333,
2255.016667,71.566667,86.4,721.183333,392.366667,4127.716667,1375.3,437.65,891.783333,1365.783333,
71.566667,86.4,721.183333,392.366667,4127.716667,1375.3,437.65,891.783333,1365.783333,164.766667,
86.4,721.183333,392.366667,4127.716667,1375.3,437.65,891.783333,1365.783333,164.766667,1093.25,
721.183333,392.366667,4127.716667,1375.3,437.65,891.783333,1365.783333,164.766667,1093.25,1023.283333,
392.366667,4127.716667,1375.3,437.65,891.783333,1365.783333,164.766667,1093.25,1023.283333,39.083333,
4127.716667,1375.3,437.65,891.783333,1365.783333,164.766667,1093.25,1023.283333,39.083333,1295.266667,
1375.3,437.65,891.783333,1365.783333,164.766667,1093.25,1023.283333,39.083333,1295.266667,127.016667,
437.65,891.783333,1365.783333,164.766667,1093.25,1023.283333,39.083333,1295.266667,127.016667,2730.833333,
891.783333,1365.783333,164.766667,1093.25,1023.283333,39.083333,1295.266667,127.016667,2730.833333,85.8,
1365.783333,164.766667,1093.25,1023.283333,39.083333,1295.266667,127.016667,2730.833333,85.8,7214.633333,
164.766667,1093.25,1023.283333,39.083333,1295.266667,127.016667,2730.833333,85.8,7214.633333,378.766667,
1093.25,1023.283333,39.083333,1295.266667,127.016667,2730.833333,85.8,7214.633333,378.766667,3873.766667,
1023.283333,39.083333,1295.266667,127.016667,2730.833333,85.8,7214.633333,378.766667,3873.766667,81.233333,
39.083333,1295.266667,127.016667,2730.833333,85.8,7214.633333,378.766667,3873.766667,81.233333,117.4,
1295.266667,127.016667,2730.833333,85.8,7214.633333,378.766667,3873.766667,81.233333,117.4,160.316667,
127.016667,2730.833333,85.8,7214.633333,378.766667,3873.766667,81.233333,117.4,160.316667,557.1,
2730.833333,85.8,7214.633333,378.766667,3873.766667,81.233333,117.4,160.316667,557.1,195.183333,
85.8,7214.633333,378.766667,3873.766667,81.233333,117.4,160.316667,557.1,195.183333,193.033333,
7214.633333,378.766667,3873.766667,81.233333,117.4,160.316667,557.1,195.183333,193.033333,68.4,
378.766667,3873.766667,81.233333,117.4,160.316667,557.1,195.183333,193.033333,68.4,4305.733333,
3873.766667,81.233333,117.4,160.316667,557.1,195.183333,193.033333,68.4,4305.733333,373.75,
81.233333,117.4,160.316667,557.1,195.183333,193.033333,68.4,4305.733333,373.75,201.683333,
117.4,160.316667,557.1,195.183333,193.033333,68.4,4305.733333,373.75,201.683333,44.5,
160.316667,557.1,195.183333,193.033333,68.4,4305.733333,373.75,201.683333,44.5,1545.333333,
557.1,195.183333,193.033333,68.4,4305.733333,373.75,201.683333,44.5,1545.333333,135.866667,
195.183333,193.033333,68.4,4305.733333,373.75,201.683333,44.5,1545.333333,135.866667,505.566667,
193.033333,68.4,4305.733333,373.75,201.683333,44.5,1545.333333,135.866667,505.566667,23.366667,
68.4,4305.733333,373.75,201.683333,44.5,1545.333333,135.866667,505.566667,23.366667,1786.716667,
4305.733333,373.75,201.683333,44.5,1545.333333,135.866667,505.566667,23.366667,1786.716667,3956.016667,
373.75,201.683333,44.5,1545.333333,135.866667,505.566667,23.366667,1786.716667,3956.016667,133.85,
201.683333,44.5,1545.333333,135.866667,505.566667,23.366667,1786.716667,3956.016667,133.85,154.066667,
44.5,1545.333333,135.866667,505.566667,23.366667,1786.716667,3956.016667,133.85,154.066667,125.966667,
1545.333333,135.866667,505.566667,23.366667,1786.716667,3956.016667,133.85,154.066667,125.966667,950.416667,
135.866667,505.566667,23.366667,1786.716667,3956.016667,133.85,154.066667,125.966667,950.416667,85.933333,
200.283333,210.516667,429.016667,221.95,136.683333,69.45,243.983333,554.983333,117.016667,701.0,
210.516667,429.016667,221.95,136.683333,69.45,243.983333,554.983333,117.016667,701.0,221.95,
429.016667,221.95,136.683333,69.45,243.983333,554.983333,117.016667,701.0,221.95,200.1,
221.95,136.683333,69.45,243.983333,554.983333,117.016667,701.0,221.95,200.1,901.7,
136.683333,69.45,243.983333,554.983333,117.016667,701.0,221.95,200.1,901.7,150.033333,
69.45,243.983333,554.983333,117.016667,701.0,221.95,200.1,901.7,150.033333,117.816667,
243.983333,554.983333,117.016667,701.0,221.95,200.1,901.7,150.033333,117.816667,133.033333,
554.983333,117.016667,701.0,221.95,200.1,901.7,150.033333,117.816667,133.033333,110.983333,
117.016667,701.0,221.95,200.1,901.7,150.033333,117.816667,133.033333,110.983333,7270.7,
701.0,221.95,200.1,901.7,150.033333,117.816667,133.033333,110.983333,7270.7,286.45,
221.95,200.1,901.7,150.033333,117.816667,133.033333,110.983333,7270.7,286.45,2460.983333,
200.1,901.7,150.033333,117.816667,133.033333,110.983333,7270.7,286.45,2460.983333,2235.133333,
901.7,150.033333,117.816667,133.033333,110.983333,7270.7,286.45,2460.983333,2235.133333,399.883333,
150.033333,117.816667,133.033333,110.983333,7270.7,286.45,2460.983333,2235.133333,399.883333,261.683333,
117.816667,133.033333,110.983333,7270.7,286.45,2460.983333,2235.133333,399.883333,261.683333,440.95,
133.033333,110.983333,7270.7,286.45,2460.983333,2235.133333,399.883333,261.683333,440.95,138.866667,
110.983333,7270.7,286.45,2460.983333,2235.133333,399.883333,261.683333,440.95,138.866667,317.55,
7270.7,286.45,2460.983333,2235.133333,399.883333,261.683333,440.95,138.866667,317.55,281.416667,
286.45,2460.983333,2235.133333,399.883333,261.683333,440.95,138.866667,317.55,281.416667,798.583333,
2460.983333,2235.133333,399.883333,261.683333,440.95,138.866667,317.55,281.416667,798.583333,2711.733333,
2235.133333,399.883333,261.683333,440.95,138.866667,317.55,281.416667,798.583333,2711.733333,108.566667,
399.883333,261.683333,440.95,138.866667,317.55,281.416667,798.583333,2711.733333,108.566667,851.75,
261.683333,440.95,138.866667,317.55,281.416667,798.583333,2711.733333,108.566667,851.75,1076.5,
440.95,138.866667,317.55,281.416667,798.583333,2711.733333,108.566667,851.75,1076.5,38.233333,
138.866667,317.55,281.416667,798.583333,2711.733333,108.566667,851.75,1076.5,38.233333,1285.733333,
317.55,281.416667,798.583333,2711.733333,108.566667,851.75,1076.5,38.233333,1285.733333,28.133333,
281.416667,798.583333,2711.733333,108.566667,851.75,1076.5,38.233333,1285.733333,28.133333,88.9,
798.583333,2711.733333,108.566667,851.75,1076.5,38.233333,1285.733333,28.133333,88.9,3434.766667,
2711.733333,108.566667,851.75,1076.5,38.233333,1285.733333,28.133333,88.9,3434.766667,59.816667,
108.566667,851.75,1076.5,38.233333,1285.733333,28.133333,88.9,3434.766667,59.816667,51.05,
851.75,1076.5,38.233333,1285.733333,28.133333,88.9,3434.766667,59.816667,51.05,104.866667,
1076.5,38.233333,1285.733333,28.133333,88.9,3434.766667,59.816667,51.05,104.866667,920.4,
38.233333,1285.733333,28.133333,88.9,3434.766667,59.816667,51.05,104.866667,920.4,145.916667,
1285.733333,28.133333,88.9,3434.766667,59.816667,51.05,104.866667,920.4,145.916667,1123.75,
28.133333,88.9,3434.766667,59.816667,51.05,104.866667,920.4,145.916667,1123.75,353.833333,
88.9,3434.766667,59.816667,51.05,104.866667,920.4,145.916667,1123.75,353.833333,4412.35,
3434.766667,59.816667,51.05,104.866667,920.4,145.916667,1123.75,353.833333,4412.35,82.783333,
59.816667,51.05,104.866667,920.4,145.916667,1123.75,353.833333,4412.35,82.783333,65.666667,
51.05,104.866667,920.4,145.916667,1123.75,353.833333,4412.35,82.783333,65.666667,1684.166667,
104.866667,920.4,145.916667,1123.75,353.833333,4412.35,82.783333,65.666667,1684.166667,239.35,
920.4,145.916667,1123.75,353.833333,4412.35,82.783333,65.666667,1684.166667,239.35,91.2,
145.916667,1123.75,353.833333,4412.35,82.783333,65.666667,1684.166667,239.35,91.2,582.983333,
1123.75,353.833333,4412.35,82.783333,65.666667,1684.166667,239.35,91.2,582.983333,517.966667,
353.833333,4412.35,82.783333,65.666667,1684.166667,239.35,91.2,582.983333,517.966667,218.1,
4412.35,82.783333,65.666667,1684.166667,239.35,91.2,582.983333,517.966667,218.1,202.25,
82.783333,65.666667,1684.166667,239.35,91.2,582.983333,517.966667,218.1,202.25,51.05,
65.666667,1684.166667,239.35,91.2,582.983333,517.966667,218.1,202.25,51.05,2990.95,
1684.166667,239.35,91.2,582.983333,517.966667,218.1,202.25,51.05,2990.95,1637.416667,
239.35,91.2,582.983333,517.966667,218.1,202.25,51.05,2990.95,1637.416667,86.6,
91.2,582.983333,517.966667,218.1,202.25,51.05,2990.95,1637.416667,86.6,2.716667,
582.983333,517.966667,218.1,202.25,51.05,2990.95,1637.416667,86.6,2.716667,622.083333,
517.966667,218.1,202.25,51.05,2990.95,1637.416667,86.6,2.716667,622.083333,1057.433333,
218.1,202.25,51.05,2990.95,1637.416667,86.6,2.716667,622.083333,1057.433333,32.1,
202.25,51.05,2990.95,1637.416667,86.6,2.716667,622.083333,1057.433333,32.1,73.433333,
51.05,2990.95,1637.416667,86.6,2.716667,622.083333,1057.433333,32.1,73.433333,159.35,
2990.95,1637.416667,86.6,2.716667,622.083333,1057.433333,32.1,73.433333,159.35,143.0,
1637.416667,86.6,2.716667,622.083333,1057.433333,32.1,73.433333,159.35,143.0,116.783333,
86.6,2.716667,622.083333,1057.433333,32.1,73.433333,159.35,143.0,116.783333,780.75,
2.716667,622.083333,1057.433333,32.1,73.433333,159.35,143.0,116.783333,780.75,239.35,
622.083333,1057.433333,32.1,73.433333,159.35,143.0,116.783333,780.75,239.35,19.583333,
1057.433333,32.1,73.433333,159.35,143.0,116.783333,780.75,239.35,19.583333,105.316667,
32.1,73.433333,159.35,143.0,116.783333,780.75,239.35,19.583333,105.316667,140.1,
73.433333,159.35,143.0,116.783333,780.75,239.35,19.583333,105.316667,140.1,283.8,
159.35,143.0,116.783333,780.75,239.35,19.583333,105.316667,140.1,283.8,321.6,
143.0,116.783333,780.75,239.35,19.583333,105.316667,140.1,283.8,321.6,483.216667,
116.783333,780.75,239.35,19.583333,105.316667,140.1,283.8,321.6,483.216667,997.05,
780.75,239.35,19.583333,105.316667,140.1,283.8,321.6,483.216667,997.05,125.533333,
239.35,19.583333,105.316667,140.1,283.8,321.6,483.216667,997.05,125.533333,69.933333,
19.583333,105.316667,140.1,283.8,321.6,483.216667,997.05,125.533333,69.933333,27.3,
105.316667,140.1,283.8,321.6,483.216667,997.05,125.533333,69.933333,27.3,380.783333,
140.1,283.8,321.6,483.216667,997.05,125.533333,69.933333,27.3,380.783333,35.166667,
283.8,321.6,483.216667,997.05,125.533333,69.933333,27.3,380.783333,35.166667,22.55,
321.6,483.216667,997.05,125.533333,69.933333,27.3,380.783333,35.166667,22.55,47.216667,
483.216667,997.05,125.533333,69.933333,27.3,380.783333,35.166667,22.55,47.216667,200.1,
997.05,125.533333,69.933333,27.3,380.783333,35.166667,22.55,47.216667,200.1,73.183333,
125.533333,69.933333,27.3,380.783333,35.166667,22.55,47.216667,200.1,73.183333,46.933333,
69.933333,27.3,380.783333,35.166667,22.55,47.216667,200.1,73.183333,46.933333,142.95,
27.3,380.783333,35.166667,22.55,47.216667,200.1,73.183333,46.933333,142.95,56.366667,
380.783333,35.166667,22.55,47.216667,200.1,73.183333,46.933333,142.95,56.366667,110.983333,
35.166667,22.55,47.216667,200.1,73.183333,46.933333,142.95,56.366667,110.983333,1099.966667,
22.55,47.216667,200.1,73.183333,46.933333,142.95,56.366667,110.983333,1099.966667,44.783333,
47.216667,200.1,73.183333,46.933333,142.95,56.366667,110.983333,1099.966667,44.783333,302.6,
200.1,73.183333,46.933333,142.95,56.366667,110.983333,1099.966667,44.783333,302.6,2958.416667,
73.183333,46.933333,142.95,56.366667,110.983333,1099.966667,44.783333,302.6,2958.416667,49.766667,
46.933333,142.95,56.366667,110.983333,1099.966667,44.783333,302.6,2958.416667,49.766667,88.366667,
142.95,56.366667,110.983333,1099.966667,44.783333,302.6,2958.416667,49.766667,88.366667,4465.083333,
56.366667,110.983333,1099.966667,44.783333,302.6,2958.416667,49.766667,88.366667,4465.083333,771.666667,
110.983333,1099.966667,44.783333,302.6,2958.416667,49.766667,88.366667,4465.083333,771.666667,6885.633333,
1099.966667,44.783333,302.6,2958.416667,49.766667,88.366667,4465.083333,771.666667,6885.633333,868.866667,
44.783333,302.6,2958.416667,49.766667,88.366667,4465.083333,771.666667,6885.633333,868.866667,286.45,
302.6,2958.416667,49.766667,88.366667,4465.083333,771.666667,6885.633333,868.866667,286.45,586.8,
2958.416667,49.766667,88.366667,4465.083333,771.666667,6885.633333,868.866667,286.45,586.8,209.016667,
49.766667,88.366667,4465.083333,771.666667,6885.633333,868.866667,286.45,586.8,209.016667,213.35,
88.366667,4465.083333,771.666667,6885.633333,868.866667,286.45,586.8,209.016667,213.35,108.533333,
4465.083333,771.666667,6885.633333,868.866667,286.45,586.8,209.016667,213.35,108.533333,33.45,
771.666667,6885.633333,868.866667,286.45,586.8,209.016667,213.35,108.533333,33.45,2326.983333,
6885.633333,868.866667,286.45,586.8,209.016667,213.35,108.533333,33.45,2326.983333,125.183333,
868.866667,286.45,586.8,209.016667,213.35,108.533333,33.45,2326.983333,125.183333,182.716667,
286.45,586.8,209.016667,213.35,108.533333,33.45,2326.983333,125.183333,182.716667,152.866667,
586.8,209.016667,213.35,108.533333,33.45,2326.983333,125.183333,182.716667,152.866667,459.683333,
283.4,130.45,38.266667,844.65,1076.5,838.5,91.2,144.833333,1292.933333,45.316667,
130.45,38.266667,844.65,1076.5,838.5,91.2,144.833333,1292.933333,45.316667,1223.366667,
38.266667,844.65,1076.5,838.5,91.2,144.833333,1292.933333,45.316667,1223.366667,1345.65,
844.65,1076.5,838.5,91.2,144.833333,1292.933333,45.316667,1223.366667,1345.65,109.916667,
1076.5,838.5,91.2,144.833333,1292.933333,45.316667,1223.366667,1345.65,109.916667,105.783333,
838.5,91.2,144.833333,1292.933333,45.316667,1223.366667,1345.65,109.916667,105.783333,332.6,
91.2,144.833333,1292.933333,45.316667,1223.366667,1345.65,109.916667,105.783333,332.6,451.883333,
144.833333,1292.933333,45.316667,1223.366667,1345.65,109.916667,105.783333,332.6,451.883333,193.916667,
1292.933333,45.316667,1223.366667,1345.65,109.916667,105.783333,332.6,451.883333,193.916667,1463.183333,
45.316667,1223.366667,1345.65,109.916667,105.783333,332.6,451.883333,193.916667,1463.183333,242.733333,
1223.366667,1345.65,109.916667,105.783333,332.6,451.883333,193.916667,1463.183333,242.733333,120.183333,
1345.65,109.916667,105.783333,332.6,451.883333,193.916667,1463.183333,242.733333,120.183333,2630.566667,
109.916667,105.783333,332.6,451.883333,193.916667,1463.183333,242.733333,120.183333,2630.566667,1982.516667,
105.783333,332.6,451.883333,193.916667,1463.183333,242.733333,120.183333,2630.566667,1982.516667,2439.833333,
332.6,451.883333,193.916667,1463.183333,242.733333,120.183333,2630.566667,1982.516667,2439.833333,626.516667,
451.883333,193.916667,1463.183333,242.733333,120.183333,2630.566667,1982.516667,2439.833333,626.516667,69.45,
193.916667,1463.183333,242.733333,120.183333,2630.566667,1982.516667,2439.833333,626.516667,69.45,319.35,
1463.183333,242.733333,120.183333,2630.566667,1982.516667,2439.833333,626.516667,69.45,319.35,59.383333,
242.733333,120.183333,2630.566667,1982.516667,2439.833333,626.516667,69.45,319.35,59.383333,103.283333,
120.183333,2630.566667,1982.516667,2439.833333,626.516667,69.45,319.35,59.383333,103.283333,82.15,
2630.566667,1982.516667,2439.833333,626.516667,69.45,319.35,59.383333,103.283333,82.15,684.333333,
1982.516667,2439.833333,626.516667,69.45,319.35,59.383333,103.283333,82.15,684.333333,901.766667,
2439.833333,626.516667,69.45,319.35,59.383333,103.283333,82.15,684.333333,901.766667,1296.683333,
626.516667,69.45,319.35,59.383333,103.283333,82.15,684.333333,901.766667,1296.683333,528.8,
69.45,319.35,59.383333,103.283333,82.15,684.333333,901.766667,1296.683333,528.8,585.2,
319.35,59.383333,103.283333,82.15,684.333333,901.766667,1296.683333,528.8,585.2,233.25,
59.383333,103.283333,82.15,684.333333,901.766667,1296.683333,528.8,585.2,233.25,525.516667,
103.283333,82.15,684.333333,901.766667,1296.683333,528.8,585.2,233.25,525.516667,161.983333,
82.15,684.333333,901.766667,1296.683333,528.8,585.2,233.25,525.516667,161.983333,241.233333,
684.333333,901.766667,1296.683333,528.8,585.2,233.25,525.516667,161.983333,241.233333,197.833333,
901.766667,1296.683333,528.8,585.2,233.25,525.516667,161.983333,241.233333,197.833333,35.85,
1296.683333,528.8,585.2,233.25,525.516667,161.983333,241.233333,197.833333,35.85,306.166667,
528.8,585.2,233.25,525.516667,161.983333,241.233333,197.833333,35.85,306.166667,204.7,
585.2,233.25,525.516667,161.983333,241.233333,197.833333,35.85,306.166667,204.7,1048.633333,
233.25,525.516667,161.983333,241.233333,197.833333,35.85,306.166667,204.7,1048.633333,567.716667,
525.516667,161.983333,241.233333,197.833333,35.85,306.166667,204.7,1048.633333,567.716667,1832.833333,
161.983333,241.233333,197.833333,35.85,306.166667,204.7,1048.633333,567.716667,1832.833333,104.233333,
241.233333,197.833333,35.85,306.166667,204.7,1048.633333,567.716667,1832.833333,104.233333,4132.2,
197.833333,35.85,306.166667,204.7,1048.633333,567.716667,1832.833333,104.233333,4132.2,14.283333,
35.85,306.166667,204.7,1048.633333,567.716667,1832.833333,104.233333,4132.2,14.283333,809.95,
306.166667,204.7,1048.633333,567.716667,1832.833333,104.233333,4132.2,14.283333,809.95,182.816667,
204.7,1048.633333,567.716667,1832.833333,104.233333,4132.2,14.283333,809.95,182.816667,1366.633333,
1048.633333,567.716667,1832.833333,104.233333,4132.2,14.283333,809.95,182.816667,1366.633333,473.866667,
567.716667,1832.833333,104.233333,4132.2,14.283333,809.95,182.816667,1366.633333,473.866667,6129.583333,
1832.833333,104.233333,4132.2,14.283333,809.95,182.816667,1366.633333,473.866667,6129.583333,28.283333,
104.233333,4132.2,14.283333,809.95,182.816667,1366.633333,473.866667,6129.583333,28.283333,5826.583333,
4132.2,14.283333,809.95,182.816667,1366.633333,473.866667,6129.583333,28.283333,5826.583333,103.516667,
14.283333,809.95,182.816667,1366.633333,473.866667,6129.583333,28.283333,5826.583333,103.516667,18.3,
809.95,182.816667,1366.633333,473.866667,6129.583333,28.283333,5826.583333,103.516667,18.3,290.683333,
182.816667,1366.633333,473.866667,6129.583333,28.283333,5826.583333,103.516667,18.3,290.683333,5351.233333,
1366.633333,473.866667,6129.583333,28.283333,5826.583333,103.516667,18.3,290.683333,5351.233333,126.733333,
473.866667,6129.583333,28.283333,5826.583333,103.516667,18.3,290.683333,5351.233333,126.733333,68.283333,
6129.583333,28.283333,5826.583333,103.516667,18.3,290.683333,5351.233333,126.733333,68.283333,44.0,
28.283333,5826.583333,103.516667,18.3,290.683333,5351.233333,126.733333,68.283333,44.0,1355.516667,
5826.583333,103.516667,18.3,290.683333,5351.233333,126.733333,68.283333,44.0,1355.516667,399.666667,
103.516667,18.3,290.683333,5351.233333,126.733333,68.283333,44.0,1355.516667,399.666667,98.883333,
18.3,290.683333,5351.233333,126.733333,68.283333,44.0,1355.516667,399.666667,98.883333,87.416667,
290.683333,5351.233333,126.733333,68.283333,44.0,1355.516667,399.666667,98.883333,87.416667,156.05,
5351.233333,126.733333,68.283333,44.0,1355.516667,399.666667,98.883333,87.416667,156.05,109.266667,
126.733333,68.283333,44.0,1355.516667,399.666667,98.883333,87.416667,156.05,109.266667,18.783333,
68.283333,44.0,1355.516667,399.666667,98.883333,87.416667,156.05,109.266667,18.783333,213.483333,
44.0,1355.516667,399.666667,98.883333,87.416667,156.05,109.266667,18.783333,213.483333,89.266667,
1355.516667,399.666667,98.883333,87.416667,156.05,109.266667,18.783333,213.483333,89.266667,306.166667,
399.666667,98.883333,87.416667,156.05,109.266667,18.783333,213.483333,89.266667,306.166667,48.6,
98.883333,87.416667,156.05,109.266667,18.783333,213.483333,89.266667,306.166667,48.6,2622.416667,
87.416667,156.05,109.266667,18.783333,213.483333,89.266667,306.166667,48.6,2622.416667,910.216667,
156.05,109.266667,18.783333,213.483333,89.266667,306.166667,48.6,2622.416667,910.216667,741.333333,
109.266667,18.783333,213.483333,89.266667,306.166667,48.6,2622.416667,910.216667,741.333333,1322.633333,
18.783333,213.483333,89.266667,306.166667,48.6,2622.416667,910.216667,741.333333,1322.633333,50.283333,
213.483333,89.266667,306.166667,48.6,2622.416667,910.216667,741.333333,1322.633333,50.283333,5477.633333,
89.266667,306.166667,48.6,2622.416667,910.216667,741.333333,1322.633333,50.283333,5477.633333,2460.983333,
306.166667,48.6,2622.416667,910.216667,741.333333,1322.633333,50.283333,5477.633333,2460.983333,260.183333,
48.6,2622.416667,910.216667,741.333333,1322.633333,50.283333,5477.633333,2460.983333,260.183333,901.766667,
2622.416667,910.216667,741.333333,1322.633333,50.283333,5477.633333,2460.983333,260.183333,901.766667,2622.416667,
910.216667,741.333333,1322.633333,50.283333,5477.633333,2460.983333,260.183333,901.766667,2622.416667,117.4,
741.333333,1322.633333,50.283333,5477.633333,2460.983333,260.183333,901.766667,2622.416667,117.4,1520.35,
1322.633333,50.283333,5477.633333,2460.983333,260.183333,901.766667,2622.416667,117.4,1520.35,462.233333,
50.283333,5477.633333,2460.983333,260.183333,901.766667,2622.416667,117.4,1520.35,462.233333,286.45,
5477.633333,2460.983333,260.183333,901.766667,2622.416667,117.4,1520.35,462.233333,286.45,312.233333,
2460.983333,260.183333,901.766667,2622.416667,117.4,1520.35,462.233333,286.45,312.233333,68.05,
260.183333,901.766667,2622.416667,117.4,1520.35,462.233333,286.45,312.233333,68.05,243.233333,
901.766667,2622.416667,117.4,1520.35,462.233333,286.45,312.233333,68.05,243.233333,113.15,
2622.416667,117.4,1520.35,462.233333,286.45,312.233333,68.05,243.233333,113.15,906.666667,
117.4,1520.35,462.233333,286.45,312.233333,68.05,243.233333,113.15,906.666667,626.516667,
1520.35,462.233333,286.45,312.233333,68.05,243.233333,113.15,906.666667,626.516667,39.1,
462.233333,286.45,312.233333,68.05,243.233333,113.15,906.666667,626.516667,39.1,259.583333,
286.45,312.233333,68.05,243.233333,113.15,906.666667,626.516667,39.1,259.583333,211.883333,
312.233333,68.05,243.233333,113.15,906.666667,626.516667,39.1,259.583333,211.883333,451.883333,
68.05,243.233333,113.15,906.666667,626.516667,39.1,259.583333,211.883333,451.883333,154.066667,
243.233333,113.15,906.666667,626.516667,39.1,259.583333,211.883333,451.883333,154.066667,4091.533333,
113.15,906.666667,626.516667,39.1,259.583333,211.883333,451.883333,154.066667,4091.533333,4127.716667,
906.666667,626.516667,39.1,259.583333,211.883333,451.883333,154.066667,4091.533333,4127.716667,78.916667,
626.516667,39.1,259.583333,211.883333,451.883333,154.066667,4091.533333,4127.716667,78.916667,332.6,
39.1,259.583333,211.883333,451.883333,154.066667,4091.533333,4127.716667,78.916667,332.6,321.6,
259.583333,211.883333,451.883333,154.066667,4091.533333,4127.716667,78.916667,332.6,321.6,79.25,
211.883333,451.883333,154.066667,4091.533333,4127.716667,78.916667,332.6,321.6,79.25,145.733333,
451.883333,154.066667,4091.533333,4127.716667,78.916667,332.6,321.6,79.25,145.733333,219.583333,
154.066667,4091.533333,4127.716667,78.916667,332.6,321.6,79.25,145.733333,219.583333,24.783333,
4091.533333,4127.716667,78.916667,332.6,321.6,79.25,145.733333,219.583333,24.783333,502.766667,
4127.716667,78.916667,332.6,321.6,79.25,145.733333,219.583333,24.783333,502.766667,1285.733333,
78.916667,332.6,321.6,79.25,145.733333,219.583333,24.783333,502.766667,1285.733333,2383.416667,
332.6,321.6,79.25,145.733333,219.583333,24.783333,502.766667,1285.733333,2383.416667,158.35,
321.6,79.25,145.733333,219.583333,24.783333,502.766667,1285.733333,2383.416667,158.35,211.75,
79.25,145.733333,219.583333,24.783333,502.766667,1285.733333,2383.416667,158.35,211.75,168.7,
145.733333,219.583333,24.783333,502.766667,1285.733333,2383.416667,158.35,211.75,168.7,261.183333,
219.583333,24.783333,502.766667,1285.733333,2383.416667,158.35,211.75,168.7,261.183333,194.916667,
24.783333,502.766667,1285.733333,2383.416667,158.35,211.75,168.7,261.183333,194.916667,111.3,
502.766667,1285.733333,2383.416667,158.35,211.75,168.7,261.183333,194.916667,111.3,22.066667,
1285.733333,2383.416667,158.35,211.75,168.7,261.183333,194.916667,111.3,22.066667,736.666667,
2383.416667,158.35,211.75,168.7,261.183333,194.916667,111.3,22.066667,736.666667,207.133333,
158.35,211.75,168.7,261.183333,194.916667,111.3,22.066667,736.666667,207.133333,426.0,
211.75,168.7,261.183333,194.916667,111.3,22.066667,736.666667,207.133333,426.0,189.6,
168.7,261.183333,194.916667,111.3,22.066667,736.666667,207.133333,426.0,189.6,76.733333,
261.183333,194.916667,111.3,22.066667,736.666667,207.133333,426.0,189.6,76.733333,57.783333,
194.916667,111.3,22.066667,736.666667,207.133333,426.0,189.6,76.733333,57.783333,1139.266667,
111.3,22.066667,736.666667,207.133333,426.0,189.6,76.733333,57.783333,1139.266667,567.716667,
22.066667,736.666667,207.133333,426.0,189.6,76.733333,57.783333,1139.266667,567.716667,198.066667,
736.666667,207.133333,426.0,189.6,76.733333,57.783333,1139.266667,567.716667,198.066667,150.033333,
111.816667,6592.6,2711.733333,67.666667,273.8,130.45,574.1,412.75,1217.65,2078.216667,
6592.6,2711.733333,67.666667,273.8,130.45,574.1,412.75,1217.65,2078.216667,85.966667,
2711.733333,67.666667,273.8,130.45,574.1,412.75,1217.65,2078.216667,85.966667,366.633333,
67.666667,273.8,130.45,574.1,412.75,1217.65,2078.216667,85.966667,366.633333,106.066667,
273.8,130.45,574.1,412.75,1217.65,2078.216667,85.966667,366.633333,106.066667,437.65,
130.45,574.1,412.75,1217.65,2078.216667,85.966667,366.633333,106.066667,437.65,1234.233333,
574.1,412.75,1217.65,2078.216667,85.966667,366.633333,106.066667,437.65,1234.233333,4207.716667,
412.75,1217.65,2078.216667,85.966667,366.633333,106.066667,437.65,1234.233333,4207.716667,466.333333,
1217.65,2078.216667,85.966667,366.633333,106.066667,437.65,1234.233333,4207.716667,466.333333,195.166667,
2078.216667,85.966667,366.633333,106.066667,437.65,1234.233333,4207.716667,466.333333,195.166667,104.233333,
85.966667,366.633333,106.066667,437.65,1234.233333,4207.716667,466.333333,195.166667,104.233333,113.55,
366.633333,106.066667,437.65,1234.233333,4207.716667,466.333333,195.166667,104.233333,113.55,967.483333,
106.066667,437.65,1234.233333,4207.716667,466.333333,195.166667,104.233333,113.55,967.483333,4141.3,
437.65,1234.233333,4207.716667,466.333333,195.166667,104.233333,113.55,967.483333,4141.3,68.4,
1234.233333,4207.716667,466.333333,195.166667,104.233333,113.55,967.483333,4141.3,68.4,142.95,
4207.716667,466.333333,195.166667,104.233333,113.55,967.483333,4141.3,68.4,142.95,68.066667,
466.333333,195.166667,104.233333,113.55,967.483333,4141.3,68.4,142.95,68.066667,233.25,
195.166667,104.233333,113.55,967.483333,4141.3,68.4,142.95,68.066667,233.25,191.283333,
104.233333,113.55,967.483333,4141.3,68.4,142.95,68.066667,233.25,191.283333,117.233333,
113.55,967.483333,4141.3,68.4,142.95,68.066667,233.25,191.283333,117.233333,499.15,
967.483333,4141.3,68.4,142.95,68.066667,233.25,191.283333,117.233333,499.15,245.65,
4141.3,68.4,142.95,68.066667,233.25,191.283333,117.233333,499.15,245.65,856.35,
68.4,142.95,68.066667,233.25,191.283333,117.233333,499.15,245.65,856.35,47.05,
142.95,68.066667,233.25,191.283333,117.233333,499.15,245.65,856.35,47.05,157.6,
68.066667,233.25,191.283333,117.233333,499.15,245.65,856.35,47.05,157.6,846.283333,
233.25,191.283333,117.233333,499.15,245.65,856.35,47.05,157.6,846.283333,1520.35,
191.283333,117.233333,499.15,245.65,856.35,47.05,157.6,846.283333,1520.35,71.466667,
117.233333,499.15,245.65,856.35,47.05,157.6,846.283333,1520.35,71.466667,29.35,
499.15,245.65,856.35,47.05,157.6,846.283333,1520.35,71.466667,29.35,229.716667,
245.65,856.35,47.05,157.6,846.283333,1520.35,71.466667,29.35,229.716667,798.583333,
856.35,47.05,157.6,846.283333,1520.35,71.466667,29.35,229.716667,798.583333,1170.283333,
47.05,157.6,846.283333,1520.35,71.466667,29.35,229.716667,798.583333,1170.283333,64.583333,
157.6,846.283333,1520.35,71.466667,29.35,229.716667,798.583333,1170.283333,64.583333,83.65,
846.283333,1520.35,71.466667,29.35,229.716667,798.583333,1170.283333,64.583333,83.65,220.333333,
1520.35,71.466667,29.35,229.716667,798.583333,1170.283333,64.583333,83.65,220.333333,187.683333,
71.466667,29.35,229.716667,798.583333,1170.283333,64.583333,83.65,220.333333,187.683333,69.183333,
29.35,229.716667,798.583333,1170.283333,64.583333,83.65,220.333333,187.683333,69.183333,220.283333,
229.716667,798.583333,1170.283333,64.583333,83.65,220.333333,187.683333,69.183333,220.283333,189.816667,
798.583333,1170.283333,64.583333,83.65,220.333333,187.683333,69.183333,220.283333,189.816667,3791.2,
1170.283333,64.583333,83.65,220.333333,187.683333,69.183333,220.283333,189.816667,3791.2,701.0,
64.583333,83.65,220.333333,187.683333,69.183333,220.283333,189.816667,3791.2,701.0,266.733333,
83.65,220.333333,187.683333,69.183333,220.283333,189.816667,3791.2,701.0,266.733333,27.283333,
220.333333,187.683333,69.183333,220.283333,189.816667,3791.2,701.0,266.733333,27.283333,15.483333,
187.683333,69.183333,220.283333,189.816667,3791.2,701.0,266.733333,27.283333,15.483333,397.983333,
69.183333,220.283333,189.816667,3791.2,701.0,266.733333,27.283333,15.483333,397.983333,41.766667,
220.283333,189.816667,3791.2,701.0,266.733333,27.283333,15.483333,397.983333,41.766667,194.466667,
189.816667,3791.2,701.0,266.733333,27.283333,15.483333,397.983333,41.766667,194.466667,64.55,
3791.2,701.0,266.733333,27.283333,15.483333,397.983333,41.766667,194.466667,64.55,127.433333,
701.0,266.733333,27.283333,15.483333,397.983333,41.766667,194.466667,64.55,127.433333,106.366667,
266.733333,27.283333,15.483333,397.983333,41.766667,194.466667,64.55,127.433333,106.366667,5135.95,
27.283333,15.483333,397.983333,41.766667,194.466667,64.55,127.433333,106.366667,5135.95,51.45,
15.483333,397.983333,41.766667,194.466667,64.55,127.433333,106.366667,5135.95,51.45,23.683333,
397.983333,41.766667,194.466667,64.55,127.433333,106.366667,5135.95,51.45,23.683333,91.95,
41.766667,194.466667,64.55,127.433333,106.366667,5135.95,51.45,23.683333,91.95,70.033333,
194.466667,64.55,127.433333,106.366667,5135.95,51.45,23.683333,91.95,70.033333,933.066667,
64.55,127.433333,106.366667,5135.95,51.45,23.683333,91.95,70.033333,933.066667,179.866667,
127.433333,106.366667,5135.95,51.45,23.683333,91.95,70.033333,933.066667,179.866667,76.733333,
106.366667,5135.95,51.45,23.683333,91.95,70.033333,933.066667,179.866667,76.733333,901.7,
5135.95,51.45,23.683333,91.95,70.033333,933.066667,179.866667,76.733333,901.7,1643.566667,
51.45,23.683333,91.95,70.033333,933.066667,179.866667,76.733333,901.7,1643.566667,138.783333,
23.683333,91.95,70.033333,933.066667,179.866667,76.733333,901.7,1643.566667,138.783333,320.25,
91.95,70.033333,933.066667,179.866667,76.733333,901.7,1643.566667,138.783333,320.25,4127.716667,
70.033333,933.066667,179.866667,76.733333,901.7,1643.566667,138.783333,320.25,4127.716667,84.033333,
933.066667,179.866667,76.733333,901.7,1643.566667,138.783333,320.25,4127.716667,84.033333,120.183333,
179.866667,76.733333,901.7,1643.566667,138.783333,320.25,4127.716667,84.033333,120.183333,198.45,
76.733333,901.7,1643.566667,138.783333,320.25,4127.716667,84.033333,120.183333,198.45,39.733333,
901.7,1643.566667,138.783333,320.25,4127.716667,84.033333,120.183333,198.45,39.733333,92.433333,
1643.566667,138.783333,320.25,4127.716667,84.033333,120.183333,198.45,39.733333,92.433333,171.883333,
138.783333,320.25,4127.716667,84.033333,120.183333,198.45,39.733333,92.433333,171.883333,36.383333,
320.25,4127.716667,84.033333,120.183333,198.45,39.733333,92.433333,171.883333,36.383333,17.533333,
4127.716667,84.033333,120.183333,198.45,39.733333,92.433333,171.883333,36.383333,17.533333,130.583333,
84.033333,120.183333,198.45,39.733333,92.433333,171.883333,36.383333,17.533333,130.583333,99.183333,
120.183333,198.45,39.733333,92.433333,171.883333,36.383333,17.533333,130.583333,99.183333,1099.966667,
198.45,39.733333,92.433333,171.883333,36.383333,17.533333,130.583333,99.183333,1099.966667,2439.833333,
39.733333,92.433333,171.883333,36.383333,17.533333,130.583333,99.183333,1099.966667,2439.833333,397.983333,
92.433333,171.883333,36.383333,17.533333,130.583333,99.183333,1099.966667,2439.833333,397.983333,120.966667,
171.883333,36.383333,17.533333,130.583333,99.183333,1099.966667,2439.833333,397.983333,120.966667,245.6,
36.383333,17.533333,130.583333,99.183333,1099.966667,2439.833333,397.983333,120.966667,245.6,73.183333,
17.533333,130.583333,99.183333,1099.966667,2439.833333,397.983333,120.966667,245.6,73.183333,391.2,
130.583333,99.183333,1099.966667,2439.833333,397.983333,120.966667,245.6,73.183333,391.2,4132.2,
99.183333,1099.966667,2439.833333,397.983333,120.966667,245.6,73.183333,391.2,4132.2,138.783333,
1099.966667,2439.833333,397.983333,120.966667,245.6,73.183333,391.2,4132.2,138.783333,38.233333,
2439.833333,397.983333,120.966667,245.6,73.183333,391.2,4132.2,138.783333,38.233333,203.633333,
397.983333,120.966667,245.6,73.183333,391.2,4132.2,138.783333,38.233333,203.633333,1982.516667,
120.966667,245.6,73.183333,391.2,4132.2,138.783333,38.233333,203.633333,1982.516667,79.25,
245.6,73.183333,391.2,4132.2,138.783333,38.233333,203.633333,1982.516667,79.25,204.833333,
73.183333,391.2,4132.2,138.783333,38.233333,203.633333,1982.516667,79.25,204.833333,102.033333,
391.2,4132.2,138.783333,38.233333,203.633333,1982.516667,79.25,204.833333,102.033333,361.383333,
4132.2,138.783333,38.233333,203.633333,1982.516667,79.25,204.833333,102.033333,361.383333,350.083333,
138.783333,38.233333,203.633333,1982.516667,79.25,204.833333,102.033333,361.383333,350.083333,27.283333,
38.233333,203.633333,1982.516667,79.25,204.833333,102.033333,361.383333,350.083333,27.283333,111.3,
203.633333,1982.516667,79.25,204.833333,102.033333,361.383333,350.083333,27.283333,111.3,39.733333,
1982.516667,79.25,204.833333,102.033333,361.383333,350.083333,27.283333,111.3,39.733333,187.666667,
79.25,204.833333,102.033333,361.383333,350.083333,27.283333,111.3,39.733333,187.666667,684.333333,
204.833333,102.033333,361.383333,350.083333,27.283333,111.3,39.733333,187.666667,684.333333,94.766667,
102.033333,361.383333,350.083333,27.283333,111.3,39.733333,187.666667,684.333333,94.766667,455.466667,
361.383333,350.083333,27.283333,111.3,39.733333,187.666667,684.333333,94.766667,455.466667,86.916667,
350.083333,27.283333,111.3,39.733333,187.666667,684.333333,94.766667,455.466667,86.916667,1705.066667,
27.283333,111.3,39.733333,187.666667,684.333333,94.766667,455.466667,86.916667,1705.066667,4511.716667,
111.3,39.733333,187.666667,684.333333,94.766667,455.466667,86.916667,1705.066667,4511.716667,154.066667,
39.733333,187.666667,684.333333,94.766667,455.466667,86.916667,1705.066667,4511.716667,154.066667,193.866667,
187.666667,684.333333,94.766667,455.466667,86.916667,1705.066667,4511.716667,154.066667,193.866667,266.733333,
684.333333,94.766667,455.466667,86.916667,1705.066667,4511.716667,154.066667,193.866667,266.733333,94.833333,
94.766667,455.466667,86.916667,1705.066667,4511.716667,154.066667,193.866667,266.733333,94.833333,319.35,
455.466667,86.916667,1705.066667,4511.716667,154.066667,193.866667,266.733333,94.833333,319.35,1052.05,
86.916667,1705.066667,4511.716667,154.066667,193.866667,266.733333,94.833333,319.35,1052.05,125.15,
1705.066667,4511.716667,154.066667,193.866667,266.733333,94.833333,319.35,1052.05,125.15,80.25,
4511.716667,154.066667,193.866667,266.733333,94.833333,319.35,1052.05,125.15,80.25,1445.233333,
154.066667,193.866667,266.733333,94.833333,319.35,1052.05,125.15,80.25,1445.233333,861.4,
193.866667,266.733333,94.833333,319.35,1052.05,125.15,80.25,1445.233333,861.4,408.316667,
266.733333,94.833333,319.35,1052.05,125.15,80.25,1445.233333,861.4,408.316667,322.6,
94.833333,319.35,1052.05,125.15,80.25,1445.233333,861.4,408.316667,322.6,330.55,
319.35,1052.05,125.15,80.25,1445.233333,861.4,408.316667,322.6,330.55,194.466667,
1052.05,125.15,80.25,1445.233333,861.4,408.316667,322.6,330.55,194.466667,47.483333,
125.15,80.25,1445.233333,861.4,408.316667,322.6,330.55,194.466667,47.483333,77.016667,
80.25,1445.233333,861.4,408.316667,322.6,330.55,194.466667,47.483333,77.016667,119.066667,
1445.233333,861.4,408.316667,322.6,330.55,194.466667,47.483333,77.016667,119.066667,34.316667,
861.4,408.316667,322.6,330.55,194.466667,47.483333,77.016667,119.066667,34.316667,1076.5,
408.316667,322.6,330.55,194.466667,47.483333,77.016667,119.066667,34.316667,1076.5,178.55,
322.6,330.55,194.466667,47.483333,77.016667,119.066667,34.316667,1076.5,178.55,608.766667,
330.55,194.466667,47.483333,77.016667,119.066667,34.316667,1076.5,178.55,608.766667,198.45,
194.466667,47.483333,77.016667,119.066667,34.316667,1076.5,178.55,608.766667,198.45,289.133333,
47.483333,77.016667,119.066667,34.316667,1076.5,178.55,608.766667,198.45,289.133333,648.283333,
77.016667,119.066667,34.316667,1076.5,178.55,608.766667,198.45,289.133333,648.283333,517.966667,
119.066667,34.316667,1076.5,178.55,608.766667,198.45,289.133333,648.283333,517.966667,610.116667,
34.316667,1076.5,178.55,608.766667,198.45,289.133333,648.283333,517.966667,610.116667,367.4,
1076.5,178.55,608.766667,198.45,289.133333,648.283333,517.966667,610.116667,367.4,219.483333,
178.55,608.766667,198.45,289.133333,648.283333,517.966667,610.116667,367.4,219.483333,194.0,
608.766667,198.45,289.133333,648.283333,517.966667,610.116667,367.4,219.483333,194.0,632.716667,
198.45,289.133333,648.283333,517.966667,610.116667,367.4,219.483333,194.0,632.716667,86.916667,
289.133333,648.283333,517.966667,610.116667,367.4,219.483333,194.0,632.716667,86.916667,859.966667,
648.283333,517.966667,610.116667,367.4,219.483333,194.0,632.716667,86.916667,859.966667,532.416667,
517.966667,610.116667,367.4,219.483333,194.0,632.716667,86.916667,859.966667,532.416667,119.933333,
610.116667,367.4,219.483333,194.0,632.716667,86.916667,859.966667,532.416667,119.933333,691.983333,
367.4,219.483333,194.0,632.716667,86.916667,859.966667,532.416667,119.933333,691.983333,220.65,
219.483333,194.0,632.716667,86.916667,859.966667,532.416667,119.933333,691.983333,220.65,221.033333,
194.0,632.716667,86.916667,859.966667,532.416667,119.933333,691.983333,220.65,221.033333,320.25,
632.716667,86.916667,859.966667,532.416667,119.933333,691.983333,220.65,221.033333,320.25,288.416667,
86.916667,859.966667,532.416667,119.933333,691.983333,220.65,221.033333,320.25,288.416667,269.616667,
859.966667,532.416667,119.933333,691.983333,220.65,221.033333,320.25,288.416667,269.616667,174.85,
