497.88,497.88,497.88,
498.31,498.31,498.31,
494.85,494.85,494.85,
495.02,495.02,495.02,
495.84,495.84,495.84,
264.31,185.69,185.69,
204.02,174.6,174.6,
0.0,0.0,0.0,
623.72,623.72,623.72,
0.0,0.0,0.0,
775.98,775.98,775.98,
776.22,776.22,776.22,
1691.87,951.75,951.75,
1930.08,956.27,956.27,
807.65,807.65,807.65,
799.09,799.09,799.09,
789.11,789.11,789.11,
115.04,439.61,439.61,
825.02,825.02,825.02,
829.49,829.49,829.49,
859.61,859.61,859.61,
915.51,915.51,915.51,
915.29,915.29,915.29,
869.07,869.07,869.07,
1461.85,1461.85,1461.85,
1609.98,1609.98,1609.98,
1416.22,1416.22,1416.22,
1498.97,1498.97,1498.97,
5050.72,2481.19,2481.19,
1272.29,1272.29,1272.29,
1040.59,1040.59,1040.59,
1037.91,1037.91,1037.91,
1014.9,1014.9,1014.9,
1092.99,1092.99,1092.99,
1024.24,1024.24,1024.24,
1015.1,1015.1,1015.1,
977.79,977.79,977.79,
402.59,782.0,782.0,
622.48,622.48,622.48,
591.51,591.51,591.51,
0,1043.26,1043.26,
1363.18,1363.18,1363.18,
1613.6,1613.6,1613.6,
1549.8,1549.8,1549.8,
1577.24,1577.24,1577.24,
1922.99,1922.99,1922.99,
1838.14,1838.14,1838.14,
1752.52,1220.03,1220.03,
0.0,0.0,0.0,
0.0,0.0,0.0,
1064.19,1064.19,1064.19,
1062.8,1062.8,1062.8,
1057.0,1057.0,1057.0,
437.1,838.41,838.41,
593.21,593.21,593.21,
665.45,664.67,664.67,
0,557.28,1409.95,
1354.42,1354.42,1354.42,
1316.96,1316.96,1316.96,
1323.53,1323.53,1323.53,
1207.14,1207.14,1207.14,
47.34,1697.22,1697.22,
1958.29,1780.92,1780.92,
0.0,0.0,0.0,
992.88,992.88,992.88,
0.0,0.0,0.0,
0.0,0.0,0.0,
0.0,0.0,0.0,
0.0,0.0,0.0,
971.88,971.88,971.88,
956.91,956.91,956.91,
957.54,957.54,957.54,
258.44,258.44,258.44,
239.08,239.08,239.08,
206.21,206.21,206.21,
282.41,282.41,282.41,
1277.53,1095.01,963.57,
903.94,780.02,692.65,
0,223.2,359.96,
718.29,461.72,461.72,
168.11,444.22,444.22,
747.6,747.6,747.6,
1585.13,903.12,903.12,
0,1042.41,1042.41,
0,1172.34,1172.34,
1028.64,1290.66,1290.66,
2076.59,1308.92,1308.92,
0,1432.29,1432.29,
1115.95,1441.35,1441.35,
1343.5,1561.05,1561.05,
3623.87,787.9,1589.19,
3136.9,1463.0,1463.0,
3247.41,1283.15,1283.15,
800.17,800.17,800.17,
794.92,794.92,794.92,
875.54,875.54,875.54,
1505.49,1505.49,1505.49,
1055.04,1055.04,1055.04,
1096.68,1096.68,1096.68,
914.6,914.6,914.6,
906.18,906.18,906.18,
909.55,909.55,909.55,
913.56,913.56,913.56,
921.53,921.53,921.53,
1078.14,1078.14,1078.14,
927.37,927.37,927.37,
309.24,309.24,309.24,
562.44,562.44,562.44,
630.68,630.68,630.68,
637.67,637.67,637.67,
637.84,637.84,637.84,
1207.21,1207.21,1207.21,
1053.47,1053.47,1053.47,
1361.9,1361.9,1361.9,
1844.16,842.23,1460.44,
914.04,852.24,852.24,
535.29,879.54,879.54,
706.66,706.66,706.66,
1428.53,853.37,853.37,
723.64,723.64,723.64,
813.82,813.82,813.82,
869.14,869.14,869.14,
683.95,726.57,726.57,
684.13,627.5,627.5,
1091.34,621.7,621.7,
544.54,544.54,544.54,
166.23,351.73,351.73,
661.11,469.49,469.49,
0,376.08,376.08,
587.13,567.41,556.28,
354.8,354.8,354.8,
215.25,215.25,215.25,
218.18,218.18,218.18,
238.63,238.63,238.63,
236.55,262.65,262.65,
442.89,264.98,264.98,
244.66,244.66,244.66,
234.93,234.93,234.93,
223.82,223.82,223.82,
209.17,168.86,168.86,
171.09,171.09,171.09,
100.54,162.53,162.53,
0,169.77,169.77,
221.13,221.13,221.13,
213.23,213.23,213.23,
229.38,229.38,229.38,
220.36,220.36,220.36,
190.86,190.86,190.86,
203.01,203.01,203.01,
217.32,217.32,217.32,
220.48,220.48,220.48,
248.36,248.36,248.36,
147.27,147.27,147.27,
137.66,137.66,137.66,
433.88,433.88,433.88,
451.9,451.9,451.9,
434.9,434.9,434.9,
516.28,516.28,516.28,
444.48,444.48,444.48,
396.9,396.9,396.9,
740.84,740.84,740.84,
699.49,699.49,699.49,
693.33,693.33,693.33,
816.69,816.69,816.69,
1381.2,919.15,919.15,
1758.09,909.57,909.57,
1234.23,909.63,909.63,
1502.94,856.11,856.11,
785.87,785.87,785.87,
818.84,818.84,818.84,
770.05,512.67,512.67,
548.41,514.08,514.08,
737.0,492.22,492.22,
820.73,431.08,431.08,
445.3,445.3,445.3,
476.6,476.6,476.6,
351.19,351.19,351.19,
330.65,330.65,330.65,
168.04,325.02,325.02,
141.52,266.15,266.15,
262.9,286.28,286.28,
0,350.0,350.0,
506.71,506.71,506.71,
514.56,514.56,514.56,
460.11,460.11,460.11,
0.0,0.0,0.0,
492.4,492.4,492.4,
495.55,495.55,495.55,
486.22,486.22,486.22,
0,650.45,650.45,
904.42,904.42,904.42,
614.52,614.52,614.52,
622.02,622.02,622.02,
614.1,614.1,614.1,
0,937.51,937.51,
653.97,1016.81,1016.81,
1344.28,1024.86,1024.86,
1708.12,1009.51,1009.51,
856.46,988.51,988.51,
1116.44,866.49,866.49,
1759.87,871.09,871.09,
727.46,727.46,727.46,
715.63,715.63,715.63,
718.86,718.86,718.86,
400.42,400.42,400.42,
496.03,496.03,496.03,
2459.14,2459.14,2459.14,
2090.08,2090.08,2090.08,
2133.66,2133.66,2133.66,
1618.22,1997.71,2229.39,
212.97,1323.97,1323.97,
1498.46,1382.88,1382.88,
995.17,505.81,505.81,
339.33,339.33,339.33,
349.49,349.49,349.49,
350.89,350.89,350.89,
358.95,358.95,358.95,
343.82,343.82,343.82,
472.0,278.97,278.97,
299.88,243.39,243.39,
824.84,824.84,824.84,
970.42,970.42,970.42,
1084.73,1084.73,1084.73,
1051.18,1051.18,1051.18,
1058.99,1058.99,1058.99,
1053.11,1053.11,1053.11,
1104.38,1104.38,1104.38,
1103.56,1103.56,1103.56,
1137.09,1137.09,1137.09,
887.36,1165.45,1364.17,
777.08,777.08,777.08,
1854.88,1494.91,1289.41,
727.62,727.62,727.62,
845.32,845.32,845.32,
850.56,850.56,850.56,
849.29,849.29,849.29,
754.54,754.54,754.54,
908.02,908.02,908.02,
1286.31,1286.31,1286.31,
1460.01,1460.01,1460.01,
1303.61,1303.61,1303.61,
38.23,903.33,903.33,
997.92,1079.07,1079.07,
1893.31,1212.94,1212.94,
494.6,1096.99,1096.99,
2085.93,1395.05,1395.05,
1363.8,1363.8,1363.8,
563.24,986.94,1418.74,
814.27,814.27,814.27,
626.53,626.53,626.53,
592.62,592.62,592.62,
604.9,604.9,604.9,
420.47,519.9,594.2,
262.35,357.43,407.02,
856.03,856.03,856.03,
2493.55,1485.24,1485.24,
0,1147.16,1147.16,
2331.93,1405.15,1405.15,
705.72,1468.31,1468.31,
946.28,1411.1,1411.1,
948.85,1497.51,1497.51,
4917.99,2135.02,2135.02,
2019.59,2019.59,2019.59,
2429.07,2429.07,2429.07,
2288.87,2288.87,2288.87,
1617.54,1617.54,1617.54,
1613.87,1613.87,1613.87,
1606.9,1606.9,1606.9,
1525.86,1525.86,1525.86,
