530.1,530.1,530.1,530.1,530.1,
517.4,517.4,517.4,517.4,517.4,
566.1,566.1,566.1,566.1,566.1,
62.2,157.96,157.96,157.96,157.96,
91.65,213.04,157.3,182.9,171.14,
241.54,143.93,193.67,168.32,181.24,
253.24,186.42,186.42,186.42,186.42,
232.02,190.75,190.75,190.75,190.75,
307.7,186.19,186.19,186.19,186.19,
158.6,158.6,158.6,158.6,158.6,
158.8,158.8,158.8,158.8,158.8,
171.3,171.3,171.3,171.3,171.3,
643.7,643.7,643.7,643.7,643.7,
661.6,661.6,661.6,661.6,661.6,
635.3,635.3,635.3,635.3,635.3,
637.7,637.7,637.7,637.7,637.7,
650.0,650.0,650.0,650.0,650.0,
641.6,641.6,641.6,641.6,641.6,
637.8,637.8,637.8,637.8,637.8,
663.8,663.8,663.8,663.8,663.8,
662.9,662.9,662.9,662.9,662.9,
753.5,753.5,753.5,753.5,753.5,
3425.5,4838.48,6412.62,8142.87,10031.42,
1401.1,1401.1,1401.1,1401.1,1401.1,
1416.2,1416.2,1416.2,1416.2,1416.2,
1416.6,1416.6,1416.6,1416.6,1416.6,
1399.7,1399.7,1399.7,1399.7,1399.7,
1404.2,1404.2,1404.2,1404.2,1404.2,
0.0,2585.55,2585.55,2585.55,2585.55,
3068.5,3068.5,3068.5,3068.5,3068.5,
3354.73,3233.2,3233.2,3233.2,3233.2,
5552.94,3153.09,3153.09,3153.09,3153.09,
6480.86,2860.45,2860.45,2860.45,2860.45,
1809.8,1809.8,1809.8,1809.8,1809.8,
1815.8,1815.8,1815.8,1815.8,1815.8,
1816.0,1816.0,1816.0,1816.0,1816.0,
1873.9,1873.9,1873.9,1873.9,1873.9,
1869.7,1869.7,1869.7,1869.7,1869.7,
814.3,814.3,814.3,814.3,814.3,
24153.63,34733.88,46385.75,59109.25,72904.38,
2235.4,2235.4,2235.4,2235.4,2235.4,
2308.5,2308.5,2308.5,2308.5,2308.5,
2332.3,2332.3,2332.3,2332.3,2332.3,
3353.8,3353.8,3353.8,3353.8,3353.8,
4669.15,3855.35,3855.35,3855.35,3855.35,
7133.63,3951.5,3951.5,3951.5,3951.5,
3413.9,3413.9,3413.9,3413.9,3413.9,
3407.3,3407.3,3407.3,3407.3,3407.3,
2810.9,2810.9,2810.9,2810.9,2810.9,
1363.3,1363.3,1363.3,1363.3,1363.3,
1368.0,1368.0,1368.0,1368.0,1368.0,
1294.9,1294.9,1294.9,1294.9,1294.9,
1331.8,1331.8,1331.8,1331.8,1331.8,
305.3,305.3,305.3,305.3,305.3,
389.59,246.11,246.11,246.11,246.11,
263.3,263.3,263.3,263.3,263.3,
200.5,259.0,259.0,259.0,259.0,
148.58,284.1,284.1,284.1,284.1,
355.36,292.56,292.56,292.56,292.56,
431.59,297.84,297.84,297.84,297.84,
0.0,396.82,396.82,396.82,396.82,
1374.0,1374.0,1374.0,1374.0,1374.0,
1359.6,1359.6,1359.6,1359.6,1359.6,
1365.4,1365.4,1365.4,1365.4,1365.4,
1792.9,1792.9,1792.9,1792.9,1792.9,
1741.9,1741.9,1741.9,1741.9,1741.9,
1749.5,1749.5,1749.5,1749.5,1749.5,
1726.3,1726.3,1726.3,1726.3,1726.3,
1735.9,1735.9,1735.9,1735.9,1735.9,
1725.4,1725.4,1725.4,1725.4,1725.4,
1601.4,1601.4,1601.4,1601.4,1601.4,
730.4,730.4,730.4,730.4,730.4,
685.3,685.3,685.3,685.3,685.3,
679.3,679.3,679.3,679.3,679.3,
246.4,246.4,246.4,246.4,246.4,
220.1,220.1,220.1,220.1,220.1,
223.0,223.0,223.0,223.0,223.0,
287.1,287.1,287.1,287.1,287.1,
270.4,270.4,270.4,270.4,270.4,
653.8,653.8,653.8,653.8,653.8,
541.5,541.5,541.5,541.5,541.5,
536.5,536.5,536.5,536.5,536.5,
619.4,619.4,619.4,619.4,619.4,
717.8,717.8,717.8,717.8,717.8,
1397.81,851.27,851.27,851.27,851.27,
1830.23,835.24,835.24,835.24,835.24,
795.0,795.0,795.0,795.0,795.0,
798.1,798.1,798.1,798.1,798.1,
814.7,814.7,814.7,814.7,814.7,
302.12,405.39,405.39,405.39,405.39,
529.6,529.6,529.6,529.6,529.6,
751.32,508.24,508.24,508.24,508.24,
710.68,464.14,464.14,464.14,464.14,
792.02,422.54,422.54,422.54,422.54,
375.9,375.9,375.9,375.9,375.9,
369.0,369.0,369.0,369.0,369.0,
0.0,329.5,329.5,329.5,329.5,
143.83,320.05,320.05,320.05,320.05,
334.45,322.07,322.07,322.07,322.07,
473.53,307.1,307.1,307.1,307.1,
240.6,240.6,240.6,240.6,240.6,
242.3,242.3,242.3,242.3,242.3,
0.0,330.02,330.02,330.02,330.02,
12.4,370.29,370.29,370.29,370.29,
385.83,382.27,382.27,382.27,382.27,
434.27,379.5,379.5,379.5,379.5,
304.2,304.2,304.2,304.2,304.2,
52.57,400.02,400.02,400.02,400.02,
329.67,432.73,432.73,432.73,432.73,
679.5,679.5,679.5,679.5,679.5,
895.7,895.7,895.7,895.7,895.7,
914.6,914.6,914.6,914.6,914.6,
770.6,770.6,770.6,770.6,770.6,
767.4,767.4,767.4,767.4,767.4,
770.1,770.1,770.1,770.1,770.1,
746.0,746.0,746.0,746.0,746.0,
632.22,819.41,819.41,819.41,819.41,
419.31,606.56,606.56,606.56,606.56,
0.0,0.0,0.0,0.0,0.0,
1714.2,1714.2,1714.2,1714.2,1714.2,
1487.4,1487.4,1487.4,1487.4,1487.4,
1478.0,1478.0,1478.0,1478.0,1478.0,
1460.5,1460.5,1460.5,1460.5,1460.5,
1519.0,1519.0,1519.0,1519.0,1519.0,
1542.3,1542.3,1542.3,1542.3,1542.3,
1555.5,1555.5,1555.5,1555.5,1555.5,
1547.9,1547.9,1547.9,1547.9,1547.9,
1518.4,1518.4,1518.4,1518.4,1518.4,
1510.4,1510.4,1510.4,1510.4,1510.4,
518.4,518.4,518.4,518.4,518.4,
631.0,631.0,631.0,631.0,631.0,
640.7,640.7,640.7,640.7,640.7,
642.0,642.0,642.0,642.0,642.0,
629.9,629.9,629.9,629.9,629.9,
609.2,609.2,609.2,609.2,609.2,
597.0,597.0,597.0,597.0,597.0,
2015.5,2015.5,2015.5,2015.5,2015.5,
2018.1,2018.1,2018.1,2018.1,2018.1,
2027.4,2027.4,2027.4,2027.4,2027.4,
1710.7,1710.7,1710.7,1710.7,1710.7,
1592.1,1592.1,1592.1,1592.1,1592.1,
1588.8,1588.8,1588.8,1588.8,1588.8,
1590.5,1590.5,1590.5,1590.5,1590.5,
1583.8,1583.8,1583.8,1583.8,1583.8,
1595.3,1595.3,1595.3,1595.3,1595.3,
1598.1,1598.1,1598.1,1598.1,1598.1,
184.2,184.2,184.2,184.2,184.2,
287.1,287.1,287.1,287.1,287.1,
1975.4,1975.4,1975.4,1975.4,1975.4,
1994.2,1994.2,1994.2,1994.2,1994.2,
2232.1,2232.1,2232.1,2232.1,2232.1,
2273.7,2273.7,2273.7,2273.7,2273.7,
2282.2,2282.2,2282.2,2282.2,2282.2,
2957.0,2957.0,2957.0,2957.0,2957.0,
5779.28,3400.86,3400.86,3400.86,3400.86,
2956.4,2956.4,2956.4,2956.4,2956.4,
2958.5,2958.5,2958.5,2958.5,2958.5,
2845.3,2845.3,2845.3,2845.3,2845.3,
1148.8,1148.8,1148.8,1148.8,1148.8,
1129.4,1129.4,1129.4,1129.4,1129.4,
893.3,893.3,893.3,893.3,893.3,
847.1,847.1,847.1,847.1,847.1,
837.9,837.9,837.9,837.9,837.9,
109.95,122.67,122.67,122.67,122.67,
