[1688.  371.  147.  197.  489.  148.  531.  345.  389. 1601.    7.  154.
  229.   72. 1539.]
[ 371.  147.  197.  489.  148.  531.  345.  389. 1601.    7.  154.  229.
   72. 1539.  298.]
[ 147.  197.  489.  148.  531.  345.  389. 1601.    7.  154.  229.   72.
 1539.  298.  158.]
[ 197.  489.  148.  531.  345.  389. 1601.    7.  154.  229.   72. 1539.
  298.  158.  122.]
[ 489.  148.  531.  345.  389. 1601.    7.  154.  229.   72. 1539.  298.
  158.  122.  413.]
[ 148.  531.  345.  389. 1601.    7.  154.  229.   72. 1539.  298.  158.
  122.  413.  471.]
[ 531.  345.  389. 1601.    7.  154.  229.   72. 1539.  298.  158.  122.
  413.  471.  662.]
[ 345.  389. 1601.    7.  154.  229.   72. 1539.  298.  158.  122.  413.
  471.  662.  124.]
[ 389. 1601.    7.  154.  229.   72. 1539.  298.  158.  122.  413.  471.
  662.  124. 1704.]
[1601.    7.  154.  229.   72. 1539.  298.  158.  122.  413.  471.  662.
  124. 1704. 1586.]
[   7.  154.  229.   72. 1539.  298.  158.  122.  413.  471.  662.  124.
 1704. 1586. 1332.]
[ 154.  229.   72. 1539.  298.  158.  122.  413.  471.  662.  124. 1704.
 1586. 1332. 3849.]
[ 229.   72. 1539.  298.  158.  122.  413.  471.  662.  124. 1704. 1586.
 1332. 3849.   86.]
[  72. 1539.  298.  158.  122.  413.  471.  662.  124. 1704. 1586. 1332.
 3849.   86.  968.]
[1539.  298.  158.  122.  413.  471.  662.  124. 1704. 1586. 1332. 3849.
   86.  968.   92.]
[ 298.  158.  122.  413.  471.  662.  124. 1704. 1586. 1332. 3849.   86.
  968.   92.  684.]
[ 158.  122.  413.  471.  662.  124. 1704. 1586. 1332. 3849.   86.  968.
   92.  684.  624.]
[ 122.  413.  471.  662.  124. 1704. 1586. 1332. 3849.   86.  968.   92.
  684.  624. 2718.]
[ 413.  471.  662.  124. 1704. 1586. 1332. 3849.   86.  968.   92.  684.
  624. 2718.   21.]
[ 471.  662.  124. 1704. 1586. 1332. 3849.   86.  968.   92.  684.  624.
 2718.   21.  697.]
[ 662.  124. 1704. 1586. 1332. 3849.   86.  968.   92.  684.  624. 2718.
   21.  697.   29.]
[ 124. 1704. 1586. 1332. 3849.   86.  968.   92.  684.  624. 2718.   21.
  697.   29.  261.]
[1704. 1586. 1332. 3849.   86.  968.   92.  684.  624. 2718.   21.  697.
   29.  261. 2127.]
[1586. 1332. 3849.   86.  968.   92.  684.  624. 2718.   21.  697.   29.
  261. 2127.  665.]
[1332. 3849.   86.  968.   92.  684.  624. 2718.   21.  697.   29.  261.
 2127.  665.   41.]
[3849.   86.  968.   92.  684.  624. 2718.   21.  697.   29.  261. 2127.
  665.   41.  142.]
[  86.  968.   92.  684.  624. 2718.   21.  697.   29.  261. 2127.  665.
   41.  142.  548.]
[ 968.   92.  684.  624. 2718.   21.  697.   29.  261. 2127.  665.   41.
  142.  548.   47.]
[  92.  684.  624. 2718.   21.  697.   29.  261. 2127.  665.   41.  142.
  548.   47.    8.]
[ 684.  624. 2718.   21.  697.   29.  261. 2127.  665.   41.  142.  548.
   47.    8.   72.]
[ 624. 2718.   21.  697.   29.  261. 2127.  665.   41.  142.  548.   47.
    8.   72. 2941.]
[2718.   21.  697.   29.  261. 2127.  665.   41.  142.  548.   47.    8.
   72. 2941.  368.]
[  21.  697.   29.  261. 2127.  665.   41.  142.  548.   47.    8.   72.
 2941.  368.   77.]
[ 697.   29.  261. 2127.  665.   41.  142.  548.   47.    8.   72. 2941.
  368.   77.   15.]
[  29.  261. 2127.  665.   41.  142.  548.   47.    8.   72. 2941.  368.
   77.   15.  283.]
[ 261. 2127.  665.   41.  142.  548.   47.    8.   72. 2941.  368.   77.
   15.  283.  868.]
[2127.  665.   41.  142.  548.   47.    8.   72. 2941.  368.   77.   15.
  283.  868. 1409.]
[ 665.   41.  142.  548.   47.    8.   72. 2941.  368.   77.   15.  283.
  868. 1409.  727.]
[  41.  142.  548.   47.    8.   72. 2941.  368.   77.   15.  283.  868.
 1409.  727.  188.]
[ 142.  548.   47.    8.   72. 2941.  368.   77.   15.  283.  868. 1409.
  727.  188. 2468.]
[ 548.   47.    8.   72. 2941.  368.   77.   15.  283.  868. 1409.  727.
  188. 2468.  501.]
[  47.    8.   72. 2941.  368.   77.   15.  283.  868. 1409.  727.  188.
 2468.  501.  680.]
[   8.   72. 2941.  368.   77.   15.  283.  868. 1409.  727.  188. 2468.
  501.  680.  847.]
[  72. 2941.  368.   77.   15.  283.  868. 1409.  727.  188. 2468.  501.
  680.  847.  274.]
[2941.  368.   77.   15.  283.  868. 1409.  727.  188. 2468.  501.  680.
  847.  274.  318.]
[ 368.   77.   15.  283.  868. 1409.  727.  188. 2468.  501.  680.  847.
  274.  318.  422.]
[  77.   15.  283.  868. 1409.  727.  188. 2468.  501.  680.  847.  274.
  318.  422.  800.]
[  15.  283.  868. 1409.  727.  188. 2468.  501.  680.  847.  274.  318.
  422.  800.  416.]
[ 283.  868. 1409.  727.  188. 2468.  501.  680.  847.  274.  318.  422.
  800.  416.   73.]
[ 868. 1409.  727.  188. 2468.  501.  680.  847.  274.  318.  422.  800.
  416.   73.   62.]
[1409.  727.  188. 2468.  501.  680.  847.  274.  318.  422.  800.  416.
   73.   62.  171.]
[ 727.  188. 2468.  501.  680.  847.  274.  318.  422.  800.  416.   73.
   62.  171.  450.]
[ 188. 2468.  501.  680.  847.  274.  318.  422.  800.  416.   73.   62.
  171.  450.  127.]
[2468.  501.  680.  847.  274.  318.  422.  800.  416.   73.   62.  171.
  450.  127.  135.]
[501. 680. 847. 274. 318. 422. 800. 416.  73.  62. 171. 450. 127. 135.
 179.]
[680. 847. 274. 318. 422. 800. 416.  73.  62. 171. 450. 127. 135. 179.
 361.]
[847. 274. 318. 422. 800. 416.  73.  62. 171. 450. 127. 135. 179. 361.
 952.]
[ 274.  318.  422.  800.  416.   73.   62.  171.  450.  127.  135.  179.
  361.  952. 1295.]
[ 318.  422.  800.  416.   73.   62.  171.  450.  127.  135.  179.  361.
  952. 1295.  148.]
[ 422.  800.  416.   73.   62.  171.  450.  127.  135.  179.  361.  952.
 1295.  148. 2175.]
[ 800.  416.   73.   62.  171.  450.  127.  135.  179.  361.  952. 1295.
  148. 2175.  505.]
[ 416.   73.   62.  171.  450.  127.  135.  179.  361.  952. 1295.  148.
 2175.  505.  107.]
[  73.   62.  171.  450.  127.  135.  179.  361.  952. 1295.  148. 2175.
  505.  107.  212.]
[  62.  171.  450.  127.  135.  179.  361.  952. 1295.  148. 2175.  505.
  107.  212.  753.]
[ 171.  450.  127.  135.  179.  361.  952. 1295.  148. 2175.  505.  107.
  212.  753.  550.]
[ 450.  127.  135.  179.  361.  952. 1295.  148. 2175.  505.  107.  212.
  753.  550. 1578.]
[ 127.  135.  179.  361.  952. 1295.  148. 2175.  505.  107.  212.  753.
  550. 1578.  860.]
[ 135.  179.  361.  952. 1295.  148. 2175.  505.  107.  212.  753.  550.
 1578.  860.  526.]
[ 179.  361.  952. 1295.  148. 2175.  505.  107.  212.  753.  550. 1578.
  860.  526. 1026.]
[ 361.  952. 1295.  148. 2175.  505.  107.  212.  753.  550. 1578.  860.
  526. 1026.  772.]
[ 952. 1295.  148. 2175.  505.  107.  212.  753.  550. 1578.  860.  526.
 1026.  772. 1077.]
[1295.  148. 2175.  505.  107.  212.  753.  550. 1578.  860.  526. 1026.
  772. 1077.  284.]
[ 148. 2175.  505.  107.  212.  753.  550. 1578.  860.  526. 1026.  772.
 1077.  284.  110.]
[2175.  505.  107.  212.  753.  550. 1578.  860.  526. 1026.  772. 1077.
  284.  110.  771.]
[ 505.  107.  212.  753.  550. 1578.  860.  526. 1026.  772. 1077.  284.
  110.  771.  228.]
[ 107.  212.  753.  550. 1578.  860.  526. 1026.  772. 1077.  284.  110.
  771.  228. 1494.]
[ 212.  753.  550. 1578.  860.  526. 1026.  772. 1077.  284.  110.  771.
  228. 1494.  926.]
[ 753.  550. 1578.  860.  526. 1026.  772. 1077.  284.  110.  771.  228.
 1494.  926. 1279.]
[ 550. 1578.  860.  526. 1026.  772. 1077.  284.  110.  771.  228. 1494.
  926. 1279.  539.]
[1578.  860.  526. 1026.  772. 1077.  284.  110.  771.  228. 1494.  926.
 1279.  539.   63.]
[ 860.  526. 1026.  772. 1077.  284.  110.  771.  228. 1494.  926. 1279.
  539.   63.  849.]
[ 526. 1026.  772. 1077.  284.  110.  771.  228. 1494.  926. 1279.  539.
   63.  849.  431.]
[1026.  772. 1077.  284.  110.  771.  228. 1494.  926. 1279.  539.   63.
  849.  431.  144.]
[ 772. 1077.  284.  110.  771.  228. 1494.  926. 1279.  539.   63.  849.
  431.  144.   91.]
[1077.  284.  110.  771.  228. 1494.  926. 1279.  539.   63.  849.  431.
  144.   91.  361.]
[ 284.  110.  771.  228. 1494.  926. 1279.  539.   63.  849.  431.  144.
   91.  361.  180.]
[ 110.  771.  228. 1494.  926. 1279.  539.   63.  849.  431.  144.   91.
  361.  180.   97.]
[ 771.  228. 1494.  926. 1279.  539.   63.  849.  431.  144.   91.  361.
  180.   97.   60.]
[ 228. 1494.  926. 1279.  539.   63.  849.  431.  144.   91.  361.  180.
   97.   60.  144.]
[1494.  926. 1279.  539.   63.  849.  431.  144.   91.  361.  180.   97.
   60.  144.   74.]
[ 926. 1279.  539.   63.  849.  431.  144.   91.  361.  180.   97.   60.
  144.   74.  603.]
[1279.  539.   63.  849.  431.  144.   91.  361.  180.   97.   60.  144.
   74.  603.  100.]
[539.  63. 849. 431. 144.  91. 361. 180.  97.  60. 144.  74. 603. 100.
 154.]
[  63.  849.  431.  144.   91.  361.  180.   97.   60.  144.   74.  603.
  100.  154. 1217.]
[ 849.  431.  144.   91.  361.  180.   97.   60.  144.   74.  603.  100.
  154. 1217. 1215.]
[ 431.  144.   91.  361.  180.   97.   60.  144.   74.  603.  100.  154.
 1217. 1215.  799.]
[ 144.   91.  361.  180.   97.   60.  144.   74.  603.  100.  154. 1217.
 1215.  799.   58.]
[  91.  361.  180.   97.   60.  144.   74.  603.  100.  154. 1217. 1215.
  799.   58. 2171.]
[ 361.  180.   97.   60.  144.   74.  603.  100.  154. 1217. 1215.  799.
   58. 2171.  516.]
[ 180.   97.   60.  144.   74.  603.  100.  154. 1217. 1215.  799.   58.
 2171.  516. 2708.]
[  97.   60.  144.   74.  603.  100.  154. 1217. 1215.  799.   58. 2171.
  516. 2708. 2054.]
[  60.  144.   74.  603.  100.  154. 1217. 1215.  799.   58. 2171.  516.
 2708. 2054. 1151.]
[ 144.   74.  603.  100.  154. 1217. 1215.  799.   58. 2171.  516. 2708.
 2054. 1151.  680.]
[  74.  603.  100.  154. 1217. 1215.  799.   58. 2171.  516. 2708. 2054.
 1151.  680.  288.]
[ 603.  100.  154. 1217. 1215.  799.   58. 2171.  516. 2708. 2054. 1151.
  680.  288.  440.]
[ 100.  154. 1217. 1215.  799.   58. 2171.  516. 2708. 2054. 1151.  680.
  288.  440.  792.]
[ 154. 1217. 1215.  799.   58. 2171.  516. 2708. 2054. 1151.  680.  288.
  440.  792.  562.]
[1217. 1215.  799.   58. 2171.  516. 2708. 2054. 1151.  680.  288.  440.
  792.  562. 3904.]
[1215.  799.   58. 2171.  516. 2708. 2054. 1151.  680.  288.  440.  792.
  562. 3904.  120.]
[ 799.   58. 2171.  516. 2708. 2054. 1151.  680.  288.  440.  792.  562.
 3904.  120.   79.]
[  58. 2171.  516. 2708. 2054. 1151.  680.  288.  440.  792.  562. 3904.
  120.   79. 3666.]
[2171.  516. 2708. 2054. 1151.  680.  288.  440.  792.  562. 3904.  120.
   79. 3666.  445.]
[ 516. 2708. 2054. 1151.  680.  288.  440.  792.  562. 3904.  120.   79.
 3666.  445.   50.]
[2708. 2054. 1151.  680.  288.  440.  792.  562. 3904.  120.   79. 3666.
  445.   50.  286.]
[2054. 1151.  680.  288.  440.  792.  562. 3904.  120.   79. 3666.  445.
   50.  286. 1360.]
[1151.  680.  288.  440.  792.  562. 3904.  120.   79. 3666.  445.   50.
  286. 1360.  278.]
[ 680.  288.  440.  792.  562. 3904.  120.   79. 3666.  445.   50.  286.
 1360.  278.   35.]
[ 288.  440.  792.  562. 3904.  120.   79. 3666.  445.   50.  286. 1360.
  278.   35. 1228.]
[ 440.  792.  562. 3904.  120.   79. 3666.  445.   50.  286. 1360.  278.
   35. 1228.  116.]
[ 792.  562. 3904.  120.   79. 3666.  445.   50.  286. 1360.  278.   35.
 1228.  116. 1430.]
[ 562. 3904.  120.   79. 3666.  445.   50.  286. 1360.  278.   35. 1228.
  116. 1430.  902.]
[3904.  120.   79. 3666.  445.   50.  286. 1360.  278.   35. 1228.  116.
 1430.  902.  527.]
[ 120.   79. 3666.  445.   50.  286. 1360.  278.   35. 1228.  116. 1430.
  902.  527.  128.]
[  79. 3666.  445.   50.  286. 1360.  278.   35. 1228.  116. 1430.  902.
  527.  128.  839.]
[3666.  445.   50.  286. 1360.  278.   35. 1228.  116. 1430.  902.  527.
  128.  839.  124.]
[ 445.   50.  286. 1360.  278.   35. 1228.  116. 1430.  902.  527.  128.
  839.  124.  111.]
[  50.  286. 1360.  278.   35. 1228.  116. 1430.  902.  527.  128.  839.
  124.  111. 1037.]
[ 286. 1360.  278.   35. 1228.  116. 1430.  902.  527.  128.  839.  124.
  111. 1037. 1753.]
[1360.  278.   35. 1228.  116. 1430.  902.  527.  128.  839.  124.  111.
 1037. 1753. 1044.]
[ 278.   35. 1228.  116. 1430.  902.  527.  128.  839.  124.  111. 1037.
 1753. 1044. 2089.]
[  35. 1228.  116. 1430.  902.  527.  128.  839.  124.  111. 1037. 1753.
 1044. 2089.  525.]
[1228.  116. 1430.  902.  527.  128.  839.  124.  111. 1037. 1753. 1044.
 2089.  525.  949.]
[ 116. 1430.  902.  527.  128.  839.  124.  111. 1037. 1753. 1044. 2089.
  525.  949.  610.]
[1430.  902.  527.  128.  839.  124.  111. 1037. 1753. 1044. 2089.  525.
  949.  610.  115.]
[ 902.  527.  128.  839.  124.  111. 1037. 1753. 1044. 2089.  525.  949.
  610.  115.  580.]
[ 527.  128.  839.  124.  111. 1037. 1753. 1044. 2089.  525.  949.  610.
  115.  580. 1651.]
[ 128.  839.  124.  111. 1037. 1753. 1044. 2089.  525.  949.  610.  115.
  580. 1651.  192.]
[ 839.  124.  111. 1037. 1753. 1044. 2089.  525.  949.  610.  115.  580.
 1651.  192.  500.]
[ 124.  111. 1037. 1753. 1044. 2089.  525.  949.  610.  115.  580. 1651.
  192.  500.  108.]
[ 111. 1037. 1753. 1044. 2089.  525.  949.  610.  115.  580. 1651.  192.
  500.  108.  888.]
[1037. 1753. 1044. 2089.  525.  949.  610.  115.  580. 1651.  192.  500.
  108.  888.   78.]
[1753. 1044. 2089.  525.  949.  610.  115.  580. 1651.  192.  500.  108.
  888.   78.   21.]
[1044. 2089.  525.  949.  610.  115.  580. 1651.  192.  500.  108.  888.
   78.   21.  837.]
[2089.  525.  949.  610.  115.  580. 1651.  192.  500.  108.  888.   78.
   21.  837.  476.]
[ 525.  949.  610.  115.  580. 1651.  192.  500.  108.  888.   78.   21.
  837.  476.  374.]
[ 949.  610.  115.  580. 1651.  192.  500.  108.  888.   78.   21.  837.
  476.  374. 1742.]
[ 610.  115.  580. 1651.  192.  500.  108.  888.   78.   21.  837.  476.
  374. 1742.  589.]
[ 115.  580. 1651.  192.  500.  108.  888.   78.   21.  837.  476.  374.
 1742.  589.   10.]
[ 580. 1651.  192.  500.  108.  888.   78.   21.  837.  476.  374. 1742.
  589.   10.  116.]
[1651.  192.  500.  108.  888.   78.   21.  837.  476.  374. 1742.  589.
   10.  116.   72.]
[ 192.  500.  108.  888.   78.   21.  837.  476.  374. 1742.  589.   10.
  116.   72. 1342.]
[ 500.  108.  888.   78.   21.  837.  476.  374. 1742.  589.   10.  116.
   72. 1342.   87.]
[ 108.  888.   78.   21.  837.  476.  374. 1742.  589.   10.  116.   72.
 1342.   87.   42.]
[ 888.   78.   21.  837.  476.  374. 1742.  589.   10.  116.   72. 1342.
   87.   42. 1173.]
[  78.   21.  837.  476.  374. 1742.  589.   10.  116.   72. 1342.   87.
   42. 1173.  246.]
[  21.  837.  476.  374. 1742.  589.   10.  116.   72. 1342.   87.   42.
 1173.  246.  110.]
[ 837.  476.  374. 1742.  589.   10.  116.   72. 1342.   87.   42. 1173.
  246.  110. 1230.]
[ 476.  374. 1742.  589.   10.  116.   72. 1342.   87.   42. 1173.  246.
  110. 1230.  893.]
[ 374. 1742.  589.   10.  116.   72. 1342.   87.   42. 1173.  246.  110.
 1230.  893.  833.]
[1742.  589.   10.  116.   72. 1342.   87.   42. 1173.  246.  110. 1230.
  893.  833.  154.]
[ 589.   10.  116.   72. 1342.   87.   42. 1173.  246.  110. 1230.  893.
  833.  154.  264.]
[  10.  116.   72. 1342.   87.   42. 1173.  246.  110. 1230.  893.  833.
  154.  264.  386.]
[ 116.   72. 1342.   87.   42. 1173.  246.  110. 1230.  893.  833.  154.
  264.  386. 3666.]
[  72. 1342.   87.   42. 1173.  246.  110. 1230.  893.  833.  154.  264.
  386. 3666. 2714.]
[1342.   87.   42. 1173.  246.  110. 1230.  893.  833.  154.  264.  386.
 3666. 2714. 1910.]
[  87.   42. 1173.  246.  110. 1230.  893.  833.  154.  264.  386. 3666.
 2714. 1910.  115.]
[  42. 1173.  246.  110. 1230.  893.  833.  154.  264.  386. 3666. 2714.
 1910.  115.  177.]
[1173.  246.  110. 1230.  893.  833.  154.  264.  386. 3666. 2714. 1910.
  115.  177.   55.]
[ 246.  110. 1230.  893.  833.  154.  264.  386. 3666. 2714. 1910.  115.
  177.   55.   59.]
[ 110. 1230.  893.  833.  154.  264.  386. 3666. 2714. 1910.  115.  177.
   55.   59.  259.]
[1230.  893.  833.  154.  264.  386. 3666. 2714. 1910.  115.  177.   55.
   59.  259.   82.]
[ 893.  833.  154.  264.  386. 3666. 2714. 1910.  115.  177.   55.   59.
  259.   82.   76.]
[ 833.  154.  264.  386. 3666. 2714. 1910.  115.  177.   55.   59.  259.
   82.   76.   55.]
[ 154.  264.  386. 3666. 2714. 1910.  115.  177.   55.   59.  259.   82.
   76.   55.  179.]
[ 264.  386. 3666. 2714. 1910.  115.  177.   55.   59.  259.   82.   76.
   55.  179.  404.]
[ 386. 3666. 2714. 1910.  115.  177.   55.   59.  259.   82.   76.   55.
  179.  404. 1117.]
[3666. 2714. 1910.  115.  177.   55.   59.  259.   82.   76.   55.  179.
  404. 1117.  150.]
[2714. 1910.  115.  177.   55.   59.  259.   82.   76.   55.  179.  404.
 1117.  150. 1331.]
[1910.  115.  177.   55.   59.  259.   82.   76.   55.  179.  404. 1117.
  150. 1331.  868.]
[ 115.  177.   55.   59.  259.   82.   76.   55.  179.  404. 1117.  150.
 1331.  868.   24.]
[ 177.   55.   59.  259.   82.   76.   55.  179.  404. 1117.  150. 1331.
  868.   24. 3027.]
[  55.   59.  259.   82.   76.   55.  179.  404. 1117.  150. 1331.  868.
   24. 3027.  135.]
[  59.  259.   82.   76.   55.  179.  404. 1117.  150. 1331.  868.   24.
 3027.  135.   29.]
[ 259.   82.   76.   55.  179.  404. 1117.  150. 1331.  868.   24. 3027.
  135.   29.  483.]
[  82.   76.   55.  179.  404. 1117.  150. 1331.  868.   24. 3027.  135.
   29.  483. 1830.]
[  76.   55.  179.  404. 1117.  150. 1331.  868.   24. 3027.  135.   29.
  483. 1830.  545.]
[  55.  179.  404. 1117.  150. 1331.  868.   24. 3027.  135.   29.  483.
 1830.  545.   41.]
[ 179.  404. 1117.  150. 1331.  868.   24. 3027.  135.   29.  483. 1830.
  545.   41. 1026.]
[ 404. 1117.  150. 1331.  868.   24. 3027.  135.   29.  483. 1830.  545.
   41. 1026.   85.]
[1117.  150. 1331.  868.   24. 3027.  135.   29.  483. 1830.  545.   41.
 1026.   85.   31.]
[ 150. 1331.  868.   24. 3027.  135.   29.  483. 1830.  545.   41. 1026.
   85.   31. 2409.]
[1331.  868.   24. 3027.  135.   29.  483. 1830.  545.   41. 1026.   85.
   31. 2409.   60.]
[ 868.   24. 3027.  135.   29.  483. 1830.  545.   41. 1026.   85.   31.
 2409.   60.  946.]
[  24. 3027.  135.   29.  483. 1830.  545.   41. 1026.   85.   31. 2409.
   60.  946.   66.]
[3027.  135.   29.  483. 1830.  545.   41. 1026.   85.   31. 2409.   60.
  946.   66.  850.]
[ 135.   29.  483. 1830.  545.   41. 1026.   85.   31. 2409.   60.  946.
   66.  850.  461.]
[  29.  483. 1830.  545.   41. 1026.   85.   31. 2409.   60.  946.   66.
  850.  461.   64.]
[ 483. 1830.  545.   41. 1026.   85.   31. 2409.   60.  946.   66.  850.
  461.   64.   61.]
[1830.  545.   41. 1026.   85.   31. 2409.   60.  946.   66.  850.  461.
   64.   61. 1963.]
[ 545.   41. 1026.   85.   31. 2409.   60.  946.   66.  850.  461.   64.
   61. 1963. 1467.]
[  41. 1026.   85.   31. 2409.   60.  946.   66.  850.  461.   64.   61.
 1963. 1467. 1595.]
[1026.   85.   31. 2409.   60.  946.   66.  850.  461.   64.   61. 1963.
 1467. 1595.   85.]
[  85.   31. 2409.   60.  946.   66.  850.  461.   64.   61. 1963. 1467.
 1595.   85.  114.]
[  31. 2409.   60.  946.   66.  850.  461.   64.   61. 1963. 1467. 1595.
   85.  114. 1937.]
[2409.   60.  946.   66.  850.  461.   64.   61. 1963. 1467. 1595.   85.
  114. 1937.  408.]
[  60.  946.   66.  850.  461.   64.   61. 1963. 1467. 1595.   85.  114.
 1937.  408.  329.]
[ 946.   66.  850.  461.   64.   61. 1963. 1467. 1595.   85.  114. 1937.
  408.  329.  637.]
[  66.  850.  461.   64.   61. 1963. 1467. 1595.   85.  114. 1937.  408.
  329.  637. 1308.]
[ 850.  461.   64.   61. 1963. 1467. 1595.   85.  114. 1937.  408.  329.
  637. 1308.  131.]
[ 461.   64.   61. 1963. 1467. 1595.   85.  114. 1937.  408.  329.  637.
 1308.  131.  564.]
[  64.   61. 1963. 1467. 1595.   85.  114. 1937.  408.  329.  637. 1308.
  131.  564.   47.]
[  61. 1963. 1467. 1595.   85.  114. 1937.  408.  329.  637. 1308.  131.
  564.   47.   96.]
[1963. 1467. 1595.   85.  114. 1937.  408.  329.  637. 1308.  131.  564.
   47.   96.   54.]
[1467. 1595.   85.  114. 1937.  408.  329.  637. 1308.  131.  564.   47.
   96.   54. 1135.]
[1595.   85.  114. 1937.  408.  329.  637. 1308.  131.  564.   47.   96.
   54. 1135. 1601.]
[  85.  114. 1937.  408.  329.  637. 1308.  131.  564.   47.   96.   54.
 1135. 1601. 1104.]
[ 114. 1937.  408.  329.  637. 1308.  131.  564.   47.   96.   54. 1135.
 1601. 1104.  813.]
[1937.  408.  329.  637. 1308.  131.  564.   47.   96.   54. 1135. 1601.
 1104.  813.  138.]
[ 408.  329.  637. 1308.  131.  564.   47.   96.   54. 1135. 1601. 1104.
  813.  138.   65.]
[ 329.  637. 1308.  131.  564.   47.   96.   54. 1135. 1601. 1104.  813.
  138.   65. 1651.]
[ 637. 1308.  131.  564.   47.   96.   54. 1135. 1601. 1104.  813.  138.
   65. 1651.   97.]
[1308.  131.  564.   47.   96.   54. 1135. 1601. 1104.  813.  138.   65.
 1651.   97.  179.]
[ 131.  564.   47.   96.   54. 1135. 1601. 1104.  813.  138.   65. 1651.
   97.  179. 1206.]
[ 564.   47.   96.   54. 1135. 1601. 1104.  813.  138.   65. 1651.   97.
  179. 1206.  540.]
[  47.   96.   54. 1135. 1601. 1104.  813.  138.   65. 1651.   97.  179.
 1206.  540.  423.]
[  96.   54. 1135. 1601. 1104.  813.  138.   65. 1651.   97.  179. 1206.
  540.  423. 1022.]
[  54. 1135. 1601. 1104.  813.  138.   65. 1651.   97.  179. 1206.  540.
  423. 1022.  378.]
[1135. 1601. 1104.  813.  138.   65. 1651.   97.  179. 1206.  540.  423.
 1022.  378.  667.]
[1601. 1104.  813.  138.   65. 1651.   97.  179. 1206.  540.  423. 1022.
  378.  667.   34.]
[1104.  813.  138.   65. 1651.   97.  179. 1206.  540.  423. 1022.  378.
  667.   34.  156.]
[ 813.  138.   65. 1651.   97.  179. 1206.  540.  423. 1022.  378.  667.
   34.  156.  395.]
[ 138.   65. 1651.   97.  179. 1206.  540.  423. 1022.  378.  667.   34.
  156.  395. 1141.]
[  65. 1651.   97.  179. 1206.  540.  423. 1022.  378.  667.   34.  156.
  395. 1141.  324.]
[1651.   97.  179. 1206.  540.  423. 1022.  378.  667.   34.  156.  395.
 1141.  324. 2862.]
[  97.  179. 1206.  540.  423. 1022.  378.  667.   34.  156.  395. 1141.
  324. 2862.  299.]
[ 179. 1206.  540.  423. 1022.  378.  667.   34.  156.  395. 1141.  324.
 2862.  299. 1014.]
[1206.  540.  423. 1022.  378.  667.   34.  156.  395. 1141.  324. 2862.
  299. 1014. 1434.]
[ 540.  423. 1022.  378.  667.   34.  156.  395. 1141.  324. 2862.  299.
 1014. 1434.   75.]
[ 423. 1022.  378.  667.   34.  156.  395. 1141.  324. 2862.  299. 1014.
 1434.   75.   31.]
[1022.  378.  667.   34.  156.  395. 1141.  324. 2862.  299. 1014. 1434.
   75.   31.  171.]
[ 378.  667.   34.  156.  395. 1141.  324. 2862.  299. 1014. 1434.   75.
   31.  171.  916.]
[ 667.   34.  156.  395. 1141.  324. 2862.  299. 1014. 1434.   75.   31.
  171.  916.  338.]
[  34.  156.  395. 1141.  324. 2862.  299. 1014. 1434.   75.   31.  171.
  916.  338. 1551.]
[ 156.  395. 1141.  324. 2862.  299. 1014. 1434.   75.   31.  171.  916.
  338. 1551.  404.]
[ 395. 1141.  324. 2862.  299. 1014. 1434.   75.   31.  171.  916.  338.
 1551.  404. 1667.]
[1141.  324. 2862.  299. 1014. 1434.   75.   31.  171.  916.  338. 1551.
  404. 1667.  195.]
[ 324. 2862.  299. 1014. 1434.   75.   31.  171.  916.  338. 1551.  404.
 1667.  195. 1406.]
[2862.  299. 1014. 1434.   75.   31.  171.  916.  338. 1551.  404. 1667.
  195. 1406.  966.]
[ 299. 1014. 1434.   75.   31.  171.  916.  338. 1551.  404. 1667.  195.
 1406.  966. 1213.]
[1014. 1434.   75.   31.  171.  916.  338. 1551.  404. 1667.  195. 1406.
  966. 1213.  338.]
[1434.   75.   31.  171.  916.  338. 1551.  404. 1667.  195. 1406.  966.
 1213.  338.  122.]
[  75.   31.  171.  916.  338. 1551.  404. 1667.  195. 1406.  966. 1213.
  338.  122. 1129.]
[  31.  171.  916.  338. 1551.  404. 1667.  195. 1406.  966. 1213.  338.
  122. 1129. 1901.]
[ 171.  916.  338. 1551.  404. 1667.  195. 1406.  966. 1213.  338.  122.
 1129. 1901.  639.]
[ 916.  338. 1551.  404. 1667.  195. 1406.  966. 1213.  338.  122. 1129.
 1901.  639.  589.]
[ 338. 1551.  404. 1667.  195. 1406.  966. 1213.  338.  122. 1129. 1901.
  639.  589.  401.]
[1551.  404. 1667.  195. 1406.  966. 1213.  338.  122. 1129. 1901.  639.
  589.  401.   64.]
[ 404. 1667.  195. 1406.  966. 1213.  338.  122. 1129. 1901.  639.  589.
  401.   64.  955.]
[1667.  195. 1406.  966. 1213.  338.  122. 1129. 1901.  639.  589.  401.
   64.  955.  642.]
[ 195. 1406.  966. 1213.  338.  122. 1129. 1901.  639.  589.  401.   64.
  955.  642.  150.]
[1406.  966. 1213.  338.  122. 1129. 1901.  639.  589.  401.   64.  955.
  642.  150.    8.]
[ 966. 1213.  338.  122. 1129. 1901.  639.  589.  401.   64.  955.  642.
  150.    8.  235.]
[1213.  338.  122. 1129. 1901.  639.  589.  401.   64.  955.  642.  150.
    8.  235. 2148.]
[ 338.  122. 1129. 1901.  639.  589.  401.   64.  955.  642.  150.    8.
  235. 2148.   85.]
[ 122. 1129. 1901.  639.  589.  401.   64.  955.  642.  150.    8.  235.
 2148.   85.  285.]
[1129. 1901.  639.  589.  401.   64.  955.  642.  150.    8.  235. 2148.
   85.  285.  703.]
[1901.  639.  589.  401.   64.  955.  642.  150.    8.  235. 2148.   85.
  285.  703.  767.]
[ 639.  589.  401.   64.  955.  642.  150.    8.  235. 2148.   85.  285.
  703.  767.  427.]
[ 589.  401.   64.  955.  642.  150.    8.  235. 2148.   85.  285.  703.
  767.  427.   99.]
[ 401.   64.  955.  642.  150.    8.  235. 2148.   85.  285.  703.  767.
  427.   99.  724.]
[  64.  955.  642.  150.    8.  235. 2148.   85.  285.  703.  767.  427.
   99.  724.   39.]
[ 955.  642.  150.    8.  235. 2148.   85.  285.  703.  767.  427.   99.
  724.   39.  145.]
[ 642.  150.    8.  235. 2148.   85.  285.  703.  767.  427.   99.  724.
   39.  145.  131.]
[ 150.    8.  235. 2148.   85.  285.  703.  767.  427.   99.  724.   39.
  145.  131.  429.]
[   8.  235. 2148.   85.  285.  703.  767.  427.   99.  724.   39.  145.
  131.  429. 1781.]
[ 235. 2148.   85.  285.  703.  767.  427.   99.  724.   39.  145.  131.
  429. 1781.  180.]
[2148.   85.  285.  703.  767.  427.   99.  724.   39.  145.  131.  429.
 1781.  180. 1361.]
[  85.  285.  703.  767.  427.   99.  724.   39.  145.  131.  429. 1781.
  180. 1361.  278.]
[ 285.  703.  767.  427.   99.  724.   39.  145.  131.  429. 1781.  180.
 1361.  278.  392.]
[ 703.  767.  427.   99.  724.   39.  145.  131.  429. 1781.  180. 1361.
  278.  392.  454.]
[ 767.  427.   99.  724.   39.  145.  131.  429. 1781.  180. 1361.  278.
  392.  454. 2012.]
[ 427.   99.  724.   39.  145.  131.  429. 1781.  180. 1361.  278.  392.
  454. 2012.  431.]
[  99.  724.   39.  145.  131.  429. 1781.  180. 1361.  278.  392.  454.
 2012.  431.  169.]
[ 724.   39.  145.  131.  429. 1781.  180. 1361.  278.  392.  454. 2012.
  431.  169.  756.]
[  39.  145.  131.  429. 1781.  180. 1361.  278.  392.  454. 2012.  431.
  169.  756.   62.]
[ 145.  131.  429. 1781.  180. 1361.  278.  392.  454. 2012.  431.  169.
  756.   62.  120.]
[ 131.  429. 1781.  180. 1361.  278.  392.  454. 2012.  431.  169.  756.
   62.  120.  106.]
[ 429. 1781.  180. 1361.  278.  392.  454. 2012.  431.  169.  756.   62.
  120.  106.  537.]
[1781.  180. 1361.  278.  392.  454. 2012.  431.  169.  756.   62.  120.
  106.  537.  149.]
[ 180. 1361.  278.  392.  454. 2012.  431.  169.  756.   62.  120.  106.
  537.  149.  233.]
[1361.  278.  392.  454. 2012.  431.  169.  756.   62.  120.  106.  537.
  149.  233.  189.]
[ 278.  392.  454. 2012.  431.  169.  756.   62.  120.  106.  537.  149.
  233.  189.  144.]
[ 392.  454. 2012.  431.  169.  756.   62.  120.  106.  537.  149.  233.
  189.  144. 1147.]
[ 454. 2012.  431.  169.  756.   62.  120.  106.  537.  149.  233.  189.
  144. 1147.  469.]
[2012.  431.  169.  756.   62.  120.  106.  537.  149.  233.  189.  144.
 1147.  469. 1343.]
[ 431.  169.  756.   62.  120.  106.  537.  149.  233.  189.  144. 1147.
  469. 1343.   42.]
[ 169.  756.   62.  120.  106.  537.  149.  233.  189.  144. 1147.  469.
 1343.   42. 1787.]
[ 756.   62.  120.  106.  537.  149.  233.  189.  144. 1147.  469. 1343.
   42. 1787.   96.]
[  62.  120.  106.  537.  149.  233.  189.  144. 1147.  469. 1343.   42.
 1787.   96.  866.]
[ 120.  106.  537.  149.  233.  189.  144. 1147.  469. 1343.   42. 1787.
   96.  866. 1834.]
[ 106.  537.  149.  233.  189.  144. 1147.  469. 1343.   42. 1787.   96.
  866. 1834.  422.]
[ 537.  149.  233.  189.  144. 1147.  469. 1343.   42. 1787.   96.  866.
 1834.  422. 3480.]
[ 149.  233.  189.  144. 1147.  469. 1343.   42. 1787.   96.  866. 1834.
  422. 3480.  222.]
[ 233.  189.  144. 1147.  469. 1343.   42. 1787.   96.  866. 1834.  422.
 3480.  222. 1603.]
[ 189.  144. 1147.  469. 1343.   42. 1787.   96.  866. 1834.  422. 3480.
  222. 1603. 1175.]
[ 144. 1147.  469. 1343.   42. 1787.   96.  866. 1834.  422. 3480.  222.
 1603. 1175.  726.]
[1147.  469. 1343.   42. 1787.   96.  866. 1834.  422. 3480.  222. 1603.
 1175.  726.   66.]
[ 469. 1343.   42. 1787.   96.  866. 1834.  422. 3480.  222. 1603. 1175.
  726.   66.  786.]
[1343.   42. 1787.   96.  866. 1834.  422. 3480.  222. 1603. 1175.  726.
   66.  786. 1590.]
[  42. 1787.   96.  866. 1834.  422. 3480.  222. 1603. 1175.  726.   66.
  786. 1590.   80.]
[1787.   96.  866. 1834.  422. 3480.  222. 1603. 1175.  726.   66.  786.
 1590.   80.  501.]
[  96.  866. 1834.  422. 3480.  222. 1603. 1175.  726.   66.  786. 1590.
   80.  501. 1396.]
[ 866. 1834.  422. 3480.  222. 1603. 1175.  726.   66.  786. 1590.   80.
  501. 1396.  131.]
[1834.  422. 3480.  222. 1603. 1175.  726.   66.  786. 1590.   80.  501.
 1396.  131.  192.]
[ 422. 3480.  222. 1603. 1175.  726.   66.  786. 1590.   80.  501. 1396.
  131.  192.   80.]
[3480.  222. 1603. 1175.  726.   66.  786. 1590.   80.  501. 1396.  131.
  192.   80.  545.]
[ 222. 1603. 1175.  726.   66.  786. 1590.   80.  501. 1396.  131.  192.
   80.  545. 1489.]
[1603. 1175.  726.   66.  786. 1590.   80.  501. 1396.  131.  192.   80.
  545. 1489.   88.]
[1175.  726.   66.  786. 1590.   80.  501. 1396.  131.  192.   80.  545.
 1489.   88.  578.]
[ 726.   66.  786. 1590.   80.  501. 1396.  131.  192.   80.  545. 1489.
   88.  578.   39.]
[  66.  786. 1590.   80.  501. 1396.  131.  192.   80.  545. 1489.   88.
  578.   39.  103.]
[ 786. 1590.   80.  501. 1396.  131.  192.   80.  545. 1489.   88.  578.
   39.  103.  807.]
[1590.   80.  501. 1396.  131.  192.   80.  545. 1489.   88.  578.   39.
  103.  807.   59.]
[  80.  501. 1396.  131.  192.   80.  545. 1489.   88.  578.   39.  103.
  807.   59.  797.]
[ 501. 1396.  131.  192.   80.  545. 1489.   88.  578.   39.  103.  807.
   59.  797. 1092.]
[1396.  131.  192.   80.  545. 1489.   88.  578.   39.  103.  807.   59.
  797. 1092.   77.]
[ 131.  192.   80.  545. 1489.   88.  578.   39.  103.  807.   59.  797.
 1092.   77.   97.]
[ 192.   80.  545. 1489.   88.  578.   39.  103.  807.   59.  797. 1092.
   77.   97.  560.]
[  80.  545. 1489.   88.  578.   39.  103.  807.   59.  797. 1092.   77.
   97.  560.  212.]
[ 545. 1489.   88.  578.   39.  103.  807.   59.  797. 1092.   77.   97.
  560.  212.  189.]
[1489.   88.  578.   39.  103.  807.   59.  797. 1092.   77.   97.  560.
  212.  189. 1104.]
[  88.  578.   39.  103.  807.   59.  797. 1092.   77.   97.  560.  212.
  189. 1104.   89.]
[ 578.   39.  103.  807.   59.  797. 1092.   77.   97.  560.  212.  189.
 1104.   89. 2033.]
[  39.  103.  807.   59.  797. 1092.   77.   97.  560.  212.  189. 1104.
   89. 2033. 1369.]
[ 103.  807.   59.  797. 1092.   77.   97.  560.  212.  189. 1104.   89.
 2033. 1369.    0.]
[ 807.   59.  797. 1092.   77.   97.  560.  212.  189. 1104.   89. 2033.
 1369.    0.  215.]
[  59.  797. 1092.   77.   97.  560.  212.  189. 1104.   89. 2033. 1369.
    0.  215.   67.]
[ 797. 1092.   77.   97.  560.  212.  189. 1104.   89. 2033. 1369.    0.
  215.   67. 3633.]
[1092.   77.   97.  560.  212.  189. 1104.   89. 2033. 1369.    0.  215.
   67. 3633.  214.]
[  77.   97.  560.  212.  189. 1104.   89. 2033. 1369.    0.  215.   67.
 3633.  214.  134.]
[  97.  560.  212.  189. 1104.   89. 2033. 1369.    0.  215.   67. 3633.
  214.  134. 1411.]
[ 560.  212.  189. 1104.   89. 2033. 1369.    0.  215.   67. 3633.  214.
  134. 1411.  410.]
[ 212.  189. 1104.   89. 2033. 1369.    0.  215.   67. 3633.  214.  134.
 1411.  410.   74.]
[ 189. 1104.   89. 2033. 1369.    0.  215.   67. 3633.  214.  134. 1411.
  410.   74.   51.]
[1104.   89. 2033. 1369.    0.  215.   67. 3633.  214.  134. 1411.  410.
   74.   51.  519.]
[  89. 2033. 1369.    0.  215.   67. 3633.  214.  134. 1411.  410.   74.
   51.  519. 1251.]
[2033. 1369.    0.  215.   67. 3633.  214.  134. 1411.  410.   74.   51.
  519. 1251.  126.]
[1369.    0.  215.   67. 3633.  214.  134. 1411.  410.   74.   51.  519.
 1251.  126.  386.]
[   0.  215.   67. 3633.  214.  134. 1411.  410.   74.   51.  519. 1251.
  126.  386.   15.]
[ 215.   67. 3633.  214.  134. 1411.  410.   74.   51.  519. 1251.  126.
  386.   15.  242.]
[  67. 3633.  214.  134. 1411.  410.   74.   51.  519. 1251.  126.  386.
   15.  242.  113.]
[3633.  214.  134. 1411.  410.   74.   51.  519. 1251.  126.  386.   15.
  242.  113.   27.]
[ 214.  134. 1411.  410.   74.   51.  519. 1251.  126.  386.   15.  242.
  113.   27.  686.]
[ 134. 1411.  410.   74.   51.  519. 1251.  126.  386.   15.  242.  113.
   27.  686.  145.]
[1411.  410.   74.   51.  519. 1251.  126.  386.   15.  242.  113.   27.
  686.  145.  283.]
[ 410.   74.   51.  519. 1251.  126.  386.   15.  242.  113.   27.  686.
  145.  283.  445.]
[  74.   51.  519. 1251.  126.  386.   15.  242.  113.   27.  686.  145.
  283.  445.   34.]
[  51.  519. 1251.  126.  386.   15.  242.  113.   27.  686.  145.  283.
  445.   34.  554.]
[ 519. 1251.  126.  386.   15.  242.  113.   27.  686.  145.  283.  445.
   34.  554.  837.]
[1251.  126.  386.   15.  242.  113.   27.  686.  145.  283.  445.   34.
  554.  837.  112.]
[126. 386.  15. 242. 113.  27. 686. 145. 283. 445.  34. 554. 837. 112.
  90.]
[386.  15. 242. 113.  27. 686. 145. 283. 445.  34. 554. 837. 112.  90.
 541.]
[ 15. 242. 113.  27. 686. 145. 283. 445.  34. 554. 837. 112.  90. 541.
 254.]
[242. 113.  27. 686. 145. 283. 445.  34. 554. 837. 112.  90. 541. 254.
 317.]
[ 113.   27.  686.  145.  283.  445.   34.  554.  837.  112.   90.  541.
  254.  317. 2136.]
[  27.  686.  145.  283.  445.   34.  554.  837.  112.   90.  541.  254.
  317. 2136.  310.]
[ 686.  145.  283.  445.   34.  554.  837.  112.   90.  541.  254.  317.
 2136.  310.  608.]
[ 145.  283.  445.   34.  554.  837.  112.   90.  541.  254.  317. 2136.
  310.  608.  650.]
[ 283.  445.   34.  554.  837.  112.   90.  541.  254.  317. 2136.  310.
  608.  650. 1863.]
[ 445.   34.  554.  837.  112.   90.  541.  254.  317. 2136.  310.  608.
  650. 1863.  192.]
[  34.  554.  837.  112.   90.  541.  254.  317. 2136.  310.  608.  650.
 1863.  192.  207.]
[ 554.  837.  112.   90.  541.  254.  317. 2136.  310.  608.  650. 1863.
  192.  207.   35.]
[ 837.  112.   90.  541.  254.  317. 2136.  310.  608.  650. 1863.  192.
  207.   35.  144.]
[ 112.   90.  541.  254.  317. 2136.  310.  608.  650. 1863.  192.  207.
   35.  144.  548.]
[  90.  541.  254.  317. 2136.  310.  608.  650. 1863.  192.  207.   35.
  144.  548. 1773.]
[ 541.  254.  317. 2136.  310.  608.  650. 1863.  192.  207.   35.  144.
  548. 1773.  143.]
[ 254.  317. 2136.  310.  608.  650. 1863.  192.  207.   35.  144.  548.
 1773.  143. 1831.]
[ 317. 2136.  310.  608.  650. 1863.  192.  207.   35.  144.  548. 1773.
  143. 1831.  608.]
[2136.  310.  608.  650. 1863.  192.  207.   35.  144.  548. 1773.  143.
 1831.  608.   81.]
[ 310.  608.  650. 1863.  192.  207.   35.  144.  548. 1773.  143. 1831.
  608.   81.   73.]
[ 608.  650. 1863.  192.  207.   35.  144.  548. 1773.  143. 1831.  608.
   81.   73. 2277.]
[ 650. 1863.  192.  207.   35.  144.  548. 1773.  143. 1831.  608.   81.
   73. 2277.  359.]
[1863.  192.  207.   35.  144.  548. 1773.  143. 1831.  608.   81.   73.
 2277.  359.  461.]
[ 192.  207.   35.  144.  548. 1773.  143. 1831.  608.   81.   73. 2277.
  359.  461.  313.]
[ 207.   35.  144.  548. 1773.  143. 1831.  608.   81.   73. 2277.  359.
  461.  313.  104.]
[  35.  144.  548. 1773.  143. 1831.  608.   81.   73. 2277.  359.  461.
  313.  104.  129.]
[ 144.  548. 1773.  143. 1831.  608.   81.   73. 2277.  359.  461.  313.
  104.  129. 1180.]
[ 548. 1773.  143. 1831.  608.   81.   73. 2277.  359.  461.  313.  104.
  129. 1180.  553.]
[1773.  143. 1831.  608.   81.   73. 2277.  359.  461.  313.  104.  129.
 1180.  553. 3064.]
[ 143. 1831.  608.   81.   73. 2277.  359.  461.  313.  104.  129. 1180.
  553. 3064.  209.]
[1831.  608.   81.   73. 2277.  359.  461.  313.  104.  129. 1180.  553.
 3064.  209.   56.]
[ 608.   81.   73. 2277.  359.  461.  313.  104.  129. 1180.  553. 3064.
  209.   56.  276.]
[  81.   73. 2277.  359.  461.  313.  104.  129. 1180.  553. 3064.  209.
   56.  276.   99.]
[  73. 2277.  359.  461.  313.  104.  129. 1180.  553. 3064.  209.   56.
  276.   99. 2136.]
[2277.  359.  461.  313.  104.  129. 1180.  553. 3064.  209.   56.  276.
   99. 2136. 1094.]
[ 359.  461.  313.  104.  129. 1180.  553. 3064.  209.   56.  276.   99.
 2136. 1094. 3119.]
[ 461.  313.  104.  129. 1180.  553. 3064.  209.   56.  276.   99. 2136.
 1094. 3119.  934.]
[ 313.  104.  129. 1180.  553. 3064.  209.   56.  276.   99. 2136. 1094.
 3119.  934. 2263.]
[ 104.  129. 1180.  553. 3064.  209.   56.  276.   99. 2136. 1094. 3119.
  934. 2263.  135.]
[ 129. 1180.  553. 3064.  209.   56.  276.   99. 2136. 1094. 3119.  934.
 2263.  135.  635.]
[1180.  553. 3064.  209.   56.  276.   99. 2136. 1094. 3119.  934. 2263.
  135.  635.   64.]
[ 553. 3064.  209.   56.  276.   99. 2136. 1094. 3119.  934. 2263.  135.
  635.   64. 1619.]
[3064.  209.   56.  276.   99. 2136. 1094. 3119.  934. 2263.  135.  635.
   64. 1619. 1007.]
[ 209.   56.  276.   99. 2136. 1094. 3119.  934. 2263.  135.  635.   64.
 1619. 1007. 2463.]
[  56.  276.   99. 2136. 1094. 3119.  934. 2263.  135.  635.   64. 1619.
 1007. 2463. 1564.]
[ 276.   99. 2136. 1094. 3119.  934. 2263.  135.  635.   64. 1619. 1007.
 2463. 1564.  799.]
[  99. 2136. 1094. 3119.  934. 2263.  135.  635.   64. 1619. 1007. 2463.
 1564.  799.  507.]
[2136. 1094. 3119.  934. 2263.  135.  635.   64. 1619. 1007. 2463. 1564.
  799.  507.  511.]
[1094. 3119.  934. 2263.  135.  635.   64. 1619. 1007. 2463. 1564.  799.
  507.  511.   79.]
[3119.  934. 2263.  135.  635.   64. 1619. 1007. 2463. 1564.  799.  507.
  511.   79.  129.]
[ 934. 2263.  135.  635.   64. 1619. 1007. 2463. 1564.  799.  507.  511.
   79.  129.  645.]
[2263.  135.  635.   64. 1619. 1007. 2463. 1564.  799.  507.  511.   79.
  129.  645.  253.]
[ 135.  635.   64. 1619. 1007. 2463. 1564.  799.  507.  511.   79.  129.
  645.  253.  276.]
[ 635.   64. 1619. 1007. 2463. 1564.  799.  507.  511.   79.  129.  645.
  253.  276.  100.]
[  64. 1619. 1007. 2463. 1564.  799.  507.  511.   79.  129.  645.  253.
  276.  100. 1017.]
[1619. 1007. 2463. 1564.  799.  507.  511.   79.  129.  645.  253.  276.
  100. 1017.  182.]
[1007. 2463. 1564.  799.  507.  511.   79.  129.  645.  253.  276.  100.
 1017.  182.  120.]
[2463. 1564.  799.  507.  511.   79.  129.  645.  253.  276.  100. 1017.
  182.  120.  154.]
[1564.  799.  507.  511.   79.  129.  645.  253.  276.  100. 1017.  182.
  120.  154.  183.]
[ 799.  507.  511.   79.  129.  645.  253.  276.  100. 1017.  182.  120.
  154.  183. 1909.]
[ 507.  511.   79.  129.  645.  253.  276.  100. 1017.  182.  120.  154.
  183. 1909.  523.]
[ 511.   79.  129.  645.  253.  276.  100. 1017.  182.  120.  154.  183.
 1909.  523. 1632.]
[  79.  129.  645.  253.  276.  100. 1017.  182.  120.  154.  183. 1909.
  523. 1632.  687.]
[ 129.  645.  253.  276.  100. 1017.  182.  120.  154.  183. 1909.  523.
 1632.  687.  437.]
[ 645.  253.  276.  100. 1017.  182.  120.  154.  183. 1909.  523. 1632.
  687.  437.   33.]
[ 253.  276.  100. 1017.  182.  120.  154.  183. 1909.  523. 1632.  687.
  437.   33. 1756.]
[ 276.  100. 1017.  182.  120.  154.  183. 1909.  523. 1632.  687.  437.
   33. 1756.   52.]
[ 100. 1017.  182.  120.  154.  183. 1909.  523. 1632.  687.  437.   33.
 1756.   52.  430.]
[1017.  182.  120.  154.  183. 1909.  523. 1632.  687.  437.   33. 1756.
   52.  430. 1023.]
[ 182.  120.  154.  183. 1909.  523. 1632.  687.  437.   33. 1756.   52.
  430. 1023.   82.]
[ 120.  154.  183. 1909.  523. 1632.  687.  437.   33. 1756.   52.  430.
 1023.   82.  252.]
[ 154.  183. 1909.  523. 1632.  687.  437.   33. 1756.   52.  430. 1023.
   82.  252. 1155.]
[ 183. 1909.  523. 1632.  687.  437.   33. 1756.   52.  430. 1023.   82.
  252. 1155.  593.]
[1909.  523. 1632.  687.  437.   33. 1756.   52.  430. 1023.   82.  252.
 1155.  593. 1674.]
[ 523. 1632.  687.  437.   33. 1756.   52.  430. 1023.   82.  252. 1155.
  593. 1674. 1771.]
[1632.  687.  437.   33. 1756.   52.  430. 1023.   82.  252. 1155.  593.
 1674. 1771.   57.]
[ 687.  437.   33. 1756.   52.  430. 1023.   82.  252. 1155.  593. 1674.
 1771.   57.  442.]
[ 437.   33. 1756.   52.  430. 1023.   82.  252. 1155.  593. 1674. 1771.
   57.  442. 1060.]
[  33. 1756.   52.  430. 1023.   82.  252. 1155.  593. 1674. 1771.   57.
  442. 1060.  343.]
[1756.   52.  430. 1023.   82.  252. 1155.  593. 1674. 1771.   57.  442.
 1060.  343. 1981.]
[  52.  430. 1023.   82.  252. 1155.  593. 1674. 1771.   57.  442. 1060.
  343. 1981.  103.]
[ 430. 1023.   82.  252. 1155.  593. 1674. 1771.   57.  442. 1060.  343.
 1981.  103. 2646.]
[1023.   82.  252. 1155.  593. 1674. 1771.   57.  442. 1060.  343. 1981.
  103. 2646.  214.]
[  82.  252. 1155.  593. 1674. 1771.   57.  442. 1060.  343. 1981.  103.
 2646.  214.  229.]
[ 252. 1155.  593. 1674. 1771.   57.  442. 1060.  343. 1981.  103. 2646.
  214.  229.  210.]
[1155.  593. 1674. 1771.   57.  442. 1060.  343. 1981.  103. 2646.  214.
  229.  210.  168.]
[ 593. 1674. 1771.   57.  442. 1060.  343. 1981.  103. 2646.  214.  229.
  210.  168.  140.]
[1674. 1771.   57.  442. 1060.  343. 1981.  103. 2646.  214.  229.  210.
  168.  140.  125.]
[1771.   57.  442. 1060.  343. 1981.  103. 2646.  214.  229.  210.  168.
  140.  125.  102.]
[  57.  442. 1060.  343. 1981.  103. 2646.  214.  229.  210.  168.  140.
  125.  102.  192.]
[ 442. 1060.  343. 1981.  103. 2646.  214.  229.  210.  168.  140.  125.
  102.  192.  334.]
[1060.  343. 1981.  103. 2646.  214.  229.  210.  168.  140.  125.  102.
  192.  334.  782.]
[ 343. 1981.  103. 2646.  214.  229.  210.  168.  140.  125.  102.  192.
  334.  782.  609.]
[1981.  103. 2646.  214.  229.  210.  168.  140.  125.  102.  192.  334.
  782.  609. 1537.]
[ 103. 2646.  214.  229.  210.  168.  140.  125.  102.  192.  334.  782.
  609. 1537.  340.]
[2646.  214.  229.  210.  168.  140.  125.  102.  192.  334.  782.  609.
 1537.  340.  869.]
[ 214.  229.  210.  168.  140.  125.  102.  192.  334.  782.  609. 1537.
  340.  869.  370.]
[ 229.  210.  168.  140.  125.  102.  192.  334.  782.  609. 1537.  340.
  869.  370.  474.]
[ 210.  168.  140.  125.  102.  192.  334.  782.  609. 1537.  340.  869.
  370.  474. 1328.]
[ 168.  140.  125.  102.  192.  334.  782.  609. 1537.  340.  869.  370.
  474. 1328.  900.]
[ 140.  125.  102.  192.  334.  782.  609. 1537.  340.  869.  370.  474.
 1328.  900.  958.]
[ 125.  102.  192.  334.  782.  609. 1537.  340.  869.  370.  474. 1328.
  900.  958.  338.]
[ 102.  192.  334.  782.  609. 1537.  340.  869.  370.  474. 1328.  900.
  958.  338.  375.]
[ 192.  334.  782.  609. 1537.  340.  869.  370.  474. 1328.  900.  958.
  338.  375.   56.]
[ 334.  782.  609. 1537.  340.  869.  370.  474. 1328.  900.  958.  338.
  375.   56.  369.]
[ 782.  609. 1537.  340.  869.  370.  474. 1328.  900.  958.  338.  375.
   56.  369.  225.]
[ 609. 1537.  340.  869.  370.  474. 1328.  900.  958.  338.  375.   56.
  369.  225.  286.]
[1537.  340.  869.  370.  474. 1328.  900.  958.  338.  375.   56.  369.
  225.  286.  531.]
[ 340.  869.  370.  474. 1328.  900.  958.  338.  375.   56.  369.  225.
  286.  531.  200.]
[ 869.  370.  474. 1328.  900.  958.  338.  375.   56.  369.  225.  286.
  531.  200.  845.]
[ 370.  474. 1328.  900.  958.  338.  375.   56.  369.  225.  286.  531.
  200.  845.   51.]
[ 474. 1328.  900.  958.  338.  375.   56.  369.  225.  286.  531.  200.
  845.   51.  240.]
[1328.  900.  958.  338.  375.   56.  369.  225.  286.  531.  200.  845.
   51.  240.  298.]
[ 900.  958.  338.  375.   56.  369.  225.  286.  531.  200.  845.   51.
  240.  298. 3053.]
[ 958.  338.  375.   56.  369.  225.  286.  531.  200.  845.   51.  240.
  298. 3053. 2145.]
[ 338.  375.   56.  369.  225.  286.  531.  200.  845.   51.  240.  298.
 3053. 2145. 2627.]
[ 375.   56.  369.  225.  286.  531.  200.  845.   51.  240.  298. 3053.
 2145. 2627.  453.]
[  56.  369.  225.  286.  531.  200.  845.   51.  240.  298. 3053. 2145.
 2627.  453.   78.]
[ 369.  225.  286.  531.  200.  845.   51.  240.  298. 3053. 2145. 2627.
  453.   78.  477.]
[ 225.  286.  531.  200.  845.   51.  240.  298. 3053. 2145. 2627.  453.
   78.  477. 1302.]
[ 286.  531.  200.  845.   51.  240.  298. 3053. 2145. 2627.  453.   78.
  477. 1302.  148.]
[ 531.  200.  845.   51.  240.  298. 3053. 2145. 2627.  453.   78.  477.
 1302.  148.  123.]
[ 200.  845.   51.  240.  298. 3053. 2145. 2627.  453.   78.  477. 1302.
  148.  123. 1038.]
[ 845.   51.  240.  298. 3053. 2145. 2627.  453.   78.  477. 1302.  148.
  123. 1038.  112.]
[  51.  240.  298. 3053. 2145. 2627.  453.   78.  477. 1302.  148.  123.
 1038.  112. 3530.]
[ 240.  298. 3053. 2145. 2627.  453.   78.  477. 1302.  148.  123. 1038.
  112. 3530.  131.]
[ 298. 3053. 2145. 2627.  453.   78.  477. 1302.  148.  123. 1038.  112.
 3530.  131. 2132.]
[3053. 2145. 2627.  453.   78.  477. 1302.  148.  123. 1038.  112. 3530.
  131. 2132. 2250.]
[2145. 2627.  453.   78.  477. 1302.  148.  123. 1038.  112. 3530.  131.
 2132. 2250.  105.]
[2627.  453.   78.  477. 1302.  148.  123. 1038.  112. 3530.  131. 2132.
 2250.  105. 1011.]
[ 453.   78.  477. 1302.  148.  123. 1038.  112. 3530.  131. 2132. 2250.
  105. 1011. 1344.]
[  78.  477. 1302.  148.  123. 1038.  112. 3530.  131. 2132. 2250.  105.
 1011. 1344.   65.]
[ 477. 1302.  148.  123. 1038.  112. 3530.  131. 2132. 2250.  105. 1011.
 1344.   65.  977.]
[1302.  148.  123. 1038.  112. 3530.  131. 2132. 2250.  105. 1011. 1344.
   65.  977.  609.]
[ 148.  123. 1038.  112. 3530.  131. 2132. 2250.  105. 1011. 1344.   65.
  977.  609.  834.]
[ 123. 1038.  112. 3530.  131. 2132. 2250.  105. 1011. 1344.   65.  977.
  609.  834.   49.]
[1038.  112. 3530.  131. 2132. 2250.  105. 1011. 1344.   65.  977.  609.
  834.   49.   62.]
[ 112. 3530.  131. 2132. 2250.  105. 1011. 1344.   65.  977.  609.  834.
   49.   62.  463.]
[3530.  131. 2132. 2250.  105. 1011. 1344.   65.  977.  609.  834.   49.
   62.  463.  262.]
[ 131. 2132. 2250.  105. 1011. 1344.   65.  977.  609.  834.   49.   62.
  463.  262.  210.]
[2132. 2250.  105. 1011. 1344.   65.  977.  609.  834.   49.   62.  463.
  262.  210. 1573.]
[2250.  105. 1011. 1344.   65.  977.  609.  834.   49.   62.  463.  262.
  210. 1573.   66.]
[ 105. 1011. 1344.   65.  977.  609.  834.   49.   62.  463.  262.  210.
 1573.   66.  240.]
[1011. 1344.   65.  977.  609.  834.   49.   62.  463.  262.  210. 1573.
   66.  240.  106.]
[1344.   65.  977.  609.  834.   49.   62.  463.  262.  210. 1573.   66.
  240.  106.   49.]
[  65.  977.  609.  834.   49.   62.  463.  262.  210. 1573.   66.  240.
  106.   49. 1222.]
[ 977.  609.  834.   49.   62.  463.  262.  210. 1573.   66.  240.  106.
   49. 1222.  560.]
[ 609.  834.   49.   62.  463.  262.  210. 1573.   66.  240.  106.   49.
 1222.  560. 2085.]
[ 834.   49.   62.  463.  262.  210. 1573.   66.  240.  106.   49. 1222.
  560. 2085.  157.]
[  49.   62.  463.  262.  210. 1573.   66.  240.  106.   49. 1222.  560.
 2085.  157.   86.]
[  62.  463.  262.  210. 1573.   66.  240.  106.   49. 1222.  560. 2085.
  157.   86.  216.]
[ 463.  262.  210. 1573.   66.  240.  106.   49. 1222.  560. 2085.  157.
   86.  216.  267.]
[ 262.  210. 1573.   66.  240.  106.   49. 1222.  560. 2085.  157.   86.
  216.  267.  217.]
[ 210. 1573.   66.  240.  106.   49. 1222.  560. 2085.  157.   86.  216.
  267.  217.  124.]
[1573.   66.  240.  106.   49. 1222.  560. 2085.  157.   86.  216.  267.
  217.  124.  102.]
[  66.  240.  106.   49. 1222.  560. 2085.  157.   86.  216.  267.  217.
  124.  102.  427.]
[ 240.  106.   49. 1222.  560. 2085.  157.   86.  216.  267.  217.  124.
  102.  427. 2117.]
[ 106.   49. 1222.  560. 2085.  157.   86.  216.  267.  217.  124.  102.
  427. 2117.  194.]
[  49. 1222.  560. 2085.  157.   86.  216.  267.  217.  124.  102.  427.
 2117.  194.  124.]
[1222.  560. 2085.  157.   86.  216.  267.  217.  124.  102.  427. 2117.
  194.  124.  884.]
[ 560. 2085.  157.   86.  216.  267.  217.  124.  102.  427. 2117.  194.
  124.  884.    0.]
[2085.  157.   86.  216.  267.  217.  124.  102.  427. 2117.  194.  124.
  884.    0. 1016.]
[ 157.   86.  216.  267.  217.  124.  102.  427. 2117.  194.  124.  884.
    0. 1016.   31.]
[  86.  216.  267.  217.  124.  102.  427. 2117.  194.  124.  884.    0.
 1016.   31.  171.]
[ 216.  267.  217.  124.  102.  427. 2117.  194.  124.  884.    0. 1016.
   31.  171. 1598.]
[ 267.  217.  124.  102.  427. 2117.  194.  124.  884.    0. 1016.   31.
  171. 1598.  254.]
[ 217.  124.  102.  427. 2117.  194.  124.  884.    0. 1016.   31.  171.
 1598.  254.  819.]
[ 124.  102.  427. 2117.  194.  124.  884.    0. 1016.   31.  171. 1598.
  254.  819. 2268.]
[ 102.  427. 2117.  194.  124.  884.    0. 1016.   31.  171. 1598.  254.
  819. 2268.   86.]
[ 427. 2117.  194.  124.  884.    0. 1016.   31.  171. 1598.  254.  819.
 2268.   86. 1243.]
[2117.  194.  124.  884.    0. 1016.   31.  171. 1598.  254.  819. 2268.
   86. 1243.  207.]
[ 194.  124.  884.    0. 1016.   31.  171. 1598.  254.  819. 2268.   86.
 1243.  207.   99.]
[ 124.  884.    0. 1016.   31.  171. 1598.  254.  819. 2268.   86. 1243.
  207.   99.  257.]
[ 884.    0. 1016.   31.  171. 1598.  254.  819. 2268.   86. 1243.  207.
   99.  257.  125.]
[   0. 1016.   31.  171. 1598.  254.  819. 2268.   86. 1243.  207.   99.
  257.  125.  127.]
[1016.   31.  171. 1598.  254.  819. 2268.   86. 1243.  207.   99.  257.
  125.  127.    0.]
[  31.  171. 1598.  254.  819. 2268.   86. 1243.  207.   99.  257.  125.
  127.    0.  104.]
[ 171. 1598.  254.  819. 2268.   86. 1243.  207.   99.  257.  125.  127.
    0.  104.  187.]
[1598.  254.  819. 2268.   86. 1243.  207.   99.  257.  125.  127.    0.
  104.  187.   94.]
[ 254.  819. 2268.   86. 1243.  207.   99.  257.  125.  127.    0.  104.
  187.   94.  963.]
[ 819. 2268.   86. 1243.  207.   99.  257.  125.  127.    0.  104.  187.
   94.  963.  292.]
[2268.   86. 1243.  207.   99.  257.  125.  127.    0.  104.  187.   94.
  963.  292.  492.]
[  86. 1243.  207.   99.  257.  125.  127.    0.  104.  187.   94.  963.
  292.  492. 1316.]
[1243.  207.   99.  257.  125.  127.    0.  104.  187.   94.  963.  292.
  492. 1316.  606.]
[ 207.   99.  257.  125.  127.    0.  104.  187.   94.  963.  292.  492.
 1316.  606. 1524.]
[  99.  257.  125.  127.    0.  104.  187.   94.  963.  292.  492. 1316.
  606. 1524.  598.]
[ 257.  125.  127.    0.  104.  187.   94.  963.  292.  492. 1316.  606.
 1524.  598.   29.]
[ 125.  127.    0.  104.  187.   94.  963.  292.  492. 1316.  606. 1524.
  598.   29.  389.]
[ 127.    0.  104.  187.   94.  963.  292.  492. 1316.  606. 1524.  598.
   29.  389. 1237.]
[   0.  104.  187.   94.  963.  292.  492. 1316.  606. 1524.  598.   29.
  389. 1237.  867.]
[ 104.  187.   94.  963.  292.  492. 1316.  606. 1524.  598.   29.  389.
 1237.  867.  142.]
[ 187.   94.  963.  292.  492. 1316.  606. 1524.  598.   29.  389. 1237.
  867.  142. 1725.]
[  94.  963.  292.  492. 1316.  606. 1524.  598.   29.  389. 1237.  867.
  142. 1725.  637.]
[ 963.  292.  492. 1316.  606. 1524.  598.   29.  389. 1237.  867.  142.
 1725.  637.  778.]
[ 292.  492. 1316.  606. 1524.  598.   29.  389. 1237.  867.  142. 1725.
  637.  778. 2138.]
[ 492. 1316.  606. 1524.  598.   29.  389. 1237.  867.  142. 1725.  637.
  778. 2138.  268.]
[1316.  606. 1524.  598.   29.  389. 1237.  867.  142. 1725.  637.  778.
 2138.  268.  677.]
[ 606. 1524.  598.   29.  389. 1237.  867.  142. 1725.  637.  778. 2138.
  268.  677.   60.]
[1524.  598.   29.  389. 1237.  867.  142. 1725.  637.  778. 2138.  268.
  677.   60.   61.]
[ 598.   29.  389. 1237.  867.  142. 1725.  637.  778. 2138.  268.  677.
   60.   61.  535.]
[  29.  389. 1237.  867.  142. 1725.  637.  778. 2138.  268.  677.   60.
   61.  535. 3463.]
[ 389. 1237.  867.  142. 1725.  637.  778. 2138.  268.  677.   60.   61.
  535. 3463.  448.]
[1237.  867.  142. 1725.  637.  778. 2138.  268.  677.   60.   61.  535.
 3463.  448. 1111.]
[ 867.  142. 1725.  637.  778. 2138.  268.  677.   60.   61.  535. 3463.
  448. 1111.  863.]
[ 142. 1725.  637.  778. 2138.  268.  677.   60.   61.  535. 3463.  448.
 1111.  863.  179.]
[1725.  637.  778. 2138.  268.  677.   60.   61.  535. 3463.  448. 1111.
  863.  179.  341.]
[ 637.  778. 2138.  268.  677.   60.   61.  535. 3463.  448. 1111.  863.
  179.  341. 3424.]
[ 778. 2138.  268.  677.   60.   61.  535. 3463.  448. 1111.  863.  179.
  341. 3424.  635.]
[2138.  268.  677.   60.   61.  535. 3463.  448. 1111.  863.  179.  341.
 3424.  635. 1046.]
[ 268.  677.   60.   61.  535. 3463.  448. 1111.  863.  179.  341. 3424.
  635. 1046.  187.]
[ 677.   60.   61.  535. 3463.  448. 1111.  863.  179.  341. 3424.  635.
 1046.  187.  386.]
[  60.   61.  535. 3463.  448. 1111.  863.  179.  341. 3424.  635. 1046.
  187.  386.  158.]
[  61.  535. 3463.  448. 1111.  863.  179.  341. 3424.  635. 1046.  187.
  386.  158.  328.]
[ 535. 3463.  448. 1111.  863.  179.  341. 3424.  635. 1046.  187.  386.
  158.  328. 2771.]
[3463.  448. 1111.  863.  179.  341. 3424.  635. 1046.  187.  386.  158.
  328. 2771.  117.]
[ 448. 1111.  863.  179.  341. 3424.  635. 1046.  187.  386.  158.  328.
 2771.  117.  227.]
[1111.  863.  179.  341. 3424.  635. 1046.  187.  386.  158.  328. 2771.
  117.  227.   30.]
[ 863.  179.  341. 3424.  635. 1046.  187.  386.  158.  328. 2771.  117.
  227.   30.  122.]
[ 179.  341. 3424.  635. 1046.  187.  386.  158.  328. 2771.  117.  227.
   30.  122.  728.]
[ 341. 3424.  635. 1046.  187.  386.  158.  328. 2771.  117.  227.   30.
  122.  728.   85.]
[3424.  635. 1046.  187.  386.  158.  328. 2771.  117.  227.   30.  122.
  728.   85.  594.]
[ 635. 1046.  187.  386.  158.  328. 2771.  117.  227.   30.  122.  728.
   85.  594.   91.]
[1046.  187.  386.  158.  328. 2771.  117.  227.   30.  122.  728.   85.
  594.   91.  125.]
[ 187.  386.  158.  328. 2771.  117.  227.   30.  122.  728.   85.  594.
   91.  125.  101.]
[ 386.  158.  328. 2771.  117.  227.   30.  122.  728.   85.  594.   91.
  125.  101.   98.]
[ 158.  328. 2771.  117.  227.   30.  122.  728.   85.  594.   91.  125.
  101.   98.  962.]
[ 328. 2771.  117.  227.   30.  122.  728.   85.  594.   91.  125.  101.
   98.  962.  316.]
[2771.  117.  227.   30.  122.  728.   85.  594.   91.  125.  101.   98.
  962.  316.  122.]
[ 117.  227.   30.  122.  728.   85.  594.   91.  125.  101.   98.  962.
  316.  122. 1614.]
[ 227.   30.  122.  728.   85.  594.   91.  125.  101.   98.  962.  316.
  122. 1614. 1458.]
[  30.  122.  728.   85.  594.   91.  125.  101.   98.  962.  316.  122.
 1614. 1458. 1885.]
[ 122.  728.   85.  594.   91.  125.  101.   98.  962.  316.  122. 1614.
 1458. 1885.   73.]
[ 728.   85.  594.   91.  125.  101.   98.  962.  316.  122. 1614. 1458.
 1885.   73. 1085.]
[  85.  594.   91.  125.  101.   98.  962.  316.  122. 1614. 1458. 1885.
   73. 1085. 1519.]
[ 594.   91.  125.  101.   98.  962.  316.  122. 1614. 1458. 1885.   73.
 1085. 1519.  871.]
[  91.  125.  101.   98.  962.  316.  122. 1614. 1458. 1885.   73. 1085.
 1519.  871.  434.]
[ 125.  101.   98.  962.  316.  122. 1614. 1458. 1885.   73. 1085. 1519.
  871.  434. 1359.]
[ 101.   98.  962.  316.  122. 1614. 1458. 1885.   73. 1085. 1519.  871.
  434. 1359.  682.]
[  98.  962.  316.  122. 1614. 1458. 1885.   73. 1085. 1519.  871.  434.
 1359.  682. 1225.]
[ 962.  316.  122. 1614. 1458. 1885.   73. 1085. 1519.  871.  434. 1359.
  682. 1225.   92.]
[ 316.  122. 1614. 1458. 1885.   73. 1085. 1519.  871.  434. 1359.  682.
 1225.   92.  109.]
[ 122. 1614. 1458. 1885.   73. 1085. 1519.  871.  434. 1359.  682. 1225.
   92.  109.  105.]
[1614. 1458. 1885.   73. 1085. 1519.  871.  434. 1359.  682. 1225.   92.
  109.  105.  320.]
[1458. 1885.   73. 1085. 1519.  871.  434. 1359.  682. 1225.   92.  109.
  105.  320. 1732.]
[1885.   73. 1085. 1519.  871.  434. 1359.  682. 1225.   92.  109.  105.
  320. 1732.  946.]
[  73. 1085. 1519.  871.  434. 1359.  682. 1225.   92.  109.  105.  320.
 1732.  946. 1226.]
[1085. 1519.  871.  434. 1359.  682. 1225.   92.  109.  105.  320. 1732.
  946. 1226. 1109.]
[1519.  871.  434. 1359.  682. 1225.   92.  109.  105.  320. 1732.  946.
 1226. 1109.  975.]
[ 871.  434. 1359.  682. 1225.   92.  109.  105.  320. 1732.  946. 1226.
 1109.  975.  266.]
[ 434. 1359.  682. 1225.   92.  109.  105.  320. 1732.  946. 1226. 1109.
  975.  266. 1403.]
[1359.  682. 1225.   92.  109.  105.  320. 1732.  946. 1226. 1109.  975.
  266. 1403. 1165.]
[ 682. 1225.   92.  109.  105.  320. 1732.  946. 1226. 1109.  975.  266.
 1403. 1165.  178.]
[1225.   92.  109.  105.  320. 1732.  946. 1226. 1109.  975.  266. 1403.
 1165.  178.   39.]
[  92.  109.  105.  320. 1732.  946. 1226. 1109.  975.  266. 1403. 1165.
  178.   39.  199.]
[ 109.  105.  320. 1732.  946. 1226. 1109.  975.  266. 1403. 1165.  178.
   39.  199.  297.]
[ 105.  320. 1732.  946. 1226. 1109.  975.  266. 1403. 1165.  178.   39.
  199.  297.  489.]
[ 320. 1732.  946. 1226. 1109.  975.  266. 1403. 1165.  178.   39.  199.
  297.  489.  503.]
[1732.  946. 1226. 1109.  975.  266. 1403. 1165.  178.   39.  199.  297.
  489.  503.   99.]
[ 946. 1226. 1109.  975.  266. 1403. 1165.  178.   39.  199.  297.  489.
  503.   99.   87.]
[1226. 1109.  975.  266. 1403. 1165.  178.   39.  199.  297.  489.  503.
   99.   87.   48.]
[1109.  975.  266. 1403. 1165.  178.   39.  199.  297.  489.  503.   99.
   87.   48.  112.]
[ 975.  266. 1403. 1165.  178.   39.  199.  297.  489.  503.   99.   87.
   48.  112.  218.]
[ 266. 1403. 1165.  178.   39.  199.  297.  489.  503.   99.   87.   48.
  112.  218.  178.]
[1403. 1165.  178.   39.  199.  297.  489.  503.   99.   87.   48.  112.
  218.  178.  796.]
[1165.  178.   39.  199.  297.  489.  503.   99.   87.   48.  112.  218.
  178.  796.   99.]
[ 178.   39.  199.  297.  489.  503.   99.   87.   48.  112.  218.  178.
  796.   99. 1239.]
[  39.  199.  297.  489.  503.   99.   87.   48.  112.  218.  178.  796.
   99. 1239.  311.]
[ 199.  297.  489.  503.   99.   87.   48.  112.  218.  178.  796.   99.
 1239.  311.  501.]
[ 297.  489.  503.   99.   87.   48.  112.  218.  178.  796.   99. 1239.
  311.  501.  376.]
[ 489.  503.   99.   87.   48.  112.  218.  178.  796.   99. 1239.  311.
  501.  376.  276.]
[ 503.   99.   87.   48.  112.  218.  178.  796.   99. 1239.  311.  501.
  376.  276.  708.]
[  99.   87.   48.  112.  218.  178.  796.   99. 1239.  311.  501.  376.
  276.  708.  888.]
[  87.   48.  112.  218.  178.  796.   99. 1239.  311.  501.  376.  276.
  708.  888.  689.]
[  48.  112.  218.  178.  796.   99. 1239.  311.  501.  376.  276.  708.
  888.  689.   61.]
[ 112.  218.  178.  796.   99. 1239.  311.  501.  376.  276.  708.  888.
  689.   61.  142.]
[ 218.  178.  796.   99. 1239.  311.  501.  376.  276.  708.  888.  689.
   61.  142.  568.]
[ 178.  796.   99. 1239.  311.  501.  376.  276.  708.  888.  689.   61.
  142.  568. 2494.]
[ 796.   99. 1239.  311.  501.  376.  276.  708.  888.  689.   61.  142.
  568. 2494.   79.]
[  99. 1239.  311.  501.  376.  276.  708.  888.  689.   61.  142.  568.
 2494.   79. 1875.]
[1239.  311.  501.  376.  276.  708.  888.  689.   61.  142.  568. 2494.
   79. 1875.  650.]
[ 311.  501.  376.  276.  708.  888.  689.   61.  142.  568. 2494.   79.
 1875.  650.  787.]
[ 501.  376.  276.  708.  888.  689.   61.  142.  568. 2494.   79. 1875.
  650.  787.  199.]
[ 376.  276.  708.  888.  689.   61.  142.  568. 2494.   79. 1875.  650.
  787.  199.  119.]
[ 276.  708.  888.  689.   61.  142.  568. 2494.   79. 1875.  650.  787.
  199.  119.  199.]
[ 708.  888.  689.   61.  142.  568. 2494.   79. 1875.  650.  787.  199.
  119.  199.  257.]
[ 888.  689.   61.  142.  568. 2494.   79. 1875.  650.  787.  199.  119.
  199.  257.  151.]
[ 689.   61.  142.  568. 2494.   79. 1875.  650.  787.  199.  119.  199.
  257.  151.  413.]
[  61.  142.  568. 2494.   79. 1875.  650.  787.  199.  119.  199.  257.
  151.  413.  123.]
[ 142.  568. 2494.   79. 1875.  650.  787.  199.  119.  199.  257.  151.
  413.  123.  829.]
[ 568. 2494.   79. 1875.  650.  787.  199.  119.  199.  257.  151.  413.
  123.  829.  139.]
[2494.   79. 1875.  650.  787.  199.  119.  199.  257.  151.  413.  123.
  829.  139.  188.]
[  79. 1875.  650.  787.  199.  119.  199.  257.  151.  413.  123.  829.
  139.  188.   21.]
[1875.  650.  787.  199.  119.  199.  257.  151.  413.  123.  829.  139.
  188.   21.  707.]
[650. 787. 199. 119. 199. 257. 151. 413. 123. 829. 139. 188.  21. 707.
 393.]
[787. 199. 119. 199. 257. 151. 413. 123. 829. 139. 188.  21. 707. 393.
 495.]
[199. 119. 199. 257. 151. 413. 123. 829. 139. 188.  21. 707. 393. 495.
 212.]
[119. 199. 257. 151. 413. 123. 829. 139. 188.  21. 707. 393. 495. 212.
 537.]
[199. 257. 151. 413. 123. 829. 139. 188.  21. 707. 393. 495. 212. 537.
  36.]
[257. 151. 413. 123. 829. 139. 188.  21. 707. 393. 495. 212. 537.  36.
 176.]
[151. 413. 123. 829. 139. 188.  21. 707. 393. 495. 212. 537.  36. 176.
  60.]
[413. 123. 829. 139. 188.  21. 707. 393. 495. 212. 537.  36. 176.  60.
  91.]
[123. 829. 139. 188.  21. 707. 393. 495. 212. 537.  36. 176.  60.  91.
  70.]
[829. 139. 188.  21. 707. 393. 495. 212. 537.  36. 176.  60.  91.  70.
 102.]
[139. 188.  21. 707. 393. 495. 212. 537.  36. 176.  60.  91.  70. 102.
 576.]
[188.  21. 707. 393. 495. 212. 537.  36. 176.  60.  91.  70. 102. 576.
 117.]
[ 21. 707. 393. 495. 212. 537.  36. 176.  60.  91.  70. 102. 576. 117.
 226.]
[707. 393. 495. 212. 537.  36. 176.  60.  91.  70. 102. 576. 117. 226.
 132.]
[393. 495. 212. 537.  36. 176.  60.  91.  70. 102. 576. 117. 226. 132.
 233.]
[495. 212. 537.  36. 176.  60.  91.  70. 102. 576. 117. 226. 132. 233.
 106.]
[212. 537.  36. 176.  60.  91.  70. 102. 576. 117. 226. 132. 233. 106.
 211.]
[537.  36. 176.  60.  91.  70. 102. 576. 117. 226. 132. 233. 106. 211.
 111.]
[ 36. 176.  60.  91.  70. 102. 576. 117. 226. 132. 233. 106. 211. 111.
  48.]
[176.  60.  91.  70. 102. 576. 117. 226. 132. 233. 106. 211. 111.  48.
  95.]
[ 60.  91.  70. 102. 576. 117. 226. 132. 233. 106. 211. 111.  48.  95.
 903.]
[ 91.  70. 102. 576. 117. 226. 132. 233. 106. 211. 111.  48.  95. 903.
 476.]
[ 70. 102. 576. 117. 226. 132. 233. 106. 211. 111.  48.  95. 903. 476.
 134.]
[102. 576. 117. 226. 132. 233. 106. 211. 111.  48.  95. 903. 476. 134.
 127.]
[576. 117. 226. 132. 233. 106. 211. 111.  48.  95. 903. 476. 134. 127.
 233.]
[117. 226. 132. 233. 106. 211. 111.  48.  95. 903. 476. 134. 127. 233.
 306.]
[ 226.  132.  233.  106.  211.  111.   48.   95.  903.  476.  134.  127.
  233.  306. 2664.]
[ 132.  233.  106.  211.  111.   48.   95.  903.  476.  134.  127.  233.
  306. 2664.  462.]
[ 233.  106.  211.  111.   48.   95.  903.  476.  134.  127.  233.  306.
 2664.  462.  376.]
[ 106.  211.  111.   48.   95.  903.  476.  134.  127.  233.  306. 2664.
  462.  376.  252.]
[ 211.  111.   48.   95.  903.  476.  134.  127.  233.  306. 2664.  462.
  376.  252.  562.]
[ 111.   48.   95.  903.  476.  134.  127.  233.  306. 2664.  462.  376.
  252.  562.  106.]
[  48.   95.  903.  476.  134.  127.  233.  306. 2664.  462.  376.  252.
  562.  106. 1470.]
[  95.  903.  476.  134.  127.  233.  306. 2664.  462.  376.  252.  562.
  106. 1470.  270.]
[ 903.  476.  134.  127.  233.  306. 2664.  462.  376.  252.  562.  106.
 1470.  270. 1308.]
[ 476.  134.  127.  233.  306. 2664.  462.  376.  252.  562.  106. 1470.
  270. 1308. 1495.]
[ 134.  127.  233.  306. 2664.  462.  376.  252.  562.  106. 1470.  270.
 1308. 1495. 2420.]
[ 127.  233.  306. 2664.  462.  376.  252.  562.  106. 1470.  270. 1308.
 1495. 2420.  478.]
[ 233.  306. 2664.  462.  376.  252.  562.  106. 1470.  270. 1308. 1495.
 2420.  478.  597.]
[ 306. 2664.  462.  376.  252.  562.  106. 1470.  270. 1308. 1495. 2420.
  478.  597. 1626.]
[2664.  462.  376.  252.  562.  106. 1470.  270. 1308. 1495. 2420.  478.
  597. 1626.   22.]
[ 462.  376.  252.  562.  106. 1470.  270. 1308. 1495. 2420.  478.  597.
 1626.   22.  347.]
[ 376.  252.  562.  106. 1470.  270. 1308. 1495. 2420.  478.  597. 1626.
   22.  347.  403.]
[ 252.  562.  106. 1470.  270. 1308. 1495. 2420.  478.  597. 1626.   22.
  347.  403. 1634.]
[ 562.  106. 1470.  270. 1308. 1495. 2420.  478.  597. 1626.   22.  347.
  403. 1634. 3079.]
[ 106. 1470.  270. 1308. 1495. 2420.  478.  597. 1626.   22.  347.  403.
 1634. 3079.   16.]
[1470.  270. 1308. 1495. 2420.  478.  597. 1626.   22.  347.  403. 1634.
 3079.   16.  628.]
[ 270. 1308. 1495. 2420.  478.  597. 1626.   22.  347.  403. 1634. 3079.
   16.  628.   62.]
[1308. 1495. 2420.  478.  597. 1626.   22.  347.  403. 1634. 3079.   16.
  628.   62.   44.]
[1495. 2420.  478.  597. 1626.   22.  347.  403. 1634. 3079.   16.  628.
   62.   44.   96.]
[2420.  478.  597. 1626.   22.  347.  403. 1634. 3079.   16.  628.   62.
   44.   96.  170.]
[ 478.  597. 1626.   22.  347.  403. 1634. 3079.   16.  628.   62.   44.
   96.  170.   70.]
[ 597. 1626.   22.  347.  403. 1634. 3079.   16.  628.   62.   44.   96.
  170.   70.  449.]
[1626.   22.  347.  403. 1634. 3079.   16.  628.   62.   44.   96.  170.
   70.  449.  900.]
[  22.  347.  403. 1634. 3079.   16.  628.   62.   44.   96.  170.   70.
  449.  900.  100.]
[ 347.  403. 1634. 3079.   16.  628.   62.   44.   96.  170.   70.  449.
  900.  100.  128.]
[ 403. 1634. 3079.   16.  628.   62.   44.   96.  170.   70.  449.  900.
  100.  128.  131.]
[1634. 3079.   16.  628.   62.   44.   96.  170.   70.  449.  900.  100.
  128.  131.  279.]
[3079.   16.  628.   62.   44.   96.  170.   70.  449.  900.  100.  128.
  131.  279.  423.]
[ 16. 628.  62.  44.  96. 170.  70. 449. 900. 100. 128. 131. 279. 423.
 295.]
[628.  62.  44.  96. 170.  70. 449. 900. 100. 128. 131. 279. 423. 295.
 955.]
[ 62.  44.  96. 170.  70. 449. 900. 100. 128. 131. 279. 423. 295. 955.
  69.]
[  44.   96.  170.   70.  449.  900.  100.  128.  131.  279.  423.  295.
  955.   69. 1018.]
[  96.  170.   70.  449.  900.  100.  128.  131.  279.  423.  295.  955.
   69. 1018.  508.]
[ 170.   70.  449.  900.  100.  128.  131.  279.  423.  295.  955.   69.
 1018.  508. 2605.]
[  70.  449.  900.  100.  128.  131.  279.  423.  295.  955.   69. 1018.
  508. 2605.  887.]
[ 449.  900.  100.  128.  131.  279.  423.  295.  955.   69. 1018.  508.
 2605.  887.  164.]
[ 900.  100.  128.  131.  279.  423.  295.  955.   69. 1018.  508. 2605.
  887.  164. 1280.]
[ 100.  128.  131.  279.  423.  295.  955.   69. 1018.  508. 2605.  887.
  164. 1280.  207.]
[ 128.  131.  279.  423.  295.  955.   69. 1018.  508. 2605.  887.  164.
 1280.  207.  110.]
[ 131.  279.  423.  295.  955.   69. 1018.  508. 2605.  887.  164. 1280.
  207.  110.  283.]
[ 279.  423.  295.  955.   69. 1018.  508. 2605.  887.  164. 1280.  207.
  110.  283.  175.]
[ 423.  295.  955.   69. 1018.  508. 2605.  887.  164. 1280.  207.  110.
  283.  175.  141.]
[ 295.  955.   69. 1018.  508. 2605.  887.  164. 1280.  207.  110.  283.
  175.  141.  585.]
[ 955.   69. 1018.  508. 2605.  887.  164. 1280.  207.  110.  283.  175.
  141.  585.  128.]
[  69. 1018.  508. 2605.  887.  164. 1280.  207.  110.  283.  175.  141.
  585.  128.   44.]
[1018.  508. 2605.  887.  164. 1280.  207.  110.  283.  175.  141.  585.
  128.   44.  147.]
[ 508. 2605.  887.  164. 1280.  207.  110.  283.  175.  141.  585.  128.
   44.  147.  639.]
[2605.  887.  164. 1280.  207.  110.  283.  175.  141.  585.  128.   44.
  147.  639.  408.]
[ 887.  164. 1280.  207.  110.  283.  175.  141.  585.  128.   44.  147.
  639.  408.   61.]
[ 164. 1280.  207.  110.  283.  175.  141.  585.  128.   44.  147.  639.
  408.   61.   83.]
[1280.  207.  110.  283.  175.  141.  585.  128.   44.  147.  639.  408.
   61.   83.  735.]
[207. 110. 283. 175. 141. 585. 128.  44. 147. 639. 408.  61.  83. 735.
 881.]
[110. 283. 175. 141. 585. 128.  44. 147. 639. 408.  61.  83. 735. 881.
 159.]
[283. 175. 141. 585. 128.  44. 147. 639. 408.  61.  83. 735. 881. 159.
  38.]
[175. 141. 585. 128.  44. 147. 639. 408.  61.  83. 735. 881. 159.  38.
 145.]
[141. 585. 128.  44. 147. 639. 408.  61.  83. 735. 881. 159.  38. 145.
  35.]
[585. 128.  44. 147. 639. 408.  61.  83. 735. 881. 159.  38. 145.  35.
  60.]
[128.  44. 147. 639. 408.  61.  83. 735. 881. 159.  38. 145.  35.  60.
 751.]
[ 44. 147. 639. 408.  61.  83. 735. 881. 159.  38. 145.  35.  60. 751.
  50.]
[147. 639. 408.  61.  83. 735. 881. 159.  38. 145.  35.  60. 751.  50.
 123.]
[639. 408.  61.  83. 735. 881. 159.  38. 145.  35.  60. 751.  50. 123.
 120.]
[408.  61.  83. 735. 881. 159.  38. 145.  35.  60. 751.  50. 123. 120.
  86.]
[  61.   83.  735.  881.  159.   38.  145.   35.   60.  751.   50.  123.
  120.   86. 1277.]
[  83.  735.  881.  159.   38.  145.   35.   60.  751.   50.  123.  120.
   86. 1277.  477.]
[ 735.  881.  159.   38.  145.   35.   60.  751.   50.  123.  120.   86.
 1277.  477. 1839.]
[ 881.  159.   38.  145.   35.   60.  751.   50.  123.  120.   86. 1277.
  477. 1839.   15.]
[ 159.   38.  145.   35.   60.  751.   50.  123.  120.   86. 1277.  477.
 1839.   15.  734.]
[  38.  145.   35.   60.  751.   50.  123.  120.   86. 1277.  477. 1839.
   15.  734.  780.]
[ 145.   35.   60.  751.   50.  123.  120.   86. 1277.  477. 1839.   15.
  734.  780.   78.]
[  35.   60.  751.   50.  123.  120.   86. 1277.  477. 1839.   15.  734.
  780.   78.  110.]
[  60.  751.   50.  123.  120.   86. 1277.  477. 1839.   15.  734.  780.
   78.  110.  673.]
[ 751.   50.  123.  120.   86. 1277.  477. 1839.   15.  734.  780.   78.
  110.  673. 1519.]
[  50.  123.  120.   86. 1277.  477. 1839.   15.  734.  780.   78.  110.
  673. 1519.  481.]
[ 123.  120.   86. 1277.  477. 1839.   15.  734.  780.   78.  110.  673.
 1519.  481. 1361.]
[ 120.   86. 1277.  477. 1839.   15.  734.  780.   78.  110.  673. 1519.
  481. 1361. 2013.]
[  86. 1277.  477. 1839.   15.  734.  780.   78.  110.  673. 1519.  481.
 1361. 2013. 3279.]
[1277.  477. 1839.   15.  734.  780.   78.  110.  673. 1519.  481. 1361.
 2013. 3279.  112.]
[ 477. 1839.   15.  734.  780.   78.  110.  673. 1519.  481. 1361. 2013.
 3279.  112. 1441.]
[1839.   15.  734.  780.   78.  110.  673. 1519.  481. 1361. 2013. 3279.
  112. 1441. 2937.]
[  15.  734.  780.   78.  110.  673. 1519.  481. 1361. 2013. 3279.  112.
 1441. 2937.  155.]
[ 734.  780.   78.  110.  673. 1519.  481. 1361. 2013. 3279.  112. 1441.
 2937.  155.  161.]
[ 780.   78.  110.  673. 1519.  481. 1361. 2013. 3279.  112. 1441. 2937.
  155.  161. 2484.]
[  78.  110.  673. 1519.  481. 1361. 2013. 3279.  112. 1441. 2937.  155.
  161. 2484.  719.]
[ 110.  673. 1519.  481. 1361. 2013. 3279.  112. 1441. 2937.  155.  161.
 2484.  719. 1371.]
[ 673. 1519.  481. 1361. 2013. 3279.  112. 1441. 2937.  155.  161. 2484.
  719. 1371.  536.]
[1519.  481. 1361. 2013. 3279.  112. 1441. 2937.  155.  161. 2484.  719.
 1371.  536. 1701.]
[ 481. 1361. 2013. 3279.  112. 1441. 2937.  155.  161. 2484.  719. 1371.
  536. 1701.  708.]
[1361. 2013. 3279.  112. 1441. 2937.  155.  161. 2484.  719. 1371.  536.
 1701.  708. 1517.]
[2013. 3279.  112. 1441. 2937.  155.  161. 2484.  719. 1371.  536. 1701.
  708. 1517. 3232.]
[3279.  112. 1441. 2937.  155.  161. 2484.  719. 1371.  536. 1701.  708.
 1517. 3232. 1079.]
[ 112. 1441. 2937.  155.  161. 2484.  719. 1371.  536. 1701.  708. 1517.
 3232. 1079.  104.]
[1441. 2937.  155.  161. 2484.  719. 1371.  536. 1701.  708. 1517. 3232.
 1079.  104. 1552.]
[2937.  155.  161. 2484.  719. 1371.  536. 1701.  708. 1517. 3232. 1079.
  104. 1552.  689.]
[ 155.  161. 2484.  719. 1371.  536. 1701.  708. 1517. 3232. 1079.  104.
 1552.  689. 1490.]
[ 161. 2484.  719. 1371.  536. 1701.  708. 1517. 3232. 1079.  104. 1552.
  689. 1490.   59.]
[2484.  719. 1371.  536. 1701.  708. 1517. 3232. 1079.  104. 1552.  689.
 1490.   59.   46.]
[ 719. 1371.  536. 1701.  708. 1517. 3232. 1079.  104. 1552.  689. 1490.
   59.   46.  702.]
[1371.  536. 1701.  708. 1517. 3232. 1079.  104. 1552.  689. 1490.   59.
   46.  702. 2965.]
[ 536. 1701.  708. 1517. 3232. 1079.  104. 1552.  689. 1490.   59.   46.
  702. 2965.  132.]
[1701.  708. 1517. 3232. 1079.  104. 1552.  689. 1490.   59.   46.  702.
 2965.  132. 1258.]
[ 708. 1517. 3232. 1079.  104. 1552.  689. 1490.   59.   46.  702. 2965.
  132. 1258.  328.]
[1517. 3232. 1079.  104. 1552.  689. 1490.   59.   46.  702. 2965.  132.
 1258.  328.  221.]
[3232. 1079.  104. 1552.  689. 1490.   59.   46.  702. 2965.  132. 1258.
  328.  221.  433.]
[1079.  104. 1552.  689. 1490.   59.   46.  702. 2965.  132. 1258.  328.
  221.  433.  343.]
[ 104. 1552.  689. 1490.   59.   46.  702. 2965.  132. 1258.  328.  221.
  433.  343.   79.]
[1552.  689. 1490.   59.   46.  702. 2965.  132. 1258.  328.  221.  433.
  343.   79.  412.]
[ 689. 1490.   59.   46.  702. 2965.  132. 1258.  328.  221.  433.  343.
   79.  412.  621.]
[1490.   59.   46.  702. 2965.  132. 1258.  328.  221.  433.  343.   79.
  412.  621.  323.]
[  59.   46.  702. 2965.  132. 1258.  328.  221.  433.  343.   79.  412.
  621.  323.   50.]
[  46.  702. 2965.  132. 1258.  328.  221.  433.  343.   79.  412.  621.
  323.   50. 3380.]
[ 702. 2965.  132. 1258.  328.  221.  433.  343.   79.  412.  621.  323.
   50. 3380.  687.]
[2965.  132. 1258.  328.  221.  433.  343.   79.  412.  621.  323.   50.
 3380.  687.  554.]
[ 132. 1258.  328.  221.  433.  343.   79.  412.  621.  323.   50. 3380.
  687.  554.   33.]
[1258.  328.  221.  433.  343.   79.  412.  621.  323.   50. 3380.  687.
  554.   33.  558.]
[ 328.  221.  433.  343.   79.  412.  621.  323.   50. 3380.  687.  554.
   33.  558. 2148.]
[ 221.  433.  343.   79.  412.  621.  323.   50. 3380.  687.  554.   33.
  558. 2148.   11.]
[ 433.  343.   79.  412.  621.  323.   50. 3380.  687.  554.   33.  558.
 2148.   11. 1543.]
[ 343.   79.  412.  621.  323.   50. 3380.  687.  554.   33.  558. 2148.
   11. 1543. 1499.]
[  79.  412.  621.  323.   50. 3380.  687.  554.   33.  558. 2148.   11.
 1543. 1499. 3033.]
[ 412.  621.  323.   50. 3380.  687.  554.   33.  558. 2148.   11. 1543.
 1499. 3033.  578.]
[ 621.  323.   50. 3380.  687.  554.   33.  558. 2148.   11. 1543. 1499.
 3033.  578.  283.]
[ 323.   50. 3380.  687.  554.   33.  558. 2148.   11. 1543. 1499. 3033.
  578.  283. 1326.]
[  50. 3380.  687.  554.   33.  558. 2148.   11. 1543. 1499. 3033.  578.
  283. 1326.   83.]
[3380.  687.  554.   33.  558. 2148.   11. 1543. 1499. 3033.  578.  283.
 1326.   83.  679.]
[ 687.  554.   33.  558. 2148.   11. 1543. 1499. 3033.  578.  283. 1326.
   83.  679.  965.]
[ 554.   33.  558. 2148.   11. 1543. 1499. 3033.  578.  283. 1326.   83.
  679.  965.  766.]
[  33.  558. 2148.   11. 1543. 1499. 3033.  578.  283. 1326.   83.  679.
  965.  766.   70.]
[ 558. 2148.   11. 1543. 1499. 3033.  578.  283. 1326.   83.  679.  965.
  766.   70.   20.]
[2148.   11. 1543. 1499. 3033.  578.  283. 1326.   83.  679.  965.  766.
   70.   20.  549.]
[  11. 1543. 1499. 3033.  578.  283. 1326.   83.  679.  965.  766.   70.
   20.  549.   63.]
[1543. 1499. 3033.  578.  283. 1326.   83.  679.  965.  766.   70.   20.
  549.   63.   51.]
[1499. 3033.  578.  283. 1326.   83.  679.  965.  766.   70.   20.  549.
   63.   51.  176.]
[3033.  578.  283. 1326.   83.  679.  965.  766.   70.   20.  549.   63.
   51.  176. 2841.]
[ 578.  283. 1326.   83.  679.  965.  766.   70.   20.  549.   63.   51.
  176. 2841. 1519.]
[ 283. 1326.   83.  679.  965.  766.   70.   20.  549.   63.   51.  176.
 2841. 1519.  211.]
[1326.   83.  679.  965.  766.   70.   20.  549.   63.   51.  176. 2841.
 1519.  211.  511.]
[  83.  679.  965.  766.   70.   20.  549.   63.   51.  176. 2841. 1519.
  211.  511.  136.]
[ 679.  965.  766.   70.   20.  549.   63.   51.  176. 2841. 1519.  211.
  511.  136.  886.]
[ 965.  766.   70.   20.  549.   63.   51.  176. 2841. 1519.  211.  511.
  136.  886.   74.]
[ 766.   70.   20.  549.   63.   51.  176. 2841. 1519.  211.  511.  136.
  886.   74. 1544.]
[  70.   20.  549.   63.   51.  176. 2841. 1519.  211.  511.  136.  886.
   74. 1544.  429.]
[  20.  549.   63.   51.  176. 2841. 1519.  211.  511.  136.  886.   74.
 1544.  429.   38.]
[ 549.   63.   51.  176. 2841. 1519.  211.  511.  136.  886.   74. 1544.
  429.   38.  503.]
[  63.   51.  176. 2841. 1519.  211.  511.  136.  886.   74. 1544.  429.
   38.  503.   70.]
[  51.  176. 2841. 1519.  211.  511.  136.  886.   74. 1544.  429.   38.
  503.   70.   75.]
[ 176. 2841. 1519.  211.  511.  136.  886.   74. 1544.  429.   38.  503.
   70.   75.  214.]
[2841. 1519.  211.  511.  136.  886.   74. 1544.  429.   38.  503.   70.
   75.  214.  277.]
[1519.  211.  511.  136.  886.   74. 1544.  429.   38.  503.   70.   75.
  214.  277.  927.]
[ 211.  511.  136.  886.   74. 1544.  429.   38.  503.   70.   75.  214.
  277.  927.  165.]
[ 511.  136.  886.   74. 1544.  429.   38.  503.   70.   75.  214.  277.
  927.  165. 1548.]
[ 136.  886.   74. 1544.  429.   38.  503.   70.   75.  214.  277.  927.
  165. 1548. 1173.]
[ 886.   74. 1544.  429.   38.  503.   70.   75.  214.  277.  927.  165.
 1548. 1173.  884.]
[  74. 1544.  429.   38.  503.   70.   75.  214.  277.  927.  165. 1548.
 1173.  884. 3498.]
[1544.  429.   38.  503.   70.   75.  214.  277.  927.  165. 1548. 1173.
  884. 3498. 3993.]
[ 429.   38.  503.   70.   75.  214.  277.  927.  165. 1548. 1173.  884.
 3498. 3993.   64.]
[  38.  503.   70.   75.  214.  277.  927.  165. 1548. 1173.  884. 3498.
 3993.   64.  153.]
[ 503.   70.   75.  214.  277.  927.  165. 1548. 1173.  884. 3498. 3993.
   64.  153.  115.]
[  70.   75.  214.  277.  927.  165. 1548. 1173.  884. 3498. 3993.   64.
  153.  115.   99.]
[  75.  214.  277.  927.  165. 1548. 1173.  884. 3498. 3993.   64.  153.
  115.   99.   97.]
[ 214.  277.  927.  165. 1548. 1173.  884. 3498. 3993.   64.  153.  115.
   99.   97. 2263.]
[ 277.  927.  165. 1548. 1173.  884. 3498. 3993.   64.  153.  115.   99.
   97. 2263.   93.]
[ 927.  165. 1548. 1173.  884. 3498. 3993.   64.  153.  115.   99.   97.
 2263.   93. 3897.]
[ 165. 1548. 1173.  884. 3498. 3993.   64.  153.  115.   99.   97. 2263.
   93. 3897.  109.]
[1548. 1173.  884. 3498. 3993.   64.  153.  115.   99.   97. 2263.   93.
 3897.  109.  297.]
[1173.  884. 3498. 3993.   64.  153.  115.   99.   97. 2263.   93. 3897.
  109.  297.   82.]
[ 884. 3498. 3993.   64.  153.  115.   99.   97. 2263.   93. 3897.  109.
  297.   82.  539.]
[3498. 3993.   64.  153.  115.   99.   97. 2263.   93. 3897.  109.  297.
   82.  539.    8.]
[3993.   64.  153.  115.   99.   97. 2263.   93. 3897.  109.  297.   82.
  539.    8.  219.]
[  64.  153.  115.   99.   97. 2263.   93. 3897.  109.  297.   82.  539.
    8.  219.  451.]
[ 153.  115.   99.   97. 2263.   93. 3897.  109.  297.   82.  539.    8.
  219.  451. 1021.]
[ 115.   99.   97. 2263.   93. 3897.  109.  297.   82.  539.    8.  219.
  451. 1021.   53.]
[  99.   97. 2263.   93. 3897.  109.  297.   82.  539.    8.  219.  451.
 1021.   53.  503.]
[  97. 2263.   93. 3897.  109.  297.   82.  539.    8.  219.  451. 1021.
   53.  503.  700.]
[2263.   93. 3897.  109.  297.   82.  539.    8.  219.  451. 1021.   53.
  503.  700.   74.]
[  93. 3897.  109.  297.   82.  539.    8.  219.  451. 1021.   53.  503.
  700.   74.  965.]
[3897.  109.  297.   82.  539.    8.  219.  451. 1021.   53.  503.  700.
   74.  965. 3569.]
[ 109.  297.   82.  539.    8.  219.  451. 1021.   53.  503.  700.   74.
  965. 3569.  455.]
[ 297.   82.  539.    8.  219.  451. 1021.   53.  503.  700.   74.  965.
 3569.  455.  120.]
[  82.  539.    8.  219.  451. 1021.   53.  503.  700.   74.  965. 3569.
  455.  120.   41.]
[ 539.    8.  219.  451. 1021.   53.  503.  700.   74.  965. 3569.  455.
  120.   41.   91.]
[   8.  219.  451. 1021.   53.  503.  700.   74.  965. 3569.  455.  120.
   41.   91.  535.]
[ 219.  451. 1021.   53.  503.  700.   74.  965. 3569.  455.  120.   41.
   91.  535.  362.]
[ 451. 1021.   53.  503.  700.   74.  965. 3569.  455.  120.   41.   91.
  535.  362.  574.]
[1021.   53.  503.  700.   74.  965. 3569.  455.  120.   41.   91.  535.
  362.  574. 1748.]
[  53.  503.  700.   74.  965. 3569.  455.  120.   41.   91.  535.  362.
  574. 1748. 1841.]
[ 503.  700.   74.  965. 3569.  455.  120.   41.   91.  535.  362.  574.
 1748. 1841. 3392.]
[ 700.   74.  965. 3569.  455.  120.   41.   91.  535.  362.  574. 1748.
 1841. 3392.  270.]
[  74.  965. 3569.  455.  120.   41.   91.  535.  362.  574. 1748. 1841.
 3392.  270.  160.]
[ 965. 3569.  455.  120.   41.   91.  535.  362.  574. 1748. 1841. 3392.
  270.  160. 1060.]
[3569.  455.  120.   41.   91.  535.  362.  574. 1748. 1841. 3392.  270.
  160. 1060.  556.]
[ 455.  120.   41.   91.  535.  362.  574. 1748. 1841. 3392.  270.  160.
 1060.  556.  391.]
[ 120.   41.   91.  535.  362.  574. 1748. 1841. 3392.  270.  160. 1060.
  556.  391.   45.]
[  41.   91.  535.  362.  574. 1748. 1841. 3392.  270.  160. 1060.  556.
  391.   45.  280.]
[  91.  535.  362.  574. 1748. 1841. 3392.  270.  160. 1060.  556.  391.
   45.  280.  338.]
