42.566667,67.116667,53.733333,79.516667,74.45,23.466667,35.016667,133.95,77.533333,100.983333,14.55,73.95,88.166667,26.566667,38.133333,
67.116667,53.733333,79.516667,74.45,23.466667,35.016667,133.95,77.533333,100.983333,14.55,73.95,88.166667,26.566667,38.133333,25.316667,
53.733333,79.516667,74.45,23.466667,35.016667,133.95,77.533333,100.983333,14.55,73.95,88.166667,26.566667,38.133333,25.316667,47.433333,
79.516667,74.45,23.466667,35.016667,133.95,77.533333,100.983333,14.55,73.95,88.166667,26.566667,38.133333,25.316667,47.433333,50.216667,
74.45,23.466667,35.016667,133.95,77.533333,100.983333,14.55,73.95,88.166667,26.566667,38.133333,25.316667,47.433333,50.216667,74.883333,
23.466667,35.016667,133.95,77.533333,100.983333,14.55,73.95,88.166667,26.566667,38.133333,25.316667,47.433333,50.216667,74.883333,38.933333,
35.016667,133.95,77.533333,100.983333,14.55,73.95,88.166667,26.566667,38.133333,25.316667,47.433333,50.216667,74.883333,38.933333,77.116667,
133.95,77.533333,100.983333,14.55,73.95,88.166667,26.566667,38.133333,25.316667,47.433333,50.216667,74.883333,38.933333,77.116667,11.116667,
77.533333,100.983333,14.55,73.95,88.166667,26.566667,38.133333,25.316667,47.433333,50.216667,74.883333,38.933333,77.116667,11.116667,16.0,
100.983333,14.55,73.95,88.166667,26.566667,38.133333,25.316667,47.433333,50.216667,74.883333,38.933333,77.116667,11.116667,16.0,45.733333,
14.55,73.95,88.166667,26.566667,38.133333,25.316667,47.433333,50.216667,74.883333,38.933333,77.116667,11.116667,16.0,45.733333,83.55,
73.95,88.166667,26.566667,38.133333,25.316667,47.433333,50.216667,74.883333,38.933333,77.116667,11.116667,16.0,45.733333,83.55,67.266667,
88.166667,26.566667,38.133333,25.316667,47.433333,50.216667,74.883333,38.933333,77.116667,11.116667,16.0,45.733333,83.55,67.266667,67.55,
26.566667,38.133333,25.316667,47.433333,50.216667,74.883333,38.933333,77.116667,11.116667,16.0,45.733333,83.55,67.266667,67.55,31.15,
38.133333,25.316667,47.433333,50.216667,74.883333,38.933333,77.116667,11.116667,16.0,45.733333,83.55,67.266667,67.55,31.15,39.316667,
25.316667,47.433333,50.216667,74.883333,38.933333,77.116667,11.116667,16.0,45.733333,83.55,67.266667,67.55,31.15,39.316667,7.666667,
47.433333,50.216667,74.883333,38.933333,77.116667,11.116667,16.0,45.733333,83.55,67.266667,67.55,31.15,39.316667,7.666667,30.516667,
50.216667,74.883333,38.933333,77.116667,11.116667,16.0,45.733333,83.55,67.266667,67.55,31.15,39.316667,7.666667,30.516667,55.9,
74.883333,38.933333,77.116667,11.116667,16.0,45.733333,83.55,67.266667,67.55,31.15,39.316667,7.666667,30.516667,55.9,115.5,
38.933333,77.116667,11.116667,16.0,45.733333,83.55,67.266667,67.55,31.15,39.316667,7.666667,30.516667,55.9,115.5,73.95,
77.116667,11.116667,16.0,45.733333,83.55,67.266667,67.55,31.15,39.316667,7.666667,30.516667,55.9,115.5,73.95,36.316667,
11.116667,16.0,45.733333,83.55,67.266667,67.55,31.15,39.316667,7.666667,30.516667,55.9,115.5,73.95,36.316667,52.816667,
16.0,45.733333,83.55,67.266667,67.55,31.15,39.316667,7.666667,30.516667,55.9,115.5,73.95,36.316667,52.816667,51.166667,
45.733333,83.55,67.266667,67.55,31.15,39.316667,7.666667,30.516667,55.9,115.5,73.95,36.316667,52.816667,51.166667,184.083333,
83.55,67.266667,67.55,31.15,39.316667,7.666667,30.516667,55.9,115.5,73.95,36.316667,52.816667,51.166667,184.083333,166.683333,
67.266667,67.55,31.15,39.316667,7.666667,30.516667,55.9,115.5,73.95,36.316667,52.816667,51.166667,184.083333,166.683333,214.016667,
67.55,31.15,39.316667,7.666667,30.516667,55.9,115.5,73.95,36.316667,52.816667,51.166667,184.083333,166.683333,214.016667,47.283333,
31.15,39.316667,7.666667,30.516667,55.9,115.5,73.95,36.316667,52.816667,51.166667,184.083333,166.683333,214.016667,47.283333,32.283333,
66.583333,47.783333,57.716667,61.866667,22.183333,29.583333,47.1,16.983333,95.0,43.966667,46.1,65.466667,539.183333,20.95,37.516667,
47.783333,57.716667,61.866667,22.183333,29.583333,47.1,16.983333,95.0,43.966667,46.1,65.466667,539.183333,20.95,37.516667,43.983333,
57.716667,61.866667,22.183333,29.583333,47.1,16.983333,95.0,43.966667,46.1,65.466667,539.183333,20.95,37.516667,43.983333,298.85,
61.866667,22.183333,29.583333,47.1,16.983333,95.0,43.966667,46.1,65.466667,539.183333,20.95,37.516667,43.983333,298.85,0.0,
22.183333,29.583333,47.1,16.983333,95.0,43.966667,46.1,65.466667,539.183333,20.95,37.516667,43.983333,298.85,0.0,44.866667,
29.583333,47.1,16.983333,95.0,43.966667,46.1,65.466667,539.183333,20.95,37.516667,43.983333,298.85,0.0,44.866667,36.6,
47.1,16.983333,95.0,43.966667,46.1,65.466667,539.183333,20.95,37.516667,43.983333,298.85,0.0,44.866667,36.6,39.733333,
16.983333,95.0,43.966667,46.1,65.466667,539.183333,20.95,37.516667,43.983333,298.85,0.0,44.866667,36.6,39.733333,31.15,
95.0,43.966667,46.1,65.466667,539.183333,20.95,37.516667,43.983333,298.85,0.0,44.866667,36.6,39.733333,31.15,33.816667,
43.966667,46.1,65.466667,539.183333,20.95,37.516667,43.983333,298.85,0.0,44.866667,36.6,39.733333,31.15,33.816667,70.05,
46.1,65.466667,539.183333,20.95,37.516667,43.983333,298.85,0.0,44.866667,36.6,39.733333,31.15,33.816667,70.05,10.233333,
65.466667,539.183333,20.95,37.516667,43.983333,298.85,0.0,44.866667,36.6,39.733333,31.15,33.816667,70.05,10.233333,100.366667,
539.183333,20.95,37.516667,43.983333,298.85,0.0,44.866667,36.6,39.733333,31.15,33.816667,70.05,10.233333,100.366667,8.733333,
20.95,37.516667,43.983333,298.85,0.0,44.866667,36.6,39.733333,31.15,33.816667,70.05,10.233333,100.366667,8.733333,55.25,
37.516667,43.983333,298.85,0.0,44.866667,36.6,39.733333,31.15,33.816667,70.05,10.233333,100.366667,8.733333,55.25,8.7,
43.983333,298.85,0.0,44.866667,36.6,39.733333,31.15,33.816667,70.05,10.233333,100.366667,8.733333,55.25,8.7,25.716667,
298.85,0.0,44.866667,36.6,39.733333,31.15,33.816667,70.05,10.233333,100.366667,8.733333,55.25,8.7,25.716667,75.716667,
0.0,44.866667,36.6,39.733333,31.15,33.816667,70.05,10.233333,100.366667,8.733333,55.25,8.7,25.716667,75.716667,41.616667,
44.866667,36.6,39.733333,31.15,33.816667,70.05,10.233333,100.366667,8.733333,55.25,8.7,25.716667,75.716667,41.616667,42.183333,
36.6,39.733333,31.15,33.816667,70.05,10.233333,100.366667,8.733333,55.25,8.7,25.716667,75.716667,41.616667,42.183333,92.4,
39.733333,31.15,33.816667,70.05,10.233333,100.366667,8.733333,55.25,8.7,25.716667,75.716667,41.616667,42.183333,92.4,52.433333,
31.15,33.816667,70.05,10.233333,100.366667,8.733333,55.25,8.7,25.716667,75.716667,41.616667,42.183333,92.4,52.433333,43.183333,
33.816667,70.05,10.233333,100.366667,8.733333,55.25,8.7,25.716667,75.716667,41.616667,42.183333,92.4,52.433333,43.183333,83.583333,
70.05,10.233333,100.366667,8.733333,55.25,8.7,25.716667,75.716667,41.616667,42.183333,92.4,52.433333,43.183333,83.583333,92.933333,
10.233333,100.366667,8.733333,55.25,8.7,25.716667,75.716667,41.616667,42.183333,92.4,52.433333,43.183333,83.583333,92.933333,58.55,
100.366667,8.733333,55.25,8.7,25.716667,75.716667,41.616667,42.183333,92.4,52.433333,43.183333,83.583333,92.933333,58.55,77.433333,
8.733333,55.25,8.7,25.716667,75.716667,41.616667,42.183333,92.4,52.433333,43.183333,83.583333,92.933333,58.55,77.433333,39.716667,
55.25,8.7,25.716667,75.716667,41.616667,42.183333,92.4,52.433333,43.183333,83.583333,92.933333,58.55,77.433333,39.716667,39.233333,
8.7,25.716667,75.716667,41.616667,42.183333,92.4,52.433333,43.183333,83.583333,92.933333,58.55,77.433333,39.716667,39.233333,101.983333,
25.716667,75.716667,41.616667,42.183333,92.4,52.433333,43.183333,83.583333,92.933333,58.55,77.433333,39.716667,39.233333,101.983333,59.083333,
75.716667,41.616667,42.183333,92.4,52.433333,43.183333,83.583333,92.933333,58.55,77.433333,39.716667,39.233333,101.983333,59.083333,55.45,
43.233333,24.8,40.333333,20.933333,78.966667,31.0,45.666667,132.566667,5.066667,114.016667,98.55,46.983333,156.216667,66.85,426.05,
24.8,40.333333,20.933333,78.966667,31.0,45.666667,132.566667,5.066667,114.016667,98.55,46.983333,156.216667,66.85,426.05,166.716667,
40.333333,20.933333,78.966667,31.0,45.666667,132.566667,5.066667,114.016667,98.55,46.983333,156.216667,66.85,426.05,166.716667,78.8,
20.933333,78.966667,31.0,45.666667,132.566667,5.066667,114.016667,98.55,46.983333,156.216667,66.85,426.05,166.716667,78.8,57.283333,
78.966667,31.0,45.666667,132.566667,5.066667,114.016667,98.55,46.983333,156.216667,66.85,426.05,166.716667,78.8,57.283333,49.916667,
31.0,45.666667,132.566667,5.066667,114.016667,98.55,46.983333,156.216667,66.85,426.05,166.716667,78.8,57.283333,49.916667,98.566667,
45.666667,132.566667,5.066667,114.016667,98.55,46.983333,156.216667,66.85,426.05,166.716667,78.8,57.283333,49.916667,98.566667,46.033333,
132.566667,5.066667,114.016667,98.55,46.983333,156.216667,66.85,426.05,166.716667,78.8,57.283333,49.916667,98.566667,46.033333,67.616667,
5.066667,114.016667,98.55,46.983333,156.216667,66.85,426.05,166.716667,78.8,57.283333,49.916667,98.566667,46.033333,67.616667,52.233333,
114.016667,98.55,46.983333,156.216667,66.85,426.05,166.716667,78.8,57.283333,49.916667,98.566667,46.033333,67.616667,52.233333,129.733333,
98.55,46.983333,156.216667,66.85,426.05,166.716667,78.8,57.283333,49.916667,98.566667,46.033333,67.616667,52.233333,129.733333,753.433333,
46.983333,156.216667,66.85,426.05,166.716667,78.8,57.283333,49.916667,98.566667,46.033333,67.616667,52.233333,129.733333,753.433333,52.85,
156.216667,66.85,426.05,166.716667,78.8,57.283333,49.916667,98.566667,46.033333,67.616667,52.233333,129.733333,753.433333,52.85,58.9,
66.85,426.05,166.716667,78.8,57.283333,49.916667,98.566667,46.033333,67.616667,52.233333,129.733333,753.433333,52.85,58.9,74.5,
426.05,166.716667,78.8,57.283333,49.916667,98.566667,46.033333,67.616667,52.233333,129.733333,753.433333,52.85,58.9,74.5,74.5,
166.716667,78.8,57.283333,49.916667,98.566667,46.033333,67.616667,52.233333,129.733333,753.433333,52.85,58.9,74.5,74.5,36.033333,
78.8,57.283333,49.916667,98.566667,46.033333,67.616667,52.233333,129.733333,753.433333,52.85,58.9,74.5,74.5,36.033333,33.333333,
57.283333,49.916667,98.566667,46.033333,67.616667,52.233333,129.733333,753.433333,52.85,58.9,74.5,74.5,36.033333,33.333333,15.816667,
49.916667,98.566667,46.033333,67.616667,52.233333,129.733333,753.433333,52.85,58.9,74.5,74.5,36.033333,33.333333,15.816667,66.85,
98.566667,46.033333,67.616667,52.233333,129.733333,753.433333,52.85,58.9,74.5,74.5,36.033333,33.333333,15.816667,66.85,33.983333,
46.033333,67.616667,52.233333,129.733333,753.433333,52.85,58.9,74.5,74.5,36.033333,33.333333,15.816667,66.85,33.983333,54.233333,
67.616667,52.233333,129.733333,753.433333,52.85,58.9,74.5,74.5,36.033333,33.333333,15.816667,66.85,33.983333,54.233333,189.55,
52.233333,129.733333,753.433333,52.85,58.9,74.5,74.5,36.033333,33.333333,15.816667,66.85,33.983333,54.233333,189.55,59.0,
129.733333,753.433333,52.85,58.9,74.5,74.5,36.033333,33.333333,15.816667,66.85,33.983333,54.233333,189.55,59.0,29.133333,
753.433333,52.85,58.9,74.5,74.5,36.033333,33.333333,15.816667,66.85,33.983333,54.233333,189.55,59.0,29.133333,30.0,
52.85,58.9,74.5,74.5,36.033333,33.333333,15.816667,66.85,33.983333,54.233333,189.55,59.0,29.133333,30.0,72.2,
58.9,74.5,74.5,36.033333,33.333333,15.816667,66.85,33.983333,54.233333,189.55,59.0,29.133333,30.0,72.2,1616.816667,
74.5,74.5,36.033333,33.333333,15.816667,66.85,33.983333,54.233333,189.55,59.0,29.133333,30.0,72.2,1616.816667,21.0,
74.5,36.033333,33.333333,15.816667,66.85,33.983333,54.233333,189.55,59.0,29.133333,30.0,72.2,1616.816667,21.0,108.033333,
36.033333,33.333333,15.816667,66.85,33.983333,54.233333,189.55,59.0,29.133333,30.0,72.2,1616.816667,21.0,108.033333,98.916667,
33.333333,15.816667,66.85,33.983333,54.233333,189.55,59.0,29.133333,30.0,72.2,1616.816667,21.0,108.033333,98.916667,47.783333,
15.816667,66.85,33.983333,54.233333,189.55,59.0,29.133333,30.0,72.2,1616.816667,21.0,108.033333,98.916667,47.783333,78.966667,
66.85,33.983333,54.233333,189.55,59.0,29.133333,30.0,72.2,1616.816667,21.0,108.033333,98.916667,47.783333,78.966667,45.666667,
33.983333,54.233333,189.55,59.0,29.133333,30.0,72.2,1616.816667,21.0,108.033333,98.916667,47.783333,78.966667,45.666667,226.45,
54.233333,189.55,59.0,29.133333,30.0,72.2,1616.816667,21.0,108.033333,98.916667,47.783333,78.966667,45.666667,226.45,156.366667,
189.55,59.0,29.133333,30.0,72.2,1616.816667,21.0,108.033333,98.916667,47.783333,78.966667,45.666667,226.45,156.366667,26.066667,
59.0,29.133333,30.0,72.2,1616.816667,21.0,108.033333,98.916667,47.783333,78.966667,45.666667,226.45,156.366667,26.066667,37.583333,
29.133333,30.0,72.2,1616.816667,21.0,108.033333,98.916667,47.783333,78.966667,45.666667,226.45,156.366667,26.066667,37.583333,753.433333,
30.0,72.2,1616.816667,21.0,108.033333,98.916667,47.783333,78.966667,45.666667,226.45,156.366667,26.066667,37.583333,753.433333,155.666667,
72.2,1616.816667,21.0,108.033333,98.916667,47.783333,78.966667,45.666667,226.45,156.366667,26.066667,37.583333,753.433333,155.666667,55.65,
1616.816667,21.0,108.033333,98.916667,47.783333,78.966667,45.666667,226.45,156.366667,26.066667,37.583333,753.433333,155.666667,55.65,18.483333,
21.0,108.033333,98.916667,47.783333,78.966667,45.666667,226.45,156.366667,26.066667,37.583333,753.433333,155.666667,55.65,18.483333,35.116667,
108.033333,98.916667,47.783333,78.966667,45.666667,226.45,156.366667,26.066667,37.583333,753.433333,155.666667,55.65,18.483333,35.116667,75.4,
98.916667,47.783333,78.966667,45.666667,226.45,156.366667,26.066667,37.583333,753.433333,155.666667,55.65,18.483333,35.116667,75.4,46.033333,
34.033333,93.9,33.333333,64.783333,67.483333,67.483333,29.366667,283.7,43.533333,57.966667,39.316667,31.683333,46.55,26.366667,54.233333,
93.9,33.333333,64.783333,67.483333,67.483333,29.366667,283.7,43.533333,57.966667,39.316667,31.683333,46.55,26.366667,54.233333,34.05,
33.333333,64.783333,67.483333,67.483333,29.366667,283.7,43.533333,57.966667,39.316667,31.683333,46.55,26.366667,54.233333,34.05,74.583333,
64.783333,67.483333,67.483333,29.366667,283.7,43.533333,57.966667,39.316667,31.683333,46.55,26.366667,54.233333,34.05,74.583333,53.366667,
67.483333,67.483333,29.366667,283.7,43.533333,57.966667,39.316667,31.683333,46.55,26.366667,54.233333,34.05,74.583333,53.366667,39.65,
67.483333,29.366667,283.7,43.533333,57.966667,39.316667,31.683333,46.55,26.366667,54.233333,34.05,74.583333,53.366667,39.65,83.3,
29.366667,283.7,43.533333,57.966667,39.316667,31.683333,46.55,26.366667,54.233333,34.05,74.583333,53.366667,39.65,83.3,61.883333,
283.7,43.533333,57.966667,39.316667,31.683333,46.55,26.366667,54.233333,34.05,74.583333,53.366667,39.65,83.3,61.883333,166.966667,
43.533333,57.966667,39.316667,31.683333,46.55,26.366667,54.233333,34.05,74.583333,53.366667,39.65,83.3,61.883333,166.966667,88.733333,
57.966667,39.316667,31.683333,46.55,26.366667,54.233333,34.05,74.583333,53.366667,39.65,83.3,61.883333,166.966667,88.733333,35.916667,
39.316667,31.683333,46.55,26.366667,54.233333,34.05,74.583333,53.366667,39.65,83.3,61.883333,166.966667,88.733333,35.916667,84.4,
31.683333,46.55,26.366667,54.233333,34.05,74.583333,53.366667,39.65,83.3,61.883333,166.966667,88.733333,35.916667,84.4,7.666667,
46.55,26.366667,54.233333,34.05,74.583333,53.366667,39.65,83.3,61.883333,166.966667,88.733333,35.916667,84.4,7.666667,326.466667,
26.366667,54.233333,34.05,74.583333,53.366667,39.65,83.3,61.883333,166.966667,88.733333,35.916667,84.4,7.666667,326.466667,26.566667,
54.233333,34.05,74.583333,53.366667,39.65,83.3,61.883333,166.966667,88.733333,35.916667,84.4,7.666667,326.466667,26.566667,59.633333,
34.05,74.583333,53.366667,39.65,83.3,61.883333,166.966667,88.733333,35.916667,84.4,7.666667,326.466667,26.566667,59.633333,61.266667,
74.583333,53.366667,39.65,83.3,61.883333,166.966667,88.733333,35.916667,84.4,7.666667,326.466667,26.566667,59.633333,61.266667,44.75,
53.366667,39.65,83.3,61.883333,166.966667,88.733333,35.916667,84.4,7.666667,326.466667,26.566667,59.633333,61.266667,44.75,789.083333,
39.65,83.3,61.883333,166.966667,88.733333,35.916667,84.4,7.666667,326.466667,26.566667,59.633333,61.266667,44.75,789.083333,119.7,
83.3,61.883333,166.966667,88.733333,35.916667,84.4,7.666667,326.466667,26.566667,59.633333,61.266667,44.75,789.083333,119.7,46.55,
61.883333,166.966667,88.733333,35.916667,84.4,7.666667,326.466667,26.566667,59.633333,61.266667,44.75,789.083333,119.7,46.55,35.933333,
166.966667,88.733333,35.916667,84.4,7.666667,326.466667,26.566667,59.633333,61.266667,44.75,789.083333,119.7,46.55,35.933333,68.55,
88.733333,35.916667,84.4,7.666667,326.466667,26.566667,59.633333,61.266667,44.75,789.083333,119.7,46.55,35.933333,68.55,38.25,
35.916667,84.4,7.666667,326.466667,26.566667,59.633333,61.266667,44.75,789.083333,119.7,46.55,35.933333,68.55,38.25,270.55,
84.4,7.666667,326.466667,26.566667,59.633333,61.266667,44.75,789.083333,119.7,46.55,35.933333,68.55,38.25,270.55,29.366667,
7.666667,326.466667,26.566667,59.633333,61.266667,44.75,789.083333,119.7,46.55,35.933333,68.55,38.25,270.55,29.366667,34.85,
326.466667,26.566667,59.633333,61.266667,44.75,789.083333,119.7,46.55,35.933333,68.55,38.25,270.55,29.366667,34.85,78.9,
26.566667,59.633333,61.266667,44.75,789.083333,119.7,46.55,35.933333,68.55,38.25,270.55,29.366667,34.85,78.9,174.95,
59.633333,61.266667,44.75,789.083333,119.7,46.55,35.933333,68.55,38.25,270.55,29.366667,34.85,78.9,174.95,85.433333,
61.266667,44.75,789.083333,119.7,46.55,35.933333,68.55,38.25,270.55,29.366667,34.85,78.9,174.95,85.433333,74.633333,
44.75,789.083333,119.7,46.55,35.933333,68.55,38.25,270.55,29.366667,34.85,78.9,174.95,85.433333,74.633333,89.766667,
789.083333,119.7,46.55,35.933333,68.55,38.25,270.55,29.366667,34.85,78.9,174.95,85.433333,74.633333,89.766667,40.333333,
119.7,46.55,35.933333,68.55,38.25,270.55,29.366667,34.85,78.9,174.95,85.433333,74.633333,89.766667,40.333333,40.9,
46.55,35.933333,68.55,38.25,270.55,29.366667,34.85,78.9,174.95,85.433333,74.633333,89.766667,40.333333,40.9,29.966667,
35.933333,68.55,38.25,270.55,29.366667,34.85,78.9,174.95,85.433333,74.633333,89.766667,40.333333,40.9,29.966667,23.6,
68.55,38.25,270.55,29.366667,34.85,78.9,174.95,85.433333,74.633333,89.766667,40.333333,40.9,29.966667,23.6,38.25,
38.25,270.55,29.366667,34.85,78.9,174.95,85.433333,74.633333,89.766667,40.333333,40.9,29.966667,23.6,38.25,74.316667,
100.366667,48.65,352.4,54.883333,59.266667,1151.15,56.3,63.65,81.45,112.033333,71.8,89.316667,16.033333,59.416667,19.883333,
48.65,352.4,54.883333,59.266667,1151.15,56.3,63.65,81.45,112.033333,71.8,89.316667,16.033333,59.416667,19.883333,45.15,
352.4,54.883333,59.266667,1151.15,56.3,63.65,81.45,112.033333,71.8,89.316667,16.033333,59.416667,19.883333,45.15,98.65,
54.883333,59.266667,1151.15,56.3,63.65,81.45,112.033333,71.8,89.316667,16.033333,59.416667,19.883333,45.15,98.65,349.5,
59.266667,1151.15,56.3,63.65,81.45,112.033333,71.8,89.316667,16.033333,59.416667,19.883333,45.15,98.65,349.5,128.883333,
1151.15,56.3,63.65,81.45,112.033333,71.8,89.316667,16.033333,59.416667,19.883333,45.15,98.65,349.5,128.883333,33.133333,
56.3,63.65,81.45,112.033333,71.8,89.316667,16.033333,59.416667,19.883333,45.15,98.65,349.5,128.883333,33.133333,145.016667,
63.65,81.45,112.033333,71.8,89.316667,16.033333,59.416667,19.883333,45.15,98.65,349.5,128.883333,33.133333,145.016667,4.95,
81.45,112.033333,71.8,89.316667,16.033333,59.416667,19.883333,45.15,98.65,349.5,128.883333,33.133333,145.016667,4.95,277.383333,
112.033333,71.8,89.316667,16.033333,59.416667,19.883333,45.15,98.65,349.5,128.883333,33.133333,145.016667,4.95,277.383333,51.666667,
71.8,89.316667,16.033333,59.416667,19.883333,45.15,98.65,349.5,128.883333,33.133333,145.016667,4.95,277.383333,51.666667,30.466667,
89.316667,16.033333,59.416667,19.883333,45.15,98.65,349.5,128.883333,33.133333,145.016667,4.95,277.383333,51.666667,30.466667,263.916667,
16.033333,59.416667,19.883333,45.15,98.65,349.5,128.883333,33.133333,145.016667,4.95,277.383333,51.666667,30.466667,263.916667,86.716667,
59.416667,19.883333,45.15,98.65,349.5,128.883333,33.133333,145.016667,4.95,277.383333,51.666667,30.466667,263.916667,86.716667,39.183333,
19.883333,45.15,98.65,349.5,128.883333,33.133333,145.016667,4.95,277.383333,51.666667,30.466667,263.916667,86.716667,39.183333,184.083333,
45.15,98.65,349.5,128.883333,33.133333,145.016667,4.95,277.383333,51.666667,30.466667,263.916667,86.716667,39.183333,184.083333,34.966667,
98.65,349.5,128.883333,33.133333,145.016667,4.95,277.383333,51.666667,30.466667,263.916667,86.716667,39.183333,184.083333,34.966667,94.433333,
349.5,128.883333,33.133333,145.016667,4.95,277.383333,51.666667,30.466667,263.916667,86.716667,39.183333,184.083333,34.966667,94.433333,233.166667,
128.883333,33.133333,145.016667,4.95,277.383333,51.666667,30.466667,263.916667,86.716667,39.183333,184.083333,34.966667,94.433333,233.166667,6.683333,
33.133333,145.016667,4.95,277.383333,51.666667,30.466667,263.916667,86.716667,39.183333,184.083333,34.966667,94.433333,233.166667,6.683333,45.216667,
145.016667,4.95,277.383333,51.666667,30.466667,263.916667,86.716667,39.183333,184.083333,34.966667,94.433333,233.166667,6.683333,45.216667,1182.616667,
4.95,277.383333,51.666667,30.466667,263.916667,86.716667,39.183333,184.083333,34.966667,94.433333,233.166667,6.683333,45.216667,1182.616667,16.933333,
277.383333,51.666667,30.466667,263.916667,86.716667,39.183333,184.083333,34.966667,94.433333,233.166667,6.683333,45.216667,1182.616667,16.933333,26.983333,
51.666667,30.466667,263.916667,86.716667,39.183333,184.083333,34.966667,94.433333,233.166667,6.683333,45.216667,1182.616667,16.933333,26.983333,104.766667,
30.466667,263.916667,86.716667,39.183333,184.083333,34.966667,94.433333,233.166667,6.683333,45.216667,1182.616667,16.933333,26.983333,104.766667,51.766667,
263.916667,86.716667,39.183333,184.083333,34.966667,94.433333,233.166667,6.683333,45.216667,1182.616667,16.933333,26.983333,104.766667,51.766667,62.7,
86.716667,39.183333,184.083333,34.966667,94.433333,233.166667,6.683333,45.216667,1182.616667,16.933333,26.983333,104.766667,51.766667,62.7,92.916667,
39.183333,184.083333,34.966667,94.433333,233.166667,6.683333,45.216667,1182.616667,16.933333,26.983333,104.766667,51.766667,62.7,92.916667,69.05,
184.083333,34.966667,94.433333,233.166667,6.683333,45.216667,1182.616667,16.933333,26.983333,104.766667,51.766667,62.7,92.916667,69.05,71.883333,
34.966667,94.433333,233.166667,6.683333,45.216667,1182.616667,16.933333,26.983333,104.766667,51.766667,62.7,92.916667,69.05,71.883333,45.366667,
94.433333,233.166667,6.683333,45.216667,1182.616667,16.933333,26.983333,104.766667,51.766667,62.7,92.916667,69.05,71.883333,45.366667,28.366667,
233.166667,6.683333,45.216667,1182.616667,16.933333,26.983333,104.766667,51.766667,62.7,92.916667,69.05,71.883333,45.366667,28.366667,97.716667,
6.683333,45.216667,1182.616667,16.933333,26.983333,104.766667,51.766667,62.7,92.916667,69.05,71.883333,45.366667,28.366667,97.716667,616.833333,
45.216667,1182.616667,16.933333,26.983333,104.766667,51.766667,62.7,92.916667,69.05,71.883333,45.366667,28.366667,97.716667,616.833333,27.4,
1182.616667,16.933333,26.983333,104.766667,51.766667,62.7,92.916667,69.05,71.883333,45.366667,28.366667,97.716667,616.833333,27.4,181.95,
16.933333,26.983333,104.766667,51.766667,62.7,92.916667,69.05,71.883333,45.366667,28.366667,97.716667,616.833333,27.4,181.95,72.266667,
26.983333,104.766667,51.766667,62.7,92.916667,69.05,71.883333,45.366667,28.366667,97.716667,616.833333,27.4,181.95,72.266667,102.316667,
104.766667,51.766667,62.7,92.916667,69.05,71.883333,45.366667,28.366667,97.716667,616.833333,27.4,181.95,72.266667,102.316667,56.366667,
51.766667,62.7,92.916667,69.05,71.883333,45.366667,28.366667,97.716667,616.833333,27.4,181.95,72.266667,102.316667,56.366667,59.0,
62.7,92.916667,69.05,71.883333,45.366667,28.366667,97.716667,616.833333,27.4,181.95,72.266667,102.316667,56.366667,59.0,28.3,
92.916667,69.05,71.883333,45.366667,28.366667,97.716667,616.833333,27.4,181.95,72.266667,102.316667,56.366667,59.0,28.3,89.066667,
69.05,71.883333,45.366667,28.366667,97.716667,616.833333,27.4,181.95,72.266667,102.316667,56.366667,59.0,28.3,89.066667,55.983333,
71.883333,45.366667,28.366667,97.716667,616.833333,27.4,181.95,72.266667,102.316667,56.366667,59.0,28.3,89.066667,55.983333,10.95,
45.366667,28.366667,97.716667,616.833333,27.4,181.95,72.266667,102.316667,56.366667,59.0,28.3,89.066667,55.983333,10.95,64.566667,
28.366667,97.716667,616.833333,27.4,181.95,72.266667,102.316667,56.366667,59.0,28.3,89.066667,55.983333,10.95,64.566667,75.45,
97.716667,616.833333,27.4,181.95,72.266667,102.316667,56.366667,59.0,28.3,89.066667,55.983333,10.95,64.566667,75.45,829.15,
616.833333,27.4,181.95,72.266667,102.316667,56.366667,59.0,28.3,89.066667,55.983333,10.95,64.566667,75.45,829.15,53.7,
45.15,60.65,59.916667,59.633333,27.316667,53.25,49.766667,61.85,100.2,26.916667,4.95,57.566667,17.266667,33.816667,1321.233333,
60.65,59.916667,59.633333,27.316667,53.25,49.766667,61.85,100.2,26.916667,4.95,57.566667,17.266667,33.816667,1321.233333,19.466667,
59.916667,59.633333,27.316667,53.25,49.766667,61.85,100.2,26.916667,4.95,57.566667,17.266667,33.816667,1321.233333,19.466667,9.966667,
59.633333,27.316667,53.25,49.766667,61.85,100.2,26.916667,4.95,57.566667,17.266667,33.816667,1321.233333,19.466667,9.966667,26.766667,
27.316667,53.25,49.766667,61.85,100.2,26.916667,4.95,57.566667,17.266667,33.816667,1321.233333,19.466667,9.966667,26.766667,48.25,
53.25,49.766667,61.85,100.2,26.916667,4.95,57.566667,17.266667,33.816667,1321.233333,19.466667,9.966667,26.766667,48.25,64.466667,
49.766667,61.85,100.2,26.916667,4.95,57.566667,17.266667,33.816667,1321.233333,19.466667,9.966667,26.766667,48.25,64.466667,140.733333,
61.85,100.2,26.916667,4.95,57.566667,17.266667,33.816667,1321.233333,19.466667,9.966667,26.766667,48.25,64.466667,140.733333,36.316667,
100.2,26.916667,4.95,57.566667,17.266667,33.816667,1321.233333,19.466667,9.966667,26.766667,48.25,64.466667,140.733333,36.316667,128.883333,
26.916667,4.95,57.566667,17.266667,33.816667,1321.233333,19.466667,9.966667,26.766667,48.25,64.466667,140.733333,36.316667,128.883333,103.083333,
4.95,57.566667,17.266667,33.816667,1321.233333,19.466667,9.966667,26.766667,48.25,64.466667,140.733333,36.316667,128.883333,103.083333,77.316667,
57.566667,17.266667,33.816667,1321.233333,19.466667,9.966667,26.766667,48.25,64.466667,140.733333,36.316667,128.883333,103.083333,77.316667,1182.616667,
17.266667,33.816667,1321.233333,19.466667,9.966667,26.766667,48.25,64.466667,140.733333,36.316667,128.883333,103.083333,77.316667,1182.616667,79.5,
33.816667,1321.233333,19.466667,9.966667,26.766667,48.25,64.466667,140.733333,36.316667,128.883333,103.083333,77.316667,1182.616667,79.5,38.133333,
1321.233333,19.466667,9.966667,26.766667,48.25,64.466667,140.733333,36.316667,128.883333,103.083333,77.316667,1182.616667,79.5,38.133333,44.866667,
19.466667,9.966667,26.766667,48.25,64.466667,140.733333,36.316667,128.883333,103.083333,77.316667,1182.616667,79.5,38.133333,44.866667,42.583333,
9.966667,26.766667,48.25,64.466667,140.733333,36.316667,128.883333,103.083333,77.316667,1182.616667,79.5,38.133333,44.866667,42.583333,47.283333,
26.766667,48.25,64.466667,140.733333,36.316667,128.883333,103.083333,77.316667,1182.616667,79.5,38.133333,44.866667,42.583333,47.283333,57.283333,
48.25,64.466667,140.733333,36.316667,128.883333,103.083333,77.316667,1182.616667,79.5,38.133333,44.866667,42.583333,47.283333,57.283333,74.316667,
64.466667,140.733333,36.316667,128.883333,103.083333,77.316667,1182.616667,79.5,38.133333,44.866667,42.583333,47.283333,57.283333,74.316667,34.05,
140.733333,36.316667,128.883333,103.083333,77.316667,1182.616667,79.5,38.133333,44.866667,42.583333,47.283333,57.283333,74.316667,34.05,197.083333,
36.316667,128.883333,103.083333,77.316667,1182.616667,79.5,38.133333,44.866667,42.583333,47.283333,57.283333,74.316667,34.05,197.083333,42.183333,
128.883333,103.083333,77.316667,1182.616667,79.5,38.133333,44.866667,42.583333,47.283333,57.283333,74.316667,34.05,197.083333,42.183333,623.166667,
103.083333,77.316667,1182.616667,79.5,38.133333,44.866667,42.583333,47.283333,57.283333,74.316667,34.05,197.083333,42.183333,623.166667,184.083333,
77.316667,1182.616667,79.5,38.133333,44.866667,42.583333,47.283333,57.283333,74.316667,34.05,197.083333,42.183333,623.166667,184.083333,55.45,
1182.616667,79.5,38.133333,44.866667,42.583333,47.283333,57.283333,74.316667,34.05,197.083333,42.183333,623.166667,184.083333,55.45,39.716667,
79.5,38.133333,44.866667,42.583333,47.283333,57.283333,74.316667,34.05,197.083333,42.183333,623.166667,184.083333,55.45,39.716667,4.95,
38.133333,44.866667,42.583333,47.283333,57.283333,74.316667,34.05,197.083333,42.183333,623.166667,184.083333,55.45,39.716667,4.95,50.133333,
44.866667,42.583333,47.283333,57.283333,74.316667,34.05,197.083333,42.183333,623.166667,184.083333,55.45,39.716667,4.95,50.133333,39.233333,
42.583333,47.283333,57.283333,74.316667,34.05,197.083333,42.183333,623.166667,184.083333,55.45,39.716667,4.95,50.133333,39.233333,53.733333,
47.283333,57.283333,74.316667,34.05,197.083333,42.183333,623.166667,184.083333,55.45,39.716667,4.95,50.133333,39.233333,53.733333,137.8,
57.283333,74.316667,34.05,197.083333,42.183333,623.166667,184.083333,55.45,39.716667,4.95,50.133333,39.233333,53.733333,137.8,77.2,
74.316667,34.05,197.083333,42.183333,623.166667,184.083333,55.45,39.716667,4.95,50.133333,39.233333,53.733333,137.8,77.2,85.0,
34.05,197.083333,42.183333,623.166667,184.083333,55.45,39.716667,4.95,50.133333,39.233333,53.733333,137.8,77.2,85.0,129.783333,
197.083333,42.183333,623.166667,184.083333,55.45,39.716667,4.95,50.133333,39.233333,53.733333,137.8,77.2,85.0,129.783333,32.816667,
42.183333,623.166667,184.083333,55.45,39.716667,4.95,50.133333,39.233333,53.733333,137.8,77.2,85.0,129.783333,32.816667,85.75,
623.166667,184.083333,55.45,39.716667,4.95,50.133333,39.233333,53.733333,137.8,77.2,85.0,129.783333,32.816667,85.75,60.75,
184.083333,55.45,39.716667,4.95,50.133333,39.233333,53.733333,137.8,77.2,85.0,129.783333,32.816667,85.75,60.75,77.116667,
55.45,39.716667,4.95,50.133333,39.233333,53.733333,137.8,77.2,85.0,129.783333,32.816667,85.75,60.75,77.116667,89.766667,
39.716667,4.95,50.133333,39.233333,53.733333,137.8,77.2,85.0,129.783333,32.816667,85.75,60.75,77.116667,89.766667,117.633333,
4.95,50.133333,39.233333,53.733333,137.8,77.2,85.0,129.783333,32.816667,85.75,60.75,77.116667,89.766667,117.633333,43.316667,
50.133333,39.233333,53.733333,137.8,77.2,85.0,129.783333,32.816667,85.75,60.75,77.116667,89.766667,117.633333,43.316667,50.733333,
39.233333,53.733333,137.8,77.2,85.0,129.783333,32.816667,85.75,60.75,77.116667,89.766667,117.633333,43.316667,50.733333,84.883333,
53.733333,137.8,77.2,85.0,129.783333,32.816667,85.75,60.75,77.116667,89.766667,117.633333,43.316667,50.733333,84.883333,92.916667,
137.8,77.2,85.0,129.783333,32.816667,85.75,60.75,77.116667,89.766667,117.633333,43.316667,50.733333,84.883333,92.916667,34.05,
77.2,85.0,129.783333,32.816667,85.75,60.75,77.116667,89.766667,117.633333,43.316667,50.733333,84.883333,92.916667,34.05,102.316667,
85.0,129.783333,32.816667,85.75,60.75,77.116667,89.766667,117.633333,43.316667,50.733333,84.883333,92.916667,34.05,102.316667,29.933333,
129.783333,32.816667,85.75,60.75,77.116667,89.766667,117.633333,43.316667,50.733333,84.883333,92.916667,34.05,102.316667,29.933333,81.45,
32.816667,85.75,60.75,77.116667,89.766667,117.633333,43.316667,50.733333,84.883333,92.916667,34.05,102.316667,29.933333,81.45,77.2,
85.75,60.75,77.116667,89.766667,117.633333,43.316667,50.733333,84.883333,92.916667,34.05,102.316667,29.933333,81.45,77.2,75.433333,
60.75,77.116667,89.766667,117.633333,43.316667,50.733333,84.883333,92.916667,34.05,102.316667,29.933333,81.45,77.2,75.433333,54.0,
77.116667,89.766667,117.633333,43.316667,50.733333,84.883333,92.916667,34.05,102.316667,29.933333,81.45,77.2,75.433333,54.0,12.816667,
89.766667,117.633333,43.316667,50.733333,84.883333,92.916667,34.05,102.316667,29.933333,81.45,77.2,75.433333,54.0,12.816667,59.716667,
117.633333,43.316667,50.733333,84.883333,92.916667,34.05,102.316667,29.933333,81.45,77.2,75.433333,54.0,12.816667,59.716667,47.416667,
43.316667,50.733333,84.883333,92.916667,34.05,102.316667,29.933333,81.45,77.2,75.433333,54.0,12.816667,59.716667,47.416667,34.2,
50.733333,84.883333,92.916667,34.05,102.316667,29.933333,81.45,77.2,75.433333,54.0,12.816667,59.716667,47.416667,34.2,89.316667,
84.883333,92.916667,34.05,102.316667,29.933333,81.45,77.2,75.433333,54.0,12.816667,59.716667,47.416667,34.2,89.316667,155.666667,
92.916667,34.05,102.316667,29.933333,81.45,77.2,75.433333,54.0,12.816667,59.716667,47.416667,34.2,89.316667,155.666667,89.766667,
79.883333,21.5,64.433333,46.3,57.366667,67.9,59.883333,23.35,35.65,31.0,71.0,67.566667,753.666667,820.416667,96.75,
21.5,64.433333,46.3,57.366667,67.9,59.883333,23.35,35.65,31.0,71.0,67.566667,753.666667,820.416667,96.75,336.533333,
64.433333,46.3,57.366667,67.9,59.883333,23.35,35.65,31.0,71.0,67.566667,753.666667,820.416667,96.75,336.533333,20.033333,
46.3,57.366667,67.9,59.883333,23.35,35.65,31.0,71.0,67.566667,753.666667,820.416667,96.75,336.533333,20.033333,442.983333,
57.366667,67.9,59.883333,23.35,35.65,31.0,71.0,67.566667,753.666667,820.416667,96.75,336.533333,20.033333,442.983333,130.566667,
67.9,59.883333,23.35,35.65,31.0,71.0,67.566667,753.666667,820.416667,96.75,336.533333,20.033333,442.983333,130.566667,187.6,
59.883333,23.35,35.65,31.0,71.0,67.566667,753.666667,820.416667,96.75,336.533333,20.033333,442.983333,130.566667,187.6,22.966667,
23.35,35.65,31.0,71.0,67.566667,753.666667,820.416667,96.75,336.533333,20.033333,442.983333,130.566667,187.6,22.966667,78.566667,
35.65,31.0,71.0,67.566667,753.666667,820.416667,96.75,336.533333,20.033333,442.983333,130.566667,187.6,22.966667,78.566667,151.416667,
31.0,71.0,67.566667,753.666667,820.416667,96.75,336.533333,20.033333,442.983333,130.566667,187.6,22.966667,78.566667,151.416667,147.766667,
71.0,67.566667,753.666667,820.416667,96.75,336.533333,20.033333,442.983333,130.566667,187.6,22.966667,78.566667,151.416667,147.766667,17.816667,
67.566667,753.666667,820.416667,96.75,336.533333,20.033333,442.983333,130.566667,187.6,22.966667,78.566667,151.416667,147.766667,17.816667,1204.566667,
753.666667,820.416667,96.75,336.533333,20.033333,442.983333,130.566667,187.6,22.966667,78.566667,151.416667,147.766667,17.816667,1204.566667,197.083333,
820.416667,96.75,336.533333,20.033333,442.983333,130.566667,187.6,22.966667,78.566667,151.416667,147.766667,17.816667,1204.566667,197.083333,92.916667,
96.75,336.533333,20.033333,442.983333,130.566667,187.6,22.966667,78.566667,151.416667,147.766667,17.816667,1204.566667,197.083333,92.916667,33.666667,
336.533333,20.033333,442.983333,130.566667,187.6,22.966667,78.566667,151.416667,147.766667,17.816667,1204.566667,197.083333,92.916667,33.666667,9.833333,
20.033333,442.983333,130.566667,187.6,22.966667,78.566667,151.416667,147.766667,17.816667,1204.566667,197.083333,92.916667,33.666667,9.833333,29.966667,
442.983333,130.566667,187.6,22.966667,78.566667,151.416667,147.766667,17.816667,1204.566667,197.083333,92.916667,33.666667,9.833333,29.966667,107.316667,
130.566667,187.6,22.966667,78.566667,151.416667,147.766667,17.816667,1204.566667,197.083333,92.916667,33.666667,9.833333,29.966667,107.316667,43.533333,
187.6,22.966667,78.566667,151.416667,147.766667,17.816667,1204.566667,197.083333,92.916667,33.666667,9.833333,29.966667,107.316667,43.533333,54.133333,
22.966667,78.566667,151.416667,147.766667,17.816667,1204.566667,197.083333,92.916667,33.666667,9.833333,29.966667,107.316667,43.533333,54.133333,33.683333,
78.566667,151.416667,147.766667,17.816667,1204.566667,197.083333,92.916667,33.666667,9.833333,29.966667,107.316667,43.533333,54.133333,33.683333,61.633333,
151.416667,147.766667,17.816667,1204.566667,197.083333,92.916667,33.666667,9.833333,29.966667,107.316667,43.533333,54.133333,33.683333,61.633333,23.333333,
147.766667,17.816667,1204.566667,197.083333,92.916667,33.666667,9.833333,29.966667,107.316667,43.533333,54.133333,33.683333,61.633333,23.333333,17.983333,
17.816667,1204.566667,197.083333,92.916667,33.666667,9.833333,29.966667,107.316667,43.533333,54.133333,33.683333,61.633333,23.333333,17.983333,539.183333,
1204.566667,197.083333,92.916667,33.666667,9.833333,29.966667,107.316667,43.533333,54.133333,33.683333,61.633333,23.333333,17.983333,539.183333,50.6,
197.083333,92.916667,33.666667,9.833333,29.966667,107.316667,43.533333,54.133333,33.683333,61.633333,23.333333,17.983333,539.183333,50.6,43.966667,
92.916667,33.666667,9.833333,29.966667,107.316667,43.533333,54.133333,33.683333,61.633333,23.333333,17.983333,539.183333,50.6,43.966667,132.566667,
33.666667,9.833333,29.966667,107.316667,43.533333,54.133333,33.683333,61.633333,23.333333,17.983333,539.183333,50.6,43.966667,132.566667,17.816667,
9.833333,29.966667,107.316667,43.533333,54.133333,33.683333,61.633333,23.333333,17.983333,539.183333,50.6,43.966667,132.566667,17.816667,166.683333,
29.966667,107.316667,43.533333,54.133333,33.683333,61.633333,23.333333,17.983333,539.183333,50.6,43.966667,132.566667,17.816667,166.683333,88.733333,
107.316667,43.533333,54.133333,33.683333,61.633333,23.333333,17.983333,539.183333,50.6,43.966667,132.566667,17.816667,166.683333,88.733333,29.933333,
43.533333,54.133333,33.683333,61.633333,23.333333,17.983333,539.183333,50.6,43.966667,132.566667,17.816667,166.683333,88.733333,29.933333,27.666667,
54.133333,33.683333,61.633333,23.333333,17.983333,539.183333,50.6,43.966667,132.566667,17.816667,166.683333,88.733333,29.933333,27.666667,26.483333,
33.683333,61.633333,23.333333,17.983333,539.183333,50.6,43.966667,132.566667,17.816667,166.683333,88.733333,29.933333,27.666667,26.483333,225.283333,
61.633333,23.333333,17.983333,539.183333,50.6,43.966667,132.566667,17.816667,166.683333,88.733333,29.933333,27.666667,26.483333,225.283333,43.183333,
23.333333,17.983333,539.183333,50.6,43.966667,132.566667,17.816667,166.683333,88.733333,29.933333,27.666667,26.483333,225.283333,43.183333,48.65,
17.983333,539.183333,50.6,43.966667,132.566667,17.816667,166.683333,88.733333,29.933333,27.666667,26.483333,225.283333,43.183333,48.65,98.916667,
539.183333,50.6,43.966667,132.566667,17.816667,166.683333,88.733333,29.933333,27.666667,26.483333,225.283333,43.183333,48.65,98.916667,623.166667,
50.6,43.966667,132.566667,17.816667,166.683333,88.733333,29.933333,27.666667,26.483333,225.283333,43.183333,48.65,98.916667,623.166667,109.866667,
43.966667,132.566667,17.816667,166.683333,88.733333,29.933333,27.666667,26.483333,225.283333,43.183333,48.65,98.916667,623.166667,109.866667,22.966667,
52.333333,113.15,79.5,442.683333,23.816667,20.033333,140.733333,1650.683333,33.233333,50.516667,69.15,156.216667,89.316667,77.316667,51.183333,
113.15,79.5,442.683333,23.816667,20.033333,140.733333,1650.683333,33.233333,50.516667,69.15,156.216667,89.316667,77.316667,51.183333,103.083333,
79.5,442.683333,23.816667,20.033333,140.733333,1650.683333,33.233333,50.516667,69.15,156.216667,89.316667,77.316667,51.183333,103.083333,82.633333,
442.683333,23.816667,20.033333,140.733333,1650.683333,33.233333,50.516667,69.15,156.216667,89.316667,77.316667,51.183333,103.083333,82.633333,58.266667,
23.816667,20.033333,140.733333,1650.683333,33.233333,50.516667,69.15,156.216667,89.316667,77.316667,51.183333,103.083333,82.633333,58.266667,50.383333,
20.033333,140.733333,1650.683333,33.233333,50.516667,69.15,156.216667,89.316667,77.316667,51.183333,103.083333,82.633333,58.266667,50.383333,117.683333,
140.733333,1650.683333,33.233333,50.516667,69.15,156.216667,89.316667,77.316667,51.183333,103.083333,82.633333,58.266667,50.383333,117.683333,169.0,
1650.683333,33.233333,50.516667,69.15,156.216667,89.316667,77.316667,51.183333,103.083333,82.633333,58.266667,50.383333,117.683333,169.0,326.466667,
33.233333,50.516667,69.15,156.216667,89.316667,77.316667,51.183333,103.083333,82.633333,58.266667,50.383333,117.683333,169.0,326.466667,37.516667,
50.516667,69.15,156.216667,89.316667,77.316667,51.183333,103.083333,82.633333,58.266667,50.383333,117.683333,169.0,326.466667,37.516667,63.65,
69.15,156.216667,89.316667,77.316667,51.183333,103.083333,82.633333,58.266667,50.383333,117.683333,169.0,326.466667,37.516667,63.65,33.133333,
156.216667,89.316667,77.316667,51.183333,103.083333,82.633333,58.266667,50.383333,117.683333,169.0,326.466667,37.516667,63.65,33.133333,1650.683333,
89.316667,77.316667,51.183333,103.083333,82.633333,58.266667,50.383333,117.683333,169.0,326.466667,37.516667,63.65,33.133333,1650.683333,98.55,
77.316667,51.183333,103.083333,82.633333,58.266667,50.383333,117.683333,169.0,326.466667,37.516667,63.65,33.133333,1650.683333,98.55,34.85,
51.183333,103.083333,82.633333,58.266667,50.383333,117.683333,169.0,326.466667,37.516667,63.65,33.133333,1650.683333,98.55,34.85,59.416667,
103.083333,82.633333,58.266667,50.383333,117.683333,169.0,326.466667,37.516667,63.65,33.133333,1650.683333,98.55,34.85,59.416667,27.3,
82.633333,58.266667,50.383333,117.683333,169.0,326.466667,37.516667,63.65,33.133333,1650.683333,98.55,34.85,59.416667,27.3,28.916667,
58.266667,50.383333,117.683333,169.0,326.466667,37.516667,63.65,33.133333,1650.683333,98.55,34.85,59.416667,27.3,28.916667,63.183333,
50.383333,117.683333,169.0,326.466667,37.516667,63.65,33.133333,1650.683333,98.55,34.85,59.416667,27.3,28.916667,63.183333,100.2,
117.683333,169.0,326.466667,37.516667,63.65,33.133333,1650.683333,98.55,34.85,59.416667,27.3,28.916667,63.183333,100.2,20.033333,
169.0,326.466667,37.516667,63.65,33.133333,1650.683333,98.55,34.85,59.416667,27.3,28.916667,63.183333,100.2,20.033333,67.566667,
326.466667,37.516667,63.65,33.133333,1650.683333,98.55,34.85,59.416667,27.3,28.916667,63.183333,100.2,20.033333,67.566667,64.783333,
37.516667,63.65,33.133333,1650.683333,98.55,34.85,59.416667,27.3,28.916667,63.183333,100.2,20.033333,67.566667,64.783333,31.0,
63.65,33.133333,1650.683333,98.55,34.85,59.416667,27.3,28.916667,63.183333,100.2,20.033333,67.566667,64.783333,31.0,263.916667,
33.133333,1650.683333,98.55,34.85,59.416667,27.3,28.916667,63.183333,100.2,20.033333,67.566667,64.783333,31.0,263.916667,59.716667,
1650.683333,98.55,34.85,59.416667,27.3,28.916667,63.183333,100.2,20.033333,67.566667,64.783333,31.0,263.916667,59.716667,17.566667,
98.55,34.85,59.416667,27.3,28.916667,63.183333,100.2,20.033333,67.566667,64.783333,31.0,263.916667,59.716667,17.566667,91.466667,
34.85,59.416667,27.3,28.916667,63.183333,100.2,20.033333,67.566667,64.783333,31.0,263.916667,59.716667,17.566667,91.466667,59.8,
59.416667,27.3,28.916667,63.183333,100.2,20.033333,67.566667,64.783333,31.0,263.916667,59.716667,17.566667,91.466667,59.8,197.083333,
27.3,28.916667,63.183333,100.2,20.033333,67.566667,64.783333,31.0,263.916667,59.716667,17.566667,91.466667,59.8,197.083333,67.466667,
28.916667,63.183333,100.2,20.033333,67.566667,64.783333,31.0,263.916667,59.716667,17.566667,91.466667,59.8,197.083333,67.466667,1424.0,
63.183333,100.2,20.033333,67.566667,64.783333,31.0,263.916667,59.716667,17.566667,91.466667,59.8,197.083333,67.466667,1424.0,53.733333,
100.2,20.033333,67.566667,64.783333,31.0,263.916667,59.716667,17.566667,91.466667,59.8,197.083333,67.466667,1424.0,53.733333,25.316667,
20.033333,67.566667,64.783333,31.0,263.916667,59.716667,17.566667,91.466667,59.8,197.083333,67.466667,1424.0,53.733333,25.316667,47.283333,
67.566667,64.783333,31.0,263.916667,59.716667,17.566667,91.466667,59.8,197.083333,67.466667,1424.0,53.733333,25.316667,47.283333,30.0,
64.783333,31.0,263.916667,59.716667,17.566667,91.466667,59.8,197.083333,67.466667,1424.0,53.733333,25.316667,47.283333,30.0,46.3,
31.0,263.916667,59.716667,17.566667,91.466667,59.8,197.083333,67.466667,1424.0,53.733333,25.316667,47.283333,30.0,46.3,75.716667,
263.916667,59.716667,17.566667,91.466667,59.8,197.083333,67.466667,1424.0,53.733333,25.316667,47.283333,30.0,46.3,75.716667,56.3,
59.716667,17.566667,91.466667,59.8,197.083333,67.466667,1424.0,53.733333,25.316667,47.283333,30.0,46.3,75.716667,56.3,59.716667,
17.566667,91.466667,59.8,197.083333,67.466667,1424.0,53.733333,25.316667,47.283333,30.0,46.3,75.716667,56.3,59.716667,72.266667,
91.466667,59.8,197.083333,67.466667,1424.0,53.733333,25.316667,47.283333,30.0,46.3,75.716667,56.3,59.716667,72.266667,26.916667,
59.8,197.083333,67.466667,1424.0,53.733333,25.316667,47.283333,30.0,46.3,75.716667,56.3,59.716667,72.266667,26.916667,295.333333,
197.083333,67.466667,1424.0,53.733333,25.316667,47.283333,30.0,46.3,75.716667,56.3,59.716667,72.266667,26.916667,295.333333,130.45,
67.466667,1424.0,53.733333,25.316667,47.283333,30.0,46.3,75.716667,56.3,59.716667,72.266667,26.916667,295.333333,130.45,65.966667,
1424.0,53.733333,25.316667,47.283333,30.0,46.3,75.716667,56.3,59.716667,72.266667,26.916667,295.333333,130.45,65.966667,117.633333,
53.733333,25.316667,47.283333,30.0,46.3,75.716667,56.3,59.716667,72.266667,26.916667,295.333333,130.45,65.966667,117.633333,77.316667,
25.316667,47.283333,30.0,46.3,75.716667,56.3,59.716667,72.266667,26.916667,295.333333,130.45,65.966667,117.633333,77.316667,310.133333,
47.283333,30.0,46.3,75.716667,56.3,59.716667,72.266667,26.916667,295.333333,130.45,65.966667,117.633333,77.316667,310.133333,224.05,
30.0,46.3,75.716667,56.3,59.716667,72.266667,26.916667,295.333333,130.45,65.966667,117.633333,77.316667,310.133333,224.05,225.283333,
46.3,75.716667,56.3,59.716667,72.266667,26.916667,295.333333,130.45,65.966667,117.633333,77.316667,310.133333,224.05,225.283333,36.483333,
75.716667,56.3,59.716667,72.266667,26.916667,295.333333,130.45,65.966667,117.633333,77.316667,310.133333,224.05,225.283333,36.483333,38.533333,
56.3,59.716667,72.266667,26.916667,295.333333,130.45,65.966667,117.633333,77.316667,310.133333,224.05,225.283333,36.483333,38.533333,197.083333,
59.716667,72.266667,26.916667,295.333333,130.45,65.966667,117.633333,77.316667,310.133333,224.05,225.283333,36.483333,38.533333,197.083333,43.25,
72.266667,26.916667,295.333333,130.45,65.966667,117.633333,77.316667,310.133333,224.05,225.283333,36.483333,38.533333,197.083333,43.25,57.7,
26.916667,295.333333,130.45,65.966667,117.633333,77.316667,310.133333,224.05,225.283333,36.483333,38.533333,197.083333,43.25,57.7,41.933333,
295.333333,130.45,65.966667,117.633333,77.316667,310.133333,224.05,225.283333,36.483333,38.533333,197.083333,43.25,57.7,41.933333,40.15,
130.45,65.966667,117.633333,77.316667,310.133333,224.05,225.283333,36.483333,38.533333,197.083333,43.25,57.7,41.933333,40.15,57.016667,
65.966667,117.633333,77.316667,310.133333,224.05,225.283333,36.483333,38.533333,197.083333,43.25,57.7,41.933333,40.15,57.016667,921.866667,
117.633333,77.316667,310.133333,224.05,225.283333,36.483333,38.533333,197.083333,43.25,57.7,41.933333,40.15,57.016667,921.866667,126.416667,
77.316667,310.133333,224.05,225.283333,36.483333,38.533333,197.083333,43.25,57.7,41.933333,40.15,57.016667,921.866667,126.416667,36.75,
310.133333,224.05,225.283333,36.483333,38.533333,197.083333,43.25,57.7,41.933333,40.15,57.016667,921.866667,126.416667,36.75,187.383333,
224.05,225.283333,36.483333,38.533333,197.083333,43.25,57.7,41.933333,40.15,57.016667,921.866667,126.416667,36.75,187.383333,20.0,
225.283333,36.483333,38.533333,197.083333,43.25,57.7,41.933333,40.15,57.016667,921.866667,126.416667,36.75,187.383333,20.0,43.633333,
36.483333,38.533333,197.083333,43.25,57.7,41.933333,40.15,57.016667,921.866667,126.416667,36.75,187.383333,20.0,43.633333,70.85,
38.533333,197.083333,43.25,57.7,41.933333,40.15,57.016667,921.866667,126.416667,36.75,187.383333,20.0,43.633333,70.85,33.266667,
197.083333,43.25,57.7,41.933333,40.15,57.016667,921.866667,126.416667,36.75,187.383333,20.0,43.633333,70.85,33.266667,119.983333,
43.25,57.7,41.933333,40.15,57.016667,921.866667,126.416667,36.75,187.383333,20.0,43.633333,70.85,33.266667,119.983333,28.516667,
57.7,41.933333,40.15,57.016667,921.866667,126.416667,36.75,187.383333,20.0,43.633333,70.85,33.266667,119.983333,28.516667,55.183333,
41.933333,40.15,57.016667,921.866667,126.416667,36.75,187.383333,20.0,43.633333,70.85,33.266667,119.983333,28.516667,55.183333,71.266667,
40.15,57.016667,921.866667,126.416667,36.75,187.383333,20.0,43.633333,70.85,33.266667,119.983333,28.516667,55.183333,71.266667,75.066667,
57.016667,921.866667,126.416667,36.75,187.383333,20.0,43.633333,70.85,33.266667,119.983333,28.516667,55.183333,71.266667,75.066667,49.583333,
