179.06,179.23,179.25,179.25,179.25
179.07,179.24,179.25,179.25,179.25
179.1,179.24,179.25,179.25,179.25
179.06,179.23,179.25,179.25,179.25
179.1,179.24,179.25,179.25,179.25
179.1,179.24,179.25,179.25,179.25
179.1,179.24,179.25,179.25,179.25
179.1,179.24,179.25,179.25,179.25
179.1,179.24,179.25,179.25,179.25
179.08,179.24,179.25,179.25,179.25
179.1,179.24,179.25,179.25,179.25
179.1,179.24,179.25,179.25,179.25
179.1,179.24,179.25,179.25,179.25
179.1,179.24,179.25,179.25,179.25
179.09,179.24,179.25,179.25,179.25
179.1,179.24,179.25,179.25,179.25
179.1,179.24,179.25,179.25,179.25
179.07,179.24,179.25,179.25,179.25
179.06,179.23,179.25,179.25,179.25
179.1,179.24,179.25,179.25,179.25
179.09,179.24,179.25,179.25,179.25
179.08,179.24,179.25,179.25,179.25
179.1,179.24,179.25,179.25,179.25
179.1,179.24,179.25,179.25,179.25
179.1,179.24,179.25,179.25,179.25
179.1,179.24,179.25,179.25,179.25
179.1,179.24,179.25,179.25,179.25
179.1,179.24,179.25,179.25,179.25
179.1,179.24,179.25,179.25,179.25
179.1,179.24,179.25,179.25,179.25
179.1,179.24,179.25,179.25,179.25
179.1,179.24,179.25,179.25,179.25
179.1,179.24,179.25,179.25,179.25
179.1,179.24,179.25,179.25,179.25
179.1,179.24,179.25,179.25,179.25
179.1,179.24,179.25,179.25,179.25
179.06,179.23,179.25,179.25,179.25
179.1,179.24,179.25,179.25,179.25
179.1,179.24,179.25,179.25,179.25
179.09,179.24,179.25,179.25,179.25
179.09,179.24,179.25,179.25,179.25
179.1,179.24,179.25,179.25,179.25
179.1,179.24,179.25,179.25,179.25
179.06,179.23,179.25,179.25,179.25
179.1,179.24,179.25,179.25,179.25
179.1,179.24,179.25,179.25,179.25
179.1,179.24,179.25,179.25,179.25
179.08,179.24,179.25,179.25,179.25
179.1,179.24,179.25,179.25,179.25
179.1,179.24,179.25,179.25,179.25
179.08,179.24,179.25,179.25,179.25
179.1,179.24,179.25,179.25,179.25
179.1,179.24,179.25,179.25,179.25
179.1,179.24,179.25,179.25,179.25
179.1,179.24,179.25,179.25,179.25
179.1,179.24,179.25,179.25,179.25
179.1,179.24,179.25,179.25,179.25
179.1,179.24,179.25,179.25,179.25
179.09,179.24,179.25,179.25,179.25
179.1,179.24,179.25,179.25,179.25
179.1,179.24,179.25,179.25,179.25
179.1,179.24,179.25,179.25,179.25
179.1,179.24,179.25,179.25,179.25
179.1,179.24,179.25,179.25,179.25
179.1,179.24,179.25,179.25,179.25
179.1,179.24,179.25,179.25,179.25
179.1,179.24,179.25,179.25,179.25
179.1,179.24,179.25,179.25,179.25
179.1,179.24,179.25,179.25,179.25
179.1,179.24,179.25,179.25,179.25
179.02,179.18,179.23,179.25,179.25
179.1,179.24,179.25,179.25,179.25
179.1,179.24,179.25,179.25,179.25
179.1,179.24,179.25,179.25,179.25
179.1,179.24,179.25,179.25,179.25
179.1,179.24,179.25,179.25,179.25
179.1,179.24,179.25,179.25,179.25
179.1,179.24,179.25,179.25,179.25
179.06,179.23,179.25,179.25,179.25
179.1,179.24,179.25,179.25,179.25
179.08,179.24,179.25,179.25,179.25
179.1,179.24,179.25,179.25,179.25
179.1,179.24,179.25,179.25,179.25
179.1,179.24,179.25,179.25,179.25
179.05,179.23,179.25,179.25,179.25
179.09,179.24,179.25,179.25,179.25
179.1,179.24,179.25,179.25,179.25
179.1,179.24,179.25,179.25,179.25
179.1,179.24,179.25,179.25,179.25
179.09,179.24,179.25,179.25,179.25
179.05,179.23,179.25,179.25,179.25
179.07,179.24,179.25,179.25,179.25
179.07,179.24,179.25,179.25,179.25
179.1,179.24,179.25,179.25,179.25
179.1,179.24,179.25,179.25,179.25
179.1,179.24,179.25,179.25,179.25
179.1,179.24,179.25,179.25,179.25
179.09,179.24,179.25,179.25,179.25
179.1,179.24,179.25,179.25,179.25
179.1,179.24,179.25,179.25,179.25
179.1,179.24,179.25,179.25,179.25
179.1,179.24,179.25,179.25,179.25
179.1,179.24,179.25,179.25,179.25
179.1,179.24,179.25,179.25,179.25
179.09,179.24,179.25,179.25,179.25
179.1,179.24,179.25,179.25,179.25
179.1,179.24,179.25,179.25,179.25
179.1,179.24,179.25,179.25,179.25
179.1,179.24,179.25,179.25,179.25
179.1,179.24,179.25,179.25,179.25
179.1,179.24,179.25,179.25,179.25
179.1,179.24,179.25,179.25,179.25
179.1,179.24,179.25,179.25,179.25
179.1,179.24,179.25,179.25,179.25
179.1,179.24,179.25,179.25,179.25
179.08,179.24,179.25,179.25,179.25
179.1,179.24,179.25,179.25,179.25
179.1,179.24,179.25,179.25,179.25
179.1,179.24,179.25,179.25,179.25
179.1,179.24,179.25,179.25,179.25
179.1,179.24,179.25,179.25,179.25
179.1,179.24,179.25,179.25,179.25
179.1,179.24,179.25,179.25,179.25
179.1,179.24,179.25,179.25,179.25
179.08,179.24,179.25,179.25,179.25
179.1,179.24,179.25,179.25,179.25
179.1,179.24,179.25,179.25,179.25
179.1,179.24,179.25,179.25,179.25
179.1,179.24,179.25,179.25,179.25
179.1,179.24,179.25,179.25,179.25
179.1,179.24,179.25,179.25,179.25
179.1,179.24,179.25,179.25,179.25
179.1,179.24,179.25,179.25,179.25
179.1,179.24,179.25,179.25,179.25
179.1,179.24,179.25,179.25,179.25
179.1,179.24,179.25,179.25,179.25
179.1,179.24,179.25,179.25,179.25
179.1,179.24,179.25,179.25,179.25
179.1,179.24,179.25,179.25,179.25
179.1,179.24,179.25,179.25,179.25
179.1,179.24,179.25,179.25,179.25
179.1,179.24,179.25,179.25,179.25
179.09,179.24,179.25,179.25,179.25
179.09,179.24,179.25,179.25,179.25
179.1,179.24,179.25,179.25,179.25
179.1,179.24,179.25,179.25,179.25
179.1,179.24,179.25,179.25,179.25
179.1,179.24,179.25,179.25,179.25
179.09,179.24,179.25,179.25,179.25
179.1,179.24,179.25,179.25,179.25
179.1,179.24,179.25,179.25,179.25
179.1,179.24,179.25,179.25,179.25
179.1,179.24,179.25,179.25,179.25
179.1,179.24,179.25,179.25,179.25
179.1,179.24,179.25,179.25,179.25
179.1,179.24,179.25,179.25,179.25
179.09,179.24,179.25,179.25,179.25
179.1,179.24,179.25,179.25,179.25
179.1,179.24,179.25,179.25,179.25
179.1,179.24,179.25,179.25,179.25
179.1,179.24,179.25,179.25,179.25
179.1,179.24,179.25,179.25,179.25
179.1,179.24,179.25,179.25,179.25
179.06,179.23,179.25,179.25,179.25
179.1,179.24,179.25,179.25,179.25
179.06,179.23,179.25,179.25,179.25
179.05,179.23,179.25,179.25,179.25
179.1,179.24,179.25,179.25,179.25
179.07,179.24,179.25,179.25,179.25
179.1,179.24,179.25,179.25,179.25
179.1,179.24,179.25,179.25,179.25
179.09,179.24,179.25,179.25,179.25
179.1,179.24,179.25,179.25,179.25
179.1,179.24,179.25,179.25,179.25
179.07,179.24,179.25,179.25,179.25
179.1,179.24,179.25,179.25,179.25
179.09,179.24,179.25,179.25,179.25
179.1,179.24,179.25,179.25,179.25
179.1,179.24,179.25,179.25,179.25
179.1,179.24,179.25,179.25,179.25
179.1,179.24,179.25,179.25,179.25
179.1,179.24,179.25,179.25,179.25
179.1,179.24,179.25,179.25,179.25
179.1,179.24,179.25,179.25,179.25
179.1,179.24,179.25,179.25,179.25
179.1,179.24,179.25,179.25,179.25
179.1,179.24,179.25,179.25,179.25
179.07,179.24,179.25,179.25,179.25
179.09,179.24,179.25,179.25,179.25
179.1,179.24,179.25,179.25,179.25
179.07,179.24,179.25,179.25,179.25
179.1,179.24,179.25,179.25,179.25
179.1,179.24,179.25,179.25,179.25
179.1,179.24,179.25,179.25,179.25
179.1,179.24,179.25,179.25,179.25
179.1,179.24,179.25,179.25,179.25
179.1,179.24,179.25,179.25,179.25
179.1,179.24,179.25,179.25,179.25
179.1,179.24,179.25,179.25,179.25
179.1,179.24,179.25,179.25,179.25
179.1,179.24,179.25,179.25,179.25
179.1,179.24,179.25,179.25,179.25
179.1,179.24,179.25,179.25,179.25
179.1,179.24,179.25,179.25,179.25
179.1,179.24,179.25,179.25,179.25
