1427.9668,870.86053,208.97531,16.56258,943.6021
1655.9644,146.9607,0.20037273,0.0043284255,5.3952804
100.62006,50.55524,14.609735,62.175106,1545.9397
112.370384,198.16019,10.225939,711.97644,50.67148
294.65582,766.0603,518.2075,0.47506553,878.7035
339.49994,773.3238,307.99872,5.9904346,447.8262
348.33203,656.47095,103.30444,935.86145,215.98177
589.18744,696.64716,34.904087,84.573425,134.28
843.9727,324.98248,37.969376,2.977612,198.2227
536.77655,287.46527,943.9791,26.73102,83.2852
620.4319,2456.0972,225.45308,300.3493,38.028934
522.8218,2621.848,25.810528,88.242905,0.23463443
141.8774,1987.1465,87.31704,950.6104,0.005702067
504.6977,35.534397,630.9866,4.962281,103.21191
1388.1746,0.009125502,19.011892,0.9316999,24.507042
529.1921,8.69139,0.00022370099,3.53609e-05,2446.0
338.95157,1030.5204,35.360237,0.0048596174,135.40967
1568.2247,88.01466,2224.6887,0.00028289136,0.0008984541
178.81241,2747.9373,0.015212977,0.36612347,1.1049416
0.6638293,0.0006365407,7.15807e-06,274.86313,2577.228
7.012452,300.6465,0.028319834,3017.781,1.679731
54.838654,3008.852,0.009050473,576.1033,15.478937
1519.2451,3027.6624,2991.0264,3027.6667,3024.3096
1282.178,2579.2383,2790.7668,3025.8923,0.3423642
437.83063,1713.8016,3.5029078,2319.3542,6.6650167
148.02406,2108.9858,24.444561,2595.607,422.86545
1244.0559,3.5082839,48.93925,5.510577,1.3112276
1298.5216,0.117065996,202.27917,0.0020848857,325.9758
68.96154,2689.8032,23.916578,21.047104,330.51712
427.74832,0.3339664,34.431557,73.712746,93.438126
115.979996,290.7471,359.3207,2395.961,424.07797
611.70416,538.25574,2.6403134,2389.82,1.3326418
917.20703,0.081683576,326.5057,6.635899,405.7913
1192.4972,95.03875,39.01306,2.8098679,20.239588
28.524971,366.995,0.11926229,2656.7654,47.612698
432.17282,2265.0894,712.57214,6.682748,466.5699
1366.4675,402.6864,85.1276,615.9636,97.505714
466.0487,121.94772,0.20910133,3.3119574,206.25928
761.6442,3.8324144,3027.4897,180.75389,2155.158
7.7203636,9.5556965,2.4788208,3020.9697,3024.128
14.695075,3018.113,23.870153,0.031222995,36.207172
1318.2867,2.1052933,105.89813,2548.3079,3027.513
95.13788,2097.9116,2.2819643,491.40756,1.217849
1030.6504,0.0034050762,1.9536601e-05,0.000951484,412.3163
771.3379,348.955,6.864179,121.185524,1136.8916
253.76271,17.323435,0.20800768,26.694317,17.031143
540.3862,901.1738,118.632965,405.2397,178.43866
1613.7301,11.639613,0.90633875,897.20245,1.3758792
123.88433,415.5453,0.049529802,33.13627,5.974594
1802.5011,17.711393,244.73137,466.12064,18.193592
473.64426,14.591359,600.4074,0.27377874,13.195373
974.22266,0.009332699,68.344284,60.82483,0.03156026
2149.7756,2900.7834,2003.8641,0.73075914,83.243324
1279.2664,104.7192,20.082212,16.39355,2683.4646
83.76795,1.0965995,3.2893124,1325.4858,50.93061
479.29373,2136.2288,2759.9927,5.9058967,676.90784
1355.4688,390.90735,487.4987,1.4043708,1531.6715
569.3983,11.676699,0.29176238,0.2268306,520.72546
1194.2313,983.4831,135.66718,47.106827,1292.381
527.51086,26.071854,249.6464,16.08789,1877.5214
300.97263,895.229,1185.1675,0.004752267,18.000465
284.964,1627.688,222.27016,9.690526e-05,161.93726
911.9711,20.215893,0.18576038,2342.1023,2331.1633
391.48608,1175.4734,72.93832,0.39141116,2353.2134
113.32801,58.83915,0.0041117887,140.73415,349.3083
1092.507,781.36066,33.96215,0.30147427,118.01233
749.7603,442.70538,1622.7958,49.045185,1679.3872
229.49937,2943.5786,308.1824,4.625092,785.54944
2760.5786,0.37933332,1269.9463,0.56259435,529.39526
277.39865,148.19104,93.18217,873.46356,2902.901
54.183258,1411.9889,0.01242987,14.563046,5.505418
296.91382,12.302041,425.2089,0.00011166776,131.34564
60.218327,0.8727551,0.0028979292,3.698034e-07,8.235399e-06
140.84439,474.6449,0.0017608277,3.5209692,1206.58
520.32684,929.3051,2832.129,1383.0244,252.2665
35.85397,2908.916,209.66396,3026.6545,1055.6981
420.29745,321.5789,1698.3044,4.679756,2245.29
98.295906,1377.4187,52.71804,1717.3462,999.0565
766.04016,0.03492952,2991.5417,0.0007390045,2.658611
165.78174,88.845726,0.03226342,3019.6882,0.15727794
878.62524,1835.0791,10.786089,488.04614,47.59961
2828.184,1.7991394,0.016642198,0.0029043066,36.32842
11.515414,624.4394,0.02700006,2258.7063,38.65811
2367.159,513.6448,2667.6904,0.0019178734,0.00032693206
6.4531183,33.599216,33.331,3027.6667,3027.5532
0.03476416,0.0141509455,0.003942558,1267.8204,17.054771
972.4528,2718.9102,0.9565395,2.2047982,0.8572357
2232.1677,3008.8987,276.4951,3027.6667,17.113167
1867.2311,93.6405,5.544054,2924.6343,0.07395331
1424.1909,0.021974223,0.33042493,0.0029983686,0.0036661664
1068.9406,665.7236,10.516611,2958.197,14.336668
596.99493,1139.3098,506.7354,178.54616,2571.5525
1367.5941,812.18744,87.495415,592.32526,79.424034
1519.262,31.015572,41.66738,18.196463,58.046677
356.432,38.47711,5.2022433,230.4699,981.8934
348.05884,0.11163933,2569.0208,5.8154097,10.403676
306.84546,0.008322046,981.87915,25.692286,244.05815
542.8162,2009.7112,470.74518,6.868959,510.3525
308.95728,40.3671,26.881945,753.2401,2622.039
256.32272,2947.8806,0.66525185,34.225464,52.073586
1623.1096,46.516655,416.98032,0.33220807,3027.6035
79.62356,0.0023395282,3026.4617,3009.4082,3027.559
160.18185,0.4865633,94.01118,3023.581,3.5509546
1183.8602,26.100918,1.7672509,8.815412,5.581861
703.70416,477.47464,52.920395,27.755924,406.07776
2312.1516,58.506966,46.320393,1435.2325,737.73914
52.211155,2895.3782,1.5516574,0.1205504,111.56011
1838.882,67.24943,31.48,3027.6497,2993.5938
50.759888,31.768051,76.24023,1.0629642,2846.3435
1352.5447,0.08599014,3.5363114,538.2807,0.047522932
446.1,0.03450863,87.75442,3027.5981,382.53125
427.2158,238.53001,362.05713,1069.9788,31.084946
435.2564,75.974556,2208.9265,25.147635,185.16333
185.26797,434.21198,30.680937,2003.0383,9.600991
448.79333,2614.67,0.9746846,6.763859,4.9612303
556.38586,130.57883,2541.7822,1.0100706,3.0389423
598.44794,325.1901,1577.9529,4.913214,0.19157939
170.39656,167.08461,223.2067,1606.2432,647.5687
185.89722,786.2211,1928.0553,0.008772806,80.798454
697.8278,36.117126,3.8476224,3.1340234,2951.5498
1090.4268,0.078746565,2.9483102e-05,141.87491,313.19186
23.09761,0.31905282,2536.7742,2.586118,38.984848
1979.3165,2799.8342,3000.1724,1825.9988,143.66757
640.56866,19.218395,267.57324,7.399157e-08,0.004337757
31.025688,0.0012951465,1239.2621,7.3838823e-06,4.193465
105.26381,54.236748,4.5658726e-06,0.99072355,80.788795
707.11786,548.27844,38.694412,59.265877,278.93576
1070.3008,932.8066,261.39386,314.18433,206.31703
523.5811,365.32306,43.446793,327.00784,134.2947
264.80228,42.945522,7.183395,1752.5201,526.5628
526.38983,610.5397,276.6088,1211.5105,96.882416
718.8142,492.3706,2469.9495,42.864605,5.0824337
712.80896,1426.8804,2462.0945,109.47068,0.9559132
765.14453,73.900444,203.0072,339.1504,146.01587
655.43274,122.13124,87.00451,2064.0007,35.5083
303.4755,151.95044,2815.5806,1.2480066,2424.6357
184.48438,2753.68,126.66452,3.4110558,4.939116
81.657936,2697.663,82.647194,9.136671,227.84096
32.843628,9.585652,2708.0146,2.5731187,3.9120512
2.7054784,82.93747,0.007558338,3026.2976,5.2788415
207.26688,0.11523398,0.540697,3016.0374,2485.878
110.29916,27.343702,8.772747,130.47612,163.0178
24.760454,5.708268,3.2822325e-06,0.0030921488,0.02399185
15.519781,2967.0852,7.2201276,3025.6619,0.022425322
1.2711331,0.005662756,0.0015068356,0.00012183958,0.0004729539
3007.8171,2.48372,6.277395e-07,2.4513056e-07,1.570614e-07
1047.7301,114.53374,0.014953787,1508.2528,3.2963e-05
751.7323,10.002383,0.0002096124,41.075245,4.2381973e-08
689.0147,245.99316,742.26917,12.320258,83.43768
732.14624,443.41928,1341.7971,7.8267303,66.24011
916.8011,2539.9397,30.271362,1.5091637,282.60492
1969.7993,2576.1355,318.19077,30.835402,60.25312
305.66736,438.213,434.68912,811.282,1200.7656
283.09293,192.76924,191.83855,278.12457,1235.5829
89.999535,73.304016,127.17571,2320.0276,35.902996
98.97034,908.279,30.573626,993.5827,3.657042
123.88288,908.84143,4.6736445,1390.5323,6.906262
514.83685,247.75336,836.602,224.05602,2761.348
713.7107,221.93898,21.13718,283.09467,1356.051
1633.7075,155.29626,51.66451,21.886345,1.7540593
1019.7483,139.00865,15.629921,22.827183,542.061
309.84668,1297.6239,475.12143,0.09360736,212.03201
120.9096,211.87724,32.554466,1.5994037,408.61304
379.70895,1087.1824,460.00134,0.3621668,1515.9955
152.95296,97.99825,3.1675668,0.020485675,8.143373
405.44174,12.40166,49.148132,1.108928,2945.3906
1785.5801,178.52583,3.3494356,2869.2898,8.334563
205.08963,18.45353,0.5089478,431.15063,720.5857
372.5387,515.80164,0.015662393,2.2882185,7.4246445
2880.9985,56.489147,777.4864,15.463714,0.012374729
744.41187,16.52942,11.843473,20.392187,282.9609
243.20526,28.69501,64.04961,510.95468,615.8188
246.31198,1532.9227,101.94162,2034.5322,42.71844
1515.5662,643.22955,1421.793,21.821167,92.51118
1043.9559,255.69653,155.29362,0.13678314,38.573452
979.9037,143.3374,5.0394874,689.2589,91.28261
423.49265,39.251213,241.51762,70.346436,2176.5767
1788.2726,0.6422123,118.04752,55.794445,0.5776003
159.31082,5.0584054,0.002268496,426.29584,49.911385
402.85342,1655.8716,113.971306,0.004268218,5.880864
1572.5157,405.00317,54.364826,2582.7607,1132.2046
439.31903,1.3270661,1392.5438,0.045975868,0.024097607
1505.1389,2742.3777,912.1613,0.16181606,108.225105
164.00845,10.476913,1.1434894,2184.7676,4.4118814
7.71939,247.72516,3024.6433,3027.6667,0.02535871
224.22557,0.2037287,2118.8672,0.0017221785,0.043109015
140.27281,0.011670972,26.771437,469.6872,168.86972
69.29328,0.0035944886,2888.8425,322.20178,2219.7527
284.27496,29.796959,1.3749226,2388.529,2767.578
98.96753,2155.4211,2138.3154,0.013279763,4.127188
645.9502,0.0018743895,0.007070765,2.9929094,3027.6624
413.84637,825.9963,0.011058944,5.9984736,2833.2002
1105.8701,3.9653854,0.021358805,7.023199,5.646299
391.34326,26.109804,461.82474,56.93562,1171.9497
1731.2788,2499.3455,382.24814,153.33907,0.13376527
715.03107,407.65305,86.22938,7.4435697,210.25058
1109.4171,245.6745,5.809249,0.69493073,558.6846
1164.7239,180.74692,17.127804,6.582623,54.854805
1323.3994,41.410603,2.489193,10.849449,0.13243356
997.15234,461.53036,49.58692,2.7554672,189.10364
233.8906,1048.8612,948.1505,1.9499813,973.3247
2577.2617,946.5232,0.56249833,0.004284245,3015.659
922.6334,0.07088423,0.0018474957,31.233274,11.3253975
0.3824452,2989.7473,0.48255703,0.0161504,0.2715269
2512.2249,8.741657,98.8862,3027.3877,3027.5657
308.39517,466.59448,3026.6272,0.008967239,377.1379
2795.9104,0.0008515207,0.010287537,0.0012052192,0.12026678
264.6906,160.31216,2986.8455,3027.6663,125.06158
309.63333,466.68475,52.720955,412.03076,380.50067
553.31116,125.72874,4.548608,265.158,65.35023
497.19043,145.26617,57.59812,259.7028,162.3681
540.98047,978.3726,603.2202,1545.484,139.40147
1320.3396,317.03503,662.8459,177.87209,0.42266792
653.2584,735.0877,152.59125,0.7568988,286.4922
188.10843,484.5024,29.45696,330.53683,480.56714
1003.80383,238.38467,5.199111,186.50899,2344.6711
901.2946,179.6408,2.7200875,0.38079023,45.173473
438.113,3.043567,1.30271,103.399185,39.60554
842.2365,0.30569178,2870.3813,1651.4807,58.7247
894.3665,0.038590472,687.2584,314.40433,118.07985
109.89472,2265.3784,69.89848,316.09293,450.66998
141.44258,782.28577,1806.2552,93.54684,352.59747
2115.843,1.1306237,733.1733,0.16815713,5.098837
1501.6957,0.00054055284,2971.6313,0.00079075276,50.847557
1973.1539,883.64417,2298.6082,0.0018694839,2.4947233
438.95053,71.42462,8.432715,46.93666,999.50903
159.74876,519.24615,2863.661,176.05092,1325.0734
168.06953,245.42223,0.054296225,2434.4592,249.92871
97.69448,2564.1768,0.04469125,529.7518,269.64096
1844.1355,0.0018387175,2303.0085,11.6992445,1909.791
1077.0577,205.247,1.8107151,2771.5847,210.44519
371.57275,2200.72,2.7821863,13.813284,25.09019
91.15761,541.67126,1254.5381,46.795258,12.209172
2294.2314,1231.0817,0.7397735,198.37979,6.1322307e-09
712.3538,2994.9436,2718.0325,8.106329e-06,1941.0986
126.942085,56.827244,0.9847271,2795.6003,38.116867
529.8342,153.7064,41.86959,1890.3848,238.70139
751.2108,2907.0623,66.770775,0.08909902,6.3212266
1105.8228,65.32515,961.90466,3.963005,2887.4656
82.61028,2106.5564,1.489623,205.01593,1234.8444
126.51732,1820.9338,10.0245075,7.7304645,261.31033
174.20618,1295.9596,0.00010335423,2674.5857,2.6533394
1673.8376,25.554226,2996.5771,2814.2532,0.40660664
1788.8157,11.174217,1265.5712,2188.6465,481.30957
870.7077,0.2480036,0.19856246,0.026085395,0.9596497
124.43509,23.310009,3008.5317,4.711165,0.022389743
26.51399,103.43856,33.949696,0.000109590444,1166.2617
2238.9155,84.23734,0.006917353,13.816215,4.425193e-06
921.3078,0.4625938,2447.4968,1937.296,3026.681
459.389,51.23834,1161.3877,0.0018160763,2792.495
160.0117,17.332596,1.326519,2921.6768,10.160534
1000.85046,1367.0023,185.31732,319.59137,498.78778
2903.0286,129.3497,967.7078,13.773876,0.00199692
227.87085,8.800755,3.9845457,1.2019802,26.855736
725.259,139.09373,24.794567,19.482698,1507.3424
323.6272,1075.6941,38.139126,96.42723,476.27145
1062.6587,147.10696,480.95212,146.62708,1355.3501
397.33206,877.676,0.79767907,2965.3313,2.445227
748.4022,1261.6466,87.72001,56.94728,2180.8616
1178.6476,0.89836735,3.1316805,159.50256,23.159315
216.42877,845.3069,41.119553,1307.4755,614.25696
500.32996,2209.182,9.798275,191.05266,2546.93
510.09003,97.8722,2633.4675,0.16265814,429.50424
120.910736,298.10922,107.67855,2535.4783,598.8545
195.92773,848.5347,0.039640903,312.70483,418.34836
997.27765,977.79785,1712.4034,16.560734,588.37427
573.0376,1348.7255,42.133156,2545.5735,31.671202
594.9186,19.984331,117.504555,0.2902777,45.274925
2258.849,0.11701209,9.421497,21.470642,193.96982
97.22878,2781.0188,0.024109742,0.025891777,0.28098994
793.4413,0.09539994,2832.0022,2334.7688,2411.4612
386.4954,526.48016,78.00478,54.138767,0.22493036
262.94925,2.8998668,0.006802372,0.037430264,0.0010025159
29.378515,0.059524056,0.73383397,2.3177876,0.0055532074
666.41864,16.03823,1.2637213,0.0027748367,21.851198
98.06137,161.25882,25.95802,2177.5505,2343.9253
341.90744,127.5563,1458.3247,85.93117,2384.9768
561.0144,2016.3508,0.0016597179,156.10013,857.65753
938.14374,771.9017,483.28494,2.2371275,616.12616
410.81662,367.65213,9.957429,8.279053,426.92767
829.4147,547.4889,43.862198,0.0022588244,11.009723
418.1052,54.98069,1132.3145,2803.5735,192.10706
199.52223,2378.8628,3.8056152,0.33901128,0.60592586
1066.3907,3.468497,0.014028965,1.8429245,10.059482
19.281164,0.545695,3.5596633,12.611363,985.9592
9.037685,166.07893,4.057518,3.5612469,9.579299
87.13107,538.21277,375.49194,1805.4326,3009.2097
323.05115,0.48017162,3014.4065,2178.8057,110.602715
522.53217,2219.4536,23.909134,15.603297,50.16625
5.317098,380.46814,36.906227,1238.8726,1.2415799
407.1025,1158.1246,755.4252,6.1169696,386.62903
620.7392,20.815418,15.32595,2811.7595,3021.1665
79.12193,3002.6506,2.9442077,2435.604,10.336592
374.26364,12.25936,1.6635685,0.18658398,3020.1548
539.4805,12.271931,3027.0078,11.087814,2303.8079
485.08945,0.24129924,25.491089,485.10413,8.037701
536.3588,949.7117,92.32311,0.004771168,3.2447324
631.0703,418.26083,0.57229364,2469.287,760.4402
1459.4302,813.48126,78.53363,0.14707774,574.3809
996.97107,52.425037,762.7689,2782.0513,0.092424594
571.4073,74.9072,2310.828,12.494366,2704.003
275.38638,970.8299,13.221925,2677.9336,35.385273
254.87982,1.3839338,5.2523336,0.7572452,363.6145
201.66125,25.030344,52.04343,0.19943102,116.78661
33.7458,291.12216,332.1464,267.09842,1229.913
410.814,7.2878366,1443.4651,1294.1365,1412.4479
208.91484,463.59708,1.4940854,223.08913,79.91341
1178.9476,421.33472,1674.6735,819.90094,864.58405
488.20294,1904.0378,1.1315559,2706.595,0.65305024
