564.96,567.67,568.08,568.14,568.15,568.15,568.15,568.15,568.15,568.15
563.73,566.39,566.78,566.83,566.84,566.84,566.84,566.84,566.84,566.84
559.12,565.4,566.79,567.01,567.05,567.05,567.05,567.05,567.05,567.05
536.92,534.69,539.27,554.25,563.86,565.63,565.86,565.89,565.89,565.89
524.18,541.99,556.6,562.25,563.21,563.34,563.36,563.37,563.37,563.37
533.99,537.96,548.85,560.21,563.47,563.96,564.03,564.04,564.04,564.04
551.97,561.54,563.56,563.92,563.97,563.98,563.98,563.98,563.98,563.98
569.76,567.54,568.01,568.09,568.1,568.1,568.1,568.1,568.1,568.1
571.0,568.66,568.67,568.69,568.7,568.7,568.7,568.7,568.7,568.7
564.98,567.61,568.03,568.09,568.1,568.1,568.1,568.1,568.1,568.1
563.47,567.63,568.08,568.14,568.15,568.15,568.15,568.15,568.15,568.15
563.85,566.43,566.87,566.92,566.93,566.93,566.93,566.93,566.93,566.93
556.28,558.85,559.1,559.12,559.12,559.11,559.11,559.11,559.11,559.11
553.21,555.43,555.54,555.5,555.48,555.48,555.47,555.47,555.47,555.47
543.38,543.57,541.82,540.19,538.84,537.7,536.69,535.77,534.9,534.04
533.76,528.19,516.7,501.18,488.76,484.54,483.72,483.58,483.55,483.55
545.23,548.19,548.14,547.9,547.76,547.7,547.67,547.66,547.65,547.65
559.09,562.53,562.95,563.01,563.01,563.02,563.02,563.02,563.02,563.02
541.82,558.28,562.9,563.48,563.55,563.56,563.56,563.56,563.56,563.56
553.24,561.16,562.93,563.22,563.26,563.27,563.27,563.27,563.27,563.27
524.18,529.19,545.77,560.01,563.19,563.57,563.61,563.62,563.62,563.62
558.85,564.75,565.59,565.71,565.73,565.73,565.73,565.73,565.73,565.73
558.5,563.89,564.82,564.95,564.97,564.98,564.98,564.98,564.98,564.98
536.47,547.26,560.02,564.34,564.99,565.08,565.09,565.09,565.09,565.09
528.84,526.62,528.85,543.15,559.56,564.13,564.68,564.75,564.76,564.76
531.15,532.05,533.68,546.44,561.34,565.55,566.08,566.15,566.16,566.16
517.58,537.12,534.37,533.99,543.93,559.79,565.68,566.49,566.59,566.6
527.79,520.43,511.39,502.75,496.76,497.92,508.76,525.15,546.82,559.37
527.97,521.14,512.87,504.91,499.04,499.08,509.36,526.61,548.93,560.08
524.04,522.73,515.49,507.72,501.76,501.85,512.51,531.04,552.95,561.5
515.43,515.06,508.85,502.32,496.78,493.76,498.09,510.63,528.62,551.15
528.46,525.54,517.92,509.89,502.87,497.94,498.66,509.24,526.36,549.17
524.87,518.84,511.72,504.53,498.32,494.09,495.43,506.15,522.02,544.25
520.22,537.77,531.7,526.0,524.87,536.09,555.4,563.71,564.83,564.96
536.86,530.74,523.73,519.15,524.11,542.19,559.71,563.92,564.39,564.44
535.53,529.62,522.75,518.19,523.03,541.0,559.15,563.72,564.22,564.28
520.94,515.34,509.39,503.25,498.01,495.5,501.18,515.24,536.38,555.86
479.08,467.5,464.88,466.71,474.47,483.88,488.02,489.58,490.13,490.3
500.97,477.85,468.95,477.84,485.49,488.57,489.7,490.08,490.2,490.24
497.42,480.73,482.18,486.91,488.91,489.62,489.86,489.93,489.95,489.96
459.1,463.04,472.11,474.94,475.56,475.66,475.68,475.68,475.68,475.68
476.81,464.08,470.94,473.03,473.46,473.53,473.54,473.54,473.54,473.54
476.16,462.64,470.37,472.86,473.38,473.47,473.48,473.49,473.49,473.49
520.45,510.27,489.05,478.35,476.98,476.87,476.86,476.86,476.86,476.86
510.36,494.45,477.06,474.02,473.84,473.83,473.83,473.83,473.83,473.83
505.38,486.48,473.73,472.45,472.4,472.4,472.4,472.4,472.4,472.4
503.68,486.34,473.67,472.4,472.34,472.34,472.34,472.34,472.34,472.34
507.18,489.48,474.67,472.86,472.78,472.77,472.77,472.77,472.77,472.77
497.75,480.94,472.95,472.38,472.36,472.36,472.36,472.36,472.36,472.36
505.98,487.94,473.99,472.47,472.4,472.4,472.4,472.4,472.4,472.4
502.81,487.83,474.75,472.93,472.83,472.82,472.82,472.82,472.82,472.82
507.44,489.9,474.92,473.0,472.91,472.9,472.9,472.9,472.9,472.9
485.34,471.98,470.83,470.87,470.88,470.89,470.89,470.89,470.89,470.89
485.81,472.93,470.94,470.9,470.91,470.91,470.91,470.91,470.91,470.91
480.96,471.53,471.05,471.12,471.13,471.13,471.14,471.14,471.14,471.14
487.9,477.26,474.7,474.56,474.56,474.57,474.57,474.57,474.57,474.57
491.12,478.11,474.96,474.73,474.73,474.73,474.73,474.73,474.73,474.73
482.91,474.98,474.74,474.83,474.85,474.85,474.85,474.85,474.85,474.85
500.99,490.89,483.31,481.65,481.41,481.37,481.37,481.37,481.37,481.37
521.24,527.14,525.85,522.75,518.79,514.1,508.97,504.01,500.0,497.3
337.2,372.32,405.63,418.19,420.98,421.4,421.46,421.46,421.47,421.47
491.51,480.88,475.46,474.07,473.84,473.8,473.8,473.79,473.79,473.79
511.37,499.2,485.73,476.76,474.38,473.99,473.94,473.93,473.93,473.93
509.02,504.2,495.76,483.81,476.31,474.4,474.08,474.03,474.02,474.02
501.49,501.95,503.25,495.9,484.15,476.44,474.42,474.09,474.04,474.03
501.07,514.79,532.18,538.76,529.65,517.1,500.01,482.77,475.56,474.29
510.53,529.83,551.0,556.57,546.59,532.9,520.26,503.92,485.87,476.72
501.89,504.93,520.43,541.96,554.23,546.05,532.52,519.8,503.3,485.25
502.81,532.22,554.87,561.15,561.1,556.94,544.12,531.53,519.97,505.17
526.27,540.76,557.26,562.19,562.74,562.17,558.16,545.5,532.52,520.17
453.57,473.13,476.56,477.27,477.38,477.31,476.68,472.74,460.39,450.75
470.5,470.95,474.94,475.85,476.02,476.03,475.95,475.29,471.24,458.79
462.32,456.58,467.36,473.66,475.35,475.7,475.75,475.67,475.03,471.02
470.52,475.22,477.05,477.43,477.5,477.51,477.51,477.5,477.41,476.74
375.7,385.74,419.54,429.38,431.03,431.26,431.3,431.3,431.3,431.3
474.74,468.23,465.45,464.96,464.89,464.88,464.88,464.88,464.88,464.88
483.82,469.69,466.53,465.79,465.74,465.74,465.74,465.74,465.74,465.74
486.47,479.22,476.06,468.89,466.34,465.87,465.8,465.79,465.79,465.79
484.02,472.48,471.54,468.91,466.15,465.67,465.7,465.72,465.72,465.72
481.75,477.73,483.9,493.28,499.62,504.71,509.49,513.73,512.79,497.67
503.61,530.48,545.81,559.91,565.21,565.99,565.73,563.34,553.3,540.23
543.96,553.86,564.82,567.45,567.81,567.77,567.07,562.82,550.12,538.83
563.97,567.35,568.56,568.72,568.68,568.18,564.92,553.4,541.41,533.58
535.51,543.48,557.88,566.81,568.48,568.69,568.66,568.28,565.69,555.3
533.82,545.84,561.35,567.19,568.04,568.12,567.94,566.59,559.53,545.85
535.01,542.07,554.39,565.49,568.21,568.58,568.62,568.62,568.56,568.09
512.06,534.04,555.99,562.94,563.69,563.04,558.54,545.56,533.9,524.4
514.59,519.99,519.07,522.45,538.15,558.1,564.02,562.73,553.77,540.08
530.92,532.46,539.05,555.34,564.9,566.51,566.69,566.61,565.87,561.38
524.98,530.38,536.81,553.12,564.02,566.02,566.26,566.28,566.17,565.4
539.76,556.74,564.79,566.28,566.48,566.51,566.51,566.51,566.49,566.3
527.13,552.46,561.66,562.65,562.75,562.77,562.77,562.77,562.75,562.65
520.85,524.72,537.99,556.46,563.14,564.0,564.09,564.11,564.11,564.11
515.32,521.49,535.88,555.81,563.64,564.64,564.75,564.76,564.76,564.77
511.02,519.47,524.9,541.72,558.85,563.29,563.81,563.87,563.88,563.88
528.52,527.3,529.75,544.62,559.67,563.54,564.03,564.09,564.09,564.09
532.13,548.93,559.33,562.0,562.43,562.49,562.5,562.5,562.5,562.5
470.1,463.35,474.18,479.88,481.64,482.1,482.2,482.22,482.23,482.23
466.91,458.07,458.97,460.05,465.16,475.42,480.85,482.59,483.06,483.18
459.81,452.48,453.36,453.79,455.79,463.72,472.63,475.68,476.4,476.54
446.21,449.28,450.21,450.42,450.98,454.3,463.92,470.8,472.65,473.03
458.99,451.5,452.36,452.5,452.56,452.92,455.22,463.71,472.1,474.75
449.1,451.42,452.36,452.68,454.01,460.28,470.17,474.24,475.23,475.42
455.27,451.57,452.92,455.98,465.29,472.75,474.92,475.4,475.48,475.5
460.37,451.53,452.73,455.18,463.71,472.07,474.71,475.31,475.41,475.43
436.16,449.35,452.87,461.85,469.82,472.15,472.63,472.71,472.72,472.73
452.91,449.42,452.62,461.23,469.58,472.13,472.66,472.76,472.77,472.77
456.87,448.99,450.08,451.58,458.06,467.84,471.67,472.53,472.68,472.71
456.5,448.98,449.87,450.01,450.12,450.75,454.45,464.31,470.7,472.35
457.66,449.08,449.94,450.08,450.18,450.78,454.34,464.13,470.69,472.41
446.16,449.24,450.24,450.97,454.56,464.36,470.91,472.63,472.97,473.02
457.61,449.55,450.51,451.32,455.26,465.23,471.37,472.95,473.26,473.31
454.52,450.85,451.91,453.18,458.98,469.03,473.45,474.52,474.73,474.76
448.34,450.95,451.87,452.11,452.93,457.42,467.56,473.14,474.57,474.86
436.66,447.75,448.73,449.21,451.55,460.05,468.35,470.83,471.33,471.42
455.7,447.75,448.63,449.1,451.37,459.78,468.17,470.71,471.23,471.31
444.56,448.27,451.08,459.02,467.95,470.85,471.46,471.56,471.57,471.57
445.96,453.23,464.2,469.94,471.31,471.57,471.61,471.62,471.62,471.62
456.16,449.0,454.69,464.96,470.1,471.3,471.52,471.56,471.56,471.56
456.05,448.08,449.63,453.89,463.94,469.8,471.24,471.51,471.56,471.56
445.0,448.81,453.94,464.14,469.88,471.28,471.54,471.58,471.58,471.59
447.1,449.19,455.47,465.7,470.34,471.4,471.59,471.62,471.62,471.62
452.18,449.05,454.66,464.93,470.15,471.39,471.62,471.65,471.66,471.66
449.85,456.19,467.24,472.46,473.73,473.98,474.02,474.02,474.02,474.02
456.37,460.73,471.69,477.78,479.57,480.0,480.08,480.1,480.1,480.1
466.03,461.3,472.08,478.47,480.42,480.91,481.02,481.04,481.04,481.04
468.58,461.66,472.28,478.89,480.96,481.5,481.62,481.64,481.65,481.65
469.6,461.84,472.06,479.47,481.95,482.65,482.82,482.86,482.86,482.87
477.22,482.32,485.31,486.34,486.65,486.73,486.76,486.76,486.77,486.77
484.91,483.55,485.55,486.32,486.55,486.61,486.63,486.63,486.64,486.64
481.71,478.84,481.85,482.78,483.02,483.07,483.08,483.08,483.08,483.08
458.9,464.87,472.34,474.26,474.65,474.72,474.73,474.73,474.73,474.73
465.57,473.17,475.66,476.17,476.26,476.27,476.27,476.27,476.27,476.27
484.48,490.86,492.93,493.78,494.18,494.37,494.47,494.51,494.54,494.55
518.87,526.09,525.17,522.23,518.36,513.8,508.86,504.17,500.4,497.86
494.4,490.44,491.97,492.95,493.43,493.66,493.77,493.83,493.85,493.87
480.4,469.49,478.91,486.85,490.48,492.16,492.94,493.31,493.48,493.57
480.28,469.05,477.75,486.23,490.14,491.94,492.78,493.17,493.36,493.45
466.5,480.75,487.53,490.36,491.58,492.1,492.33,492.43,492.47,492.49
478.86,465.23,465.67,469.14,478.97,486.67,490.11,491.64,492.31,492.61
470.45,467.88,476.19,485.2,489.33,491.17,491.97,492.32,492.47,492.54
479.08,465.19,465.67,469.37,479.36,486.82,490.15,491.63,492.28,492.57
468.92,464.91,467.28,475.65,484.87,489.16,491.07,491.9,492.26,492.42
469.15,469.11,479.04,486.81,490.27,491.81,492.49,492.8,492.93,492.99
489.63,492.32,492.92,493.18,493.29,493.34,493.36,493.37,493.38,493.38
517.76,522.6,519.77,514.68,508.69,502.9,498.47,495.77,494.37,493.7
488.99,485.87,483.13,482.6,482.52,482.51,482.5,482.5,482.5,482.5
516.88,512.13,501.52,492.95,489.21,488.08,487.76,487.68,487.66,487.65
507.71,503.85,492.26,486.04,484.48,484.17,484.11,484.1,484.1,484.1
506.74,494.5,484.42,481.92,481.55,481.5,481.49,481.49,481.49,481.49
504.03,492.41,483.46,481.35,481.04,481.0,480.99,480.99,480.99,480.99
501.19,491.74,483.47,481.58,481.31,481.27,481.27,481.27,481.27,481.27
505.9,495.73,486.01,483.01,482.49,482.4,482.39,482.39,482.39,482.39
560.58,561.18,561.27,561.28,561.28,561.28,561.28,561.28,561.28,561.28
557.26,559.76,560.1,560.14,560.14,560.14,560.14,560.14,560.14,560.14
565.82,566.95,566.98,567.02,567.03,567.03,567.03,567.03,567.03,567.03
568.08,568.09,568.55,568.64,568.65,568.65,568.65,568.65,568.65,568.65
565.81,568.19,568.55,568.6,568.61,568.61,568.61,568.61,568.61,568.61
569.73,567.94,568.66,568.76,568.78,568.78,568.78,568.78,568.78,568.78
562.84,567.87,568.68,568.79,568.81,568.81,568.81,568.81,568.81,568.81
562.6,567.85,568.67,568.78,568.8,568.8,568.8,568.8,568.8,568.8
562.24,567.84,568.68,568.79,568.81,568.81,568.81,568.81,568.81,568.81
562.77,567.87,568.69,568.8,568.82,568.82,568.82,568.82,568.82,568.82
562.44,567.87,568.69,568.81,568.82,568.83,568.83,568.83,568.83,568.83
569.45,567.98,568.73,568.85,568.86,568.86,568.86,568.86,568.86,568.86
552.67,565.72,567.26,567.42,567.44,567.44,567.44,567.44,567.44,567.44
556.66,566.79,568.17,568.35,568.38,568.38,568.38,568.38,568.38,568.38
556.84,566.67,568.26,568.48,568.51,568.51,568.51,568.51,568.51,568.51
561.06,567.53,568.56,568.7,568.72,568.72,568.72,568.72,568.72,568.72
561.88,567.68,568.59,568.72,568.74,568.74,568.74,568.74,568.74,568.74
557.73,566.63,567.89,568.06,568.08,568.08,568.08,568.08,568.08,568.08
561.19,567.44,568.37,568.49,568.51,568.52,568.52,568.52,568.52,568.52
546.78,564.0,567.02,567.36,567.4,567.41,567.41,567.41,567.41,567.41
541.26,559.33,565.85,566.86,566.99,567.01,567.01,567.01,567.01,567.01
519.34,519.64,527.76,547.59,561.69,564.12,564.37,564.4,564.4,564.4
505.23,495.08,488.86,489.97,500.28,513.06,530.49,549.64,557.7,559.01
455.44,449.45,450.36,450.85,453.23,461.81,470.06,472.56,473.09,473.18
459.04,463.74,464.67,465.13,467.36,475.77,484.85,488.98,490.77,491.52
458.64,462.93,463.73,464.13,466.03,473.8,483.25,487.5,489.19,489.83
472.96,466.35,468.63,477.87,486.31,490.14,491.84,492.59,492.91,493.06
496.76,495.14,491.28,492.5,502.92,517.34,537.61,555.08,559.67,560.23
507.96,496.83,488.89,485.6,492.22,503.41,516.01,533.0,549.96,556.61
511.06,499.82,491.62,485.68,482.89,485.62,496.42,508.7,524.35,544.24
503.91,497.67,490.44,485.08,483.16,487.72,499.36,511.95,528.73,548.23
511.29,500.32,492.27,486.36,483.58,486.39,497.27,509.68,525.66,545.68
510.6,499.12,490.9,484.98,481.64,480.26,480.04,481.77,489.79,501.98
503.98,497.26,490.13,484.79,482.02,481.99,487.65,499.6,512.29,529.27
504.99,499.3,492.43,487.75,489.37,499.89,512.73,530.07,549.96,558.83
511.2,500.15,492.28,487.26,488.72,499.15,511.75,528.62,548.42,557.89
509.25,498.5,490.79,485.79,487.37,497.83,510.09,526.16,545.76,556.36
