322.03986,454.15228,453.03006
312.4037,454.15228,453.03006
312.23566,454.15228,453.03006
312.40173,454.15228,453.03006
312.18835,454.15228,453.03006
312.23624,454.15228,453.03006
480.16208,454.15228,453.03006
480.16226,454.15228,453.03006
480.16226,454.15228,453.03006
480.16226,454.15228,453.03006
480.16226,454.15228,453.03006
480.16226,454.15228,453.03006
480.16208,454.15228,453.03006
480.16226,454.15228,453.03006
488.5493,454.15228,453.03006
480.16208,454.15228,453.03006
480.16208,454.15228,453.03006
480.18164,454.15228,453.03006
480.16208,454.15228,453.03006
480.16208,454.15228,453.03006
480.16083,454.15228,453.03006
480.16208,454.15228,453.03006
480.15955,454.15228,453.03006
312.1604,454.15228,453.03006
480.16226,454.15228,453.03006
480.16226,454.15228,453.03006
480.16226,454.15228,453.03006
480.16226,454.15228,453.03006
480.16226,454.15228,453.03006
480.16226,454.15228,453.03006
480.16226,454.15228,453.03006
480.16208,454.15228,453.03006
480.16226,454.15228,453.03006
480.16226,454.15228,453.03006
480.16226,454.15228,453.03006
480.16226,454.15228,453.03006
480.16226,454.15228,453.03006
480.16226,454.15228,453.03006
480.16226,454.15228,453.03006
480.16226,454.15228,453.03006
480.16226,454.15228,453.03006
480.16226,454.15228,453.03006
480.16226,454.15228,453.03006
480.16226,454.15228,453.03006
480.16226,454.15228,453.03006
453.57843,388.03006,436.8337
17.36938,414.7516,414.22318
480.16226,454.15228,453.03006
480.16208,454.15228,453.03006
453.57565,389.15823,436.4132
480.16226,454.15228,453.03006
480.16226,454.15228,453.03006
488.21558,454.15228,453.03006
480.16226,454.15228,453.03006
314.715,454.15228,453.03006
312.57434,454.15228,453.03006
312.16794,454.15228,453.03006
312.13214,454.15228,453.03006
312.18695,454.15228,453.03006
480.16226,454.15228,453.03006
480.16226,454.15228,453.03006
480.16226,454.15228,453.03006
480.16226,454.15228,453.03006
480.16226,454.15228,453.03006
480.16226,454.15228,453.03006
480.16226,454.15228,453.03006
480.16208,454.15228,453.03006
480.16226,454.15228,453.03006
480.16226,454.15228,453.03006
480.16226,454.15228,453.03006
480.16226,454.15228,453.03006
480.16226,454.15228,453.03006
480.16226,454.15228,453.03006
480.16226,454.15228,453.03006
480.16208,454.15228,453.03006
480.16226,454.15228,453.03006
480.16226,454.15228,453.03006
480.16208,454.15228,453.03006
684.9927,295.26932,688.2918
480.06146,454.15228,453.03006
368.1331,454.15228,453.03006
384.26263,454.15228,453.03006
478.63327,454.15228,453.03006
480.16226,454.15228,453.03006
453.57883,387.9376,436.86768
479.89417,454.15228,453.03006
480.13422,454.15228,453.03006
312.65924,454.15228,453.03006
312.17438,454.15228,453.03006
312.22,454.15228,453.03006
480.16226,454.15228,453.03006
314.24036,454.15228,453.03006
312.8461,454.15228,453.03006
480.16226,454.15228,453.03006
480.16226,454.15228,453.03006
480.16226,454.15228,453.03006
480.16226,454.15228,453.03006
312.16232,454.15228,453.03006
480.16226,454.15228,453.03006
480.16226,454.15228,453.03006
480.16226,454.15228,453.03006
480.16226,454.15228,453.03006
480.16208,454.15228,453.03006
480.16226,454.15228,453.03006
453.61752,392.90894,434.90634
13.364216,454.15073,453.03125
478.0121,454.15228,453.03006
480.15704,454.15228,453.03006
480.1629,454.15228,453.03006
480.16226,454.15228,453.03006
480.16226,454.15228,453.03006
480.16226,454.15228,453.03006
480.16226,454.15228,453.03006
480.16226,454.15228,453.03006
480.16226,454.15228,453.03006
480.16226,454.15228,453.03006
480.16226,454.15228,453.03006
480.16226,454.15228,453.03006
480.16226,454.15228,453.03006
480.16226,454.15228,453.03006
480.16226,454.15228,453.03006
480.16226,454.15228,453.03006
480.16226,454.15228,453.03006
480.16226,454.15228,453.03006
480.16226,454.15228,453.03006
480.16226,454.15228,453.03006
480.16226,454.15228,453.03006
480.16226,454.15228,453.03006
480.16226,454.15228,453.03006
480.16208,454.15228,453.03006
480.16226,454.15228,453.03006
480.175,454.15228,453.03006
480.16208,454.15228,453.03006
480.16208,454.15228,453.03006
480.16226,454.15228,453.03006
480.16226,454.15228,453.03006
480.16226,454.15228,453.03006
312.12903,454.15228,453.03006
480.16226,454.15228,453.03006
480.14606,454.15228,453.03006
480.16226,454.15228,453.03006
480.16226,454.15228,453.03006
480.16208,454.15228,453.03006
450.50067,454.15228,453.03006
480.16226,454.15228,453.03006
480.16226,454.15228,453.03006
480.16226,454.15228,453.03006
480.16226,454.15228,453.03006
480.16226,454.15228,453.03006
480.16208,454.15228,453.03006
480.16226,454.15228,453.03006
480.16226,454.15228,453.03006
480.16226,454.15228,453.03006
480.15543,454.15228,453.03006
480.16208,454.15228,453.03006
480.16226,454.15228,453.03006
480.16226,454.15228,453.03006
480.16226,454.15228,453.03006
480.16226,454.15228,453.03006
480.16208,454.15228,453.03006
480.16226,454.15228,453.03006
480.16208,454.15228,453.03006
480.16226,454.15228,453.03006
480.16226,454.15228,453.03006
480.16226,454.15228,453.03006
480.16226,454.15228,453.03006
480.16226,454.15228,453.03006
480.16226,454.15228,453.03006
480.16226,454.15228,453.03006
480.16226,454.15228,453.03006
480.16226,454.15228,453.03006
480.16226,454.15228,453.03006
480.16226,454.15228,453.03006
314.94632,454.15228,453.03006
312.13043,454.15228,453.03006
480.16226,454.15228,453.03006
480.15704,454.15228,453.03006
480.16226,454.15228,453.03006
480.16226,454.15228,453.03006
480.16226,454.15228,453.03006
480.16226,454.15228,453.03006
480.16226,454.15228,453.03006
480.16226,454.15228,453.03006
480.16226,454.15228,453.03006
480.16226,454.15228,453.03006
480.16208,454.15228,453.03006
480.16226,454.15228,453.03006
480.16226,454.15228,453.03006
480.16226,454.15228,453.03006
480.16226,454.15228,453.03006
480.16226,454.15228,453.03006
480.16226,454.15228,453.03006
480.16208,454.15228,453.03006
480.16226,454.15228,453.03006
480.16226,454.15228,453.03006
480.16226,454.15228,453.03006
480.16226,454.15228,453.03006
480.16208,454.15228,453.03006
480.16226,454.15228,453.03006
480.16226,454.15228,453.03006
480.16226,454.15228,453.03006
482.4666,454.15228,453.03006
480.16208,454.15228,453.03006
480.16208,454.15228,453.03006
480.16226,454.15228,453.03006
480.16226,454.15228,453.03006
480.16226,454.15228,453.03006
480.15002,454.15228,453.03006
480.16226,454.15228,453.03006
480.16226,454.15228,453.03006
480.16208,454.15228,453.03006
480.16226,454.15228,453.03006
480.16226,454.15228,453.03006
480.16226,454.15228,453.03006
480.16226,454.15228,453.03006
480.16226,454.15228,453.03006
480.16226,454.15228,453.03006
480.16226,454.15228,453.03006
480.16226,454.15228,453.03006
480.16226,454.15228,453.03006
480.16226,454.15228,453.03006
480.16208,454.15228,453.03006
480.16226,454.15228,453.03006
480.16226,454.15228,453.03006
480.16226,454.15228,453.03006
480.16226,454.15228,453.03006
480.16226,454.15228,453.03006
480.16226,454.15228,453.03006
480.16226,454.15228,453.03006
480.16226,454.15228,453.03006
480.16226,454.15228,453.03006
480.16226,454.15228,453.03006
480.16226,454.15228,453.03006
480.16226,454.15228,453.03006
480.16208,454.15228,453.03006
480.16226,454.15228,453.03006
480.16208,454.15228,453.03006
480.16226,454.15228,453.03006
454.21045,464.5069,373.8399
363.0632,454.15228,453.03006
450.72485,389.93695,436.1141
14.434565,421.25162,414.22354
412.09238,454.15228,453.03006
480.16226,454.15228,453.03006
491.06772,454.15228,453.03006
485.20636,454.15228,453.03006
478.9584,454.15228,453.03006
480.16208,454.15228,453.03006
480.16226,454.15228,453.03006
312.1562,454.15228,453.03006
480.16226,454.15228,453.03006
312.19592,454.15228,453.03006
480.16208,454.15228,453.03006
479.44986,454.15228,453.03006
480.16208,454.15228,453.03006
480.16226,454.15228,453.03006
480.16226,454.15228,453.03006
480.16226,454.15228,453.03006
480.16226,454.15228,453.03006
480.16226,454.15228,453.03006
480.16226,454.15228,453.03006
480.16226,454.15228,453.03006
480.16226,454.15228,453.03006
480.16226,454.15228,453.03006
480.16226,454.15228,453.03006
480.16226,454.15228,453.03006
480.16226,454.15228,453.03006
480.16226,454.15228,453.03006
480.16226,454.15228,453.03006
480.16226,454.15228,453.03006
480.16208,454.15228,453.03006
480.16226,454.15228,453.03006
480.16226,454.15228,453.03006
480.16226,454.15228,453.03006
453.57883,387.93896,436.86694
480.16226,454.15228,453.03006
314.5159,454.15228,453.03006
468.3605,454.15228,453.03006
312.56143,454.15228,453.03006
312.18475,454.15228,453.03006
480.16226,454.15228,453.03006
453.56146,388.04004,436.8301
480.16226,454.15228,453.03006
325.36594,454.15228,453.03006
480.16208,454.15228,453.03006
480.16208,454.15228,453.03006
312.21356,454.15228,453.03006
313.1244,454.15228,453.03006
368.4011,454.15228,453.03006
355.9772,454.15228,453.03006
480.16226,454.15228,453.03006
480.16226,454.15228,453.03006
480.16226,454.15228,453.03006
480.16226,454.15228,453.03006
480.16208,454.15228,453.03006
480.16226,454.15228,453.03006
480.16226,454.15228,453.03006
480.16226,454.15228,453.03006
480.16226,454.15228,453.03006
480.16226,454.15228,453.03006
480.16226,454.15228,453.03006
480.16226,454.15228,453.03006
480.16226,454.15228,453.03006
453.57883,387.94037,436.86655
480.16226,454.15228,453.03006
313.99316,454.15228,453.03006
312.5665,454.15228,453.03006
312.30844,454.15228,453.03006
312.1654,454.15228,453.03006
480.16226,454.15228,453.03006
480.16226,454.15228,453.03006
480.16226,454.15228,453.03006
480.16226,454.15228,453.03006
480.16226,454.15228,453.03006
480.16226,454.15228,453.03006
480.16208,454.15228,453.03006
480.16208,454.15228,453.03006
480.16208,454.15228,453.03006
480.16226,454.15228,453.03006
453.57883,387.92868,436.87094
17.346315,414.7516,414.22318
480.16226,454.15228,453.03006
506.0924,454.15228,453.03006
480.16226,454.15228,453.03006
480.16226,454.15228,453.03006
480.16226,454.15228,453.03006
480.16226,454.15228,453.03006
480.16208,454.15228,453.03006
480.16226,454.15228,453.03006
480.16226,454.15228,453.03006
480.16226,454.15228,453.03006
480.16226,454.15228,453.03006
480.16208,454.15228,453.03006
480.16226,454.15228,453.03006
480.16226,454.15228,453.03006
480.16226,454.15228,453.03006
480.16226,454.15228,453.03006
480.16226,454.15228,453.03006
480.16226,454.15228,453.03006
480.16226,454.15228,453.03006
682.70807,295.95895,688.2918
480.1548,454.15228,453.03006
423.22897,454.15228,453.03006
399.785,454.15228,453.03006
348.6154,454.15228,453.03006
480.16226,454.15228,453.03006
479.54367,454.15228,453.03006
480.16226,454.15228,453.03006
312.12958,454.15228,453.03006
480.16226,454.15228,453.03006
480.16226,454.15228,453.03006
480.16226,454.15228,453.03006
480.16226,454.15228,453.03006
480.16208,454.15228,453.03006
480.16226,454.15228,453.03006
480.16226,454.15228,453.03006
480.16226,454.15228,453.03006
480.16226,454.15228,453.03006
480.16226,454.15228,453.03006
480.16226,454.15228,453.03006
480.16226,454.15228,453.03006
480.16226,454.15228,453.03006
480.16226,454.15228,453.03006
480.16226,454.15228,453.03006
480.16226,454.15228,453.03006
480.16208,454.15228,453.03006
480.16226,454.15228,453.03006
480.16226,454.15228,453.03006
480.16226,454.15228,453.03006
453.57883,387.92734,436.8713
480.16226,454.15228,453.03006
416.46323,454.15228,453.03006
479.72687,454.15228,453.03006
476.55182,454.15228,453.03006
312.3421,454.15228,453.03006
480.16226,454.15228,453.03006
308.67328,510.9314,329.0806
314.86816,454.15228,453.03006
477.81046,454.15228,453.03006
312.26364,454.15228,453.03006
480.16226,454.15228,453.03006
312.67075,454.15228,453.03006
312.27234,454.15228,453.03006
312.2536,454.15228,453.03006
312.1391,454.15228,453.03006
480.16226,454.15228,453.03006
480.16226,454.15228,453.03006
480.16226,454.15228,453.03006
480.16226,454.15228,453.03006
480.16208,454.15228,453.03006
480.16226,454.15228,453.03006
480.16226,454.15228,453.03006
480.16226,454.15228,453.03006
453.57883,387.92734,436.8713
480.16226,454.15228,453.03006
313.06598,454.15228,453.03006
313.53976,454.15228,453.03006
440.8707,454.15228,453.03006
312.14218,454.15228,453.03006
480.16226,454.15228,453.03006
312.1236,454.15228,453.03006
480.16208,454.15228,453.03006
480.16226,454.15228,453.03006
480.16226,454.15228,453.03006
480.16226,454.15228,453.03006
480.16208,454.15228,453.03006
480.16226,454.15228,453.03006
480.16226,454.15228,453.03006
480.16226,454.15228,453.03006
480.16226,454.15228,453.03006
480.16208,454.15228,453.03006
480.16226,454.15228,453.03006
480.16226,454.15228,453.03006
480.16226,454.15228,453.03006
480.16226,454.15228,453.03006
480.16226,454.15228,453.03006
480.16226,454.15228,453.03006
480.16208,454.15228,453.03006
480.16226,454.15228,453.03006
480.16226,454.15228,453.03006
480.16226,454.15228,453.03006
480.16226,454.15228,453.03006
480.16226,454.15228,453.03006
480.16226,454.15228,453.03006
480.16226,454.15228,453.03006
480.16226,454.15228,453.03006
480.16208,454.15228,453.03006
480.16226,454.15228,453.03006
480.16226,454.15228,453.03006
480.16226,454.15228,453.03006
480.16226,454.15228,453.03006
480.16226,454.15228,453.03006
480.16226,454.15228,453.03006
480.16226,454.15228,453.03006
480.16226,454.15228,453.03006
480.16208,454.15228,453.03006
480.16226,454.15228,453.03006
480.16208,454.15228,453.03006
480.16226,454.15228,453.03006
480.16226,454.15228,453.03006
480.16226,454.15228,453.03006
480.16226,454.15228,453.03006
480.16226,454.15228,453.03006
480.16226,454.15228,453.03006
480.16226,454.15228,453.03006
323.68118,454.15228,453.03006
321.58682,454.15228,453.03006
312.42245,454.15228,453.03006
312.15814,454.15228,453.03006
312.13852,454.15228,453.03006
478.9671,454.15228,453.03006
480.13422,454.15228,453.03006
312.18808,454.15228,453.03006
480.16226,454.15228,453.03006
480.16226,454.15228,453.03006
480.16226,454.15228,453.03006
480.16226,454.15228,453.03006
480.16208,454.15228,453.03006
480.16226,454.15228,453.03006
480.16226,454.15228,453.03006
480.16226,454.15228,453.03006
480.16226,454.15228,453.03006
480.16208,454.15228,453.03006
453.57843,388.1058,436.80582
312.78458,454.15228,453.03006
313.30936,454.15228,453.03006
480.16226,454.15228,453.03006
319.56836,454.15228,453.03006
312.1875,454.15228,453.03006
480.16226,454.15228,453.03006
319.02405,454.15228,453.03006
312.14136,454.15228,453.03006
480.16226,454.15228,453.03006
480.16226,454.15228,453.03006
480.16226,454.15228,453.03006
480.16226,454.15228,453.03006
480.16226,454.15228,453.03006
480.16226,454.15228,453.03006
480.16208,454.15228,453.03006
480.16226,454.15228,453.03006
480.16208,454.15228,453.03006
480.16226,454.15228,453.03006
312.19983,454.15228,453.03006
480.16226,454.15228,453.03006
480.16208,454.15228,453.03006
480.16226,454.15228,453.03006
480.16226,454.15228,453.03006
480.16208,454.15228,453.03006
480.16226,454.15228,453.03006
480.16226,454.15228,453.03006
480.16226,454.15228,453.03006
480.16226,454.15228,453.03006
480.16226,454.15228,453.03006
480.16208,454.15228,453.03006
480.16226,454.15228,453.03006
480.16226,454.15228,453.03006
480.16226,454.15228,453.03006
480.16226,454.15228,453.03006
480.16226,454.15228,453.03006
480.16226,454.15228,453.03006
480.16226,454.15228,453.03006
480.16226,454.15228,453.03006
480.18616,454.15228,453.03006
480.16226,454.15228,453.03006
480.16208,454.15228,453.03006
480.16226,454.15228,453.03006
480.16226,454.15228,453.03006
480.16226,454.15228,453.03006
312.25333,454.15228,453.03006
480.16226,454.15228,453.03006
475.47293,454.15228,453.03006
480.16226,454.15228,453.03006
480.16208,454.15228,453.03006
480.16226,454.15228,453.03006
453.57883,387.9376,436.86768
16.499561,414.7516,414.22318
480.16226,454.15228,453.03006
532.27734,454.15228,453.03006
480.16226,454.15228,453.03006
480.16226,454.15228,453.03006
480.16226,454.15228,453.03006
480.16226,454.15228,453.03006
480.16226,454.15228,453.03006
480.16208,454.15228,453.03006
480.16226,454.15228,453.03006
480.16226,454.15228,453.03006
480.16226,454.15228,453.03006
480.16208,454.15228,453.03006
480.1394,454.15228,453.03006
480.16226,454.15228,453.03006
480.16226,454.15228,453.03006
480.16226,454.15228,453.03006
480.16208,454.15228,453.03006
480.16226,454.15228,453.03006
480.16226,454.15228,453.03006
480.16226,454.15228,453.03006
480.16226,454.15228,453.03006
480.16226,454.15228,453.03006
480.16226,454.15228,453.03006
480.16226,454.15228,453.03006
480.16226,454.15228,453.03006
480.16208,454.15228,453.03006
480.16226,454.15228,453.03006
480.16226,454.15228,453.03006
480.16226,454.15228,453.03006
480.16208,454.15228,453.03006
480.16226,454.15228,453.03006
480.16226,454.15228,453.03006
480.16226,454.15228,453.03006
480.16226,454.15228,453.03006
480.16226,454.15228,453.03006
480.16226,454.15228,453.03006
480.16226,454.15228,453.03006
480.16226,454.15228,453.03006
453.57803,388.20724,436.76883
480.16226,454.15228,453.03006
343.95883,454.15228,453.03006
318.4649,454.15228,453.03006
451.2593,389.5971,436.2454
480.16226,454.15228,453.03006
479.97333,454.15228,453.03006
480.16226,454.15228,453.03006
480.16226,454.15228,453.03006
480.16226,454.15228,453.03006
316.85007,454.15228,453.03006
312.2032,454.15228,453.03006
312.13852,454.15228,453.03006
480.16226,454.15228,453.03006
480.16226,454.15228,453.03006
480.16226,454.15228,453.03006
480.16226,454.15228,453.03006
480.16226,454.15228,453.03006
480.16208,454.15228,453.03006
480.16226,454.15228,453.03006
480.16226,454.15228,453.03006
480.16226,454.15228,453.03006
480.16226,454.15228,453.03006
480.16226,454.15228,453.03006
480.16125,454.15228,453.03006
480.16226,454.15228,453.03006
480.16208,454.15228,453.03006
480.16226,454.15228,453.03006
480.16226,454.15228,453.03006
480.16226,454.15228,453.03006
480.16226,454.15228,453.03006
480.16226,454.15228,453.03006
480.16226,454.15228,453.03006
480.16226,454.15228,453.03006
480.16226,454.15228,453.03006
480.16226,454.15228,453.03006
480.16226,454.15228,453.03006
480.16226,454.15228,453.03006
480.16226,454.15228,453.03006
480.16226,454.15228,453.03006
480.16226,454.15228,453.03006
480.16226,454.15228,453.03006
480.16226,454.15228,453.03006
480.16226,454.15228,453.03006
480.16226,454.15228,453.03006
480.16226,454.15228,453.03006
480.16226,454.15228,453.03006
480.16226,454.15228,453.03006
480.16226,454.15228,453.03006
480.16208,454.15228,453.03006
480.16226,454.15228,453.03006
480.16226,454.15228,453.03006
688.264,294.69495,688.2918
480.16208,454.15228,453.03006
480.16208,454.15228,453.03006
480.16226,454.15228,453.03006
453.57883,387.93454,436.86862
480.16208,454.15228,453.03006
480.15314,454.15228,453.03006
312.1965,454.15228,453.03006
480.16226,454.15228,453.03006
312.13968,454.15228,453.03006
453.57883,387.92868,436.87094
480.16226,454.15228,453.03006
480.16226,454.15228,453.03006
480.16226,454.15228,453.03006
481.15137,454.15228,453.03006
480.16226,454.15228,453.03006
313.3734,454.15228,453.03006
479.67557,454.15228,453.03006
334.95416,454.15228,453.03006
480.16208,454.15228,453.03006
312.49057,454.15228,453.03006
480.16226,454.15228,453.03006
480.16226,454.15228,453.03006
453.57883,387.95648,436.86084
312.05093,454.15228,453.03006
480.16208,454.15228,453.03006
480.15167,454.15228,453.03006
312.15787,454.15228,453.03006
313.799,454.15228,453.03006
374.77768,454.15228,453.03006
312.13406,454.15228,453.03006
312.14893,454.15228,453.03006
480.16226,454.15228,453.03006
480.16226,454.15228,453.03006
480.16226,454.15228,453.03006
480.16226,454.15228,453.03006
480.16226,454.15228,453.03006
480.16226,454.15228,453.03006
480.16226,454.15228,453.03006
480.16226,454.15228,453.03006
480.16226,454.15228,453.03006
480.16226,454.15228,453.03006
480.16226,454.15228,453.03006
480.16226,454.15228,453.03006
480.16226,454.15228,453.03006
480.16226,454.15228,453.03006
480.16226,454.15228,453.03006
480.16226,454.15228,453.03006
480.16226,454.15228,453.03006
480.16226,454.15228,453.03006
480.16208,454.15228,453.03006
480.16226,454.15228,453.03006
