1020.05383,375.98743,1363.0376
749.3672,228.2996,388.8377
446.6442,274.72205,492.20966
806.7,384.79352,1532.5531
316.56763,659.0465,897.7234
199.60867,190.83452,330.89413
129.83566,221.05948,171.60963
297.02136,662.2665,838.79285
264.04578,906.83966,479.412
1033.4104,835.3502,596.80927
185.62158,326.1943,1087.2899
270.52222,386.48495,490.45993
287.74234,441.96454,514.7324
278.7883,422.0652,701.1452
893.2948,2159.1763,145.11147
1016.18036,473.5404,494.60162
530.4718,2252.3625,261.2104
1503.5892,41.399464,293.51773
1700.33,129.09982,767.1483
377.73578,306.07565,354.94855
216.39291,349.485,679.458
443.5266,502.4897,452.9933
534.3253,385.01553,444.90793
197.53069,571.6903,1318.6433
405.65717,215.03131,565.3629
236.8673,591.45734,766.6615
510.71625,396.6726,160.5437
325.48138,501.58856,2667.582
444.48227,347.80038,230.29385
345.98413,303.90445,435.201
268.6781,101.345245,626.3717
251.35057,545.6806,747.1436
475.74622,562.6338,549.4502
617.3921,156.87105,813.62524
796.0378,802.0105,1184.3567
1111.5483,748.38477,690.5816
970.60236,1015.5595,603.8218
386.15567,499.82132,498.11783
454.71564,477.7155,2789.0398
797.2351,467.62704,1510.584
818.22723,458.94998,367.03827
400.80832,401.35062,546.07025
517.362,375.80353,534.1323
738.15643,233.4778,536.6642
212.5655,590.096,398.39734
465.03064,131.26581,154.13037
1477.6759,658.09503,1117.7194
216.12851,605.1467,972.10956
305.26907,216.79324,153.7231
379.0387,631.8017,2555.3564
293.69534,275.41345,399.0702
309.3184,103.804436,53.46228
709.14575,289.5439,436.28638
382.35858,513.1526,443.12134
525.0837,505.51132,230.91882
624.6178,230.44405,403.27435
484.56668,774.1664,595.58704
470.8832,501.38504,213.80568
985.40845,517.1676,491.95724
435.78912,413.84677,1252.9979
749.83484,394.99515,504.11606
972.5833,1216.4407,450.73386
497.93292,499.4206,765.037
646.5818,157.96033,348.43375
418.31146,582.33575,755.8535
485.9226,2416.2942,242.46304
1055.4077,422.42892,920.3555
763.7747,539.39966,679.58527
925.0221,880.3431,2716.0178
668.53796,357.64844,1092.6605
864.3035,528.53284,778.8174
644.4183,220.57063,547.14886
534.7612,430.57123,176.15144
1872.3372,55.17762,471.89932
744.2244,559.9479,358.6104
344.68082,338.31122,811.65924
584.2135,898.76575,252.9855
279.8089,791.3999,2129.853
433.32785,376.66406,1270.8368
416.29907,305.56735,407.3497
376.03677,434.99347,523.8264
323.13583,177.41277,369.59512
225.99263,190.2714,281.27756
408.29654,2091.916,375.71008
1358.1625,299.2037,500.09244
750.4602,537.9078,631.9275
568.7332,512.5575,122.20101
602.49713,485.23013,367.3112
819.269,247.53606,1103.9459
780.77954,623.324,820.73047
423.30667,189.482,171.79236
644.6805,260.9965,616.2039
326.879,661.9229,2224.8865
539.6072,633.11536,611.19336
941.9576,434.77026,444.83746
1523.9285,503.00998,1468.7936
799.5646,1421.0529,341.30383
994.4315,2625.1074,325.0085
1804.701,139.10669,171.18265
388.5659,779.1528,388.73416
1367.0673,562.8935,654.03314
502.57443,364.5779,136.28961
2046.4958,42.357086,851.5843
396.36188,320.24643,538.4898
366.82538,178.17134,73.860916
1625.5779,28.705597,565.9244
264.71265,500.79483,736.0484
397.68057,429.30603,591.6291
590.7434,180.54935,211.59264
704.4192,616.988,2011.5975
554.8265,543.7144,639.8005
670.11444,375.8967,480.254
270.7703,207.39157,432.81952
1298.8918,758.3405,2198.37
197.55356,63.007298,377.79034
503.00577,2394.3188,245.64597
1175.9307,635.5318,841.8089
678.146,791.7732,1099.7577
488.66464,351.05548,693.43933
667.88947,348.2353,1313.3373
314.53253,397.71356,964.5174
804.0488,386.47003,413.1792
172.65437,406.07083,1340.7031
336.06735,231.37766,179.15659
474.0601,2501.4302,241.99254
376.85263,187.21729,308.00406
360.98315,350.93845,488.97766
542.59955,412.89447,502.42554
581.50366,476.01242,542.0868
561.5719,642.07776,159.51314
1220.0975,304.59726,254.77655
835.5849,2390.742,874.7644
1048.0464,628.51483,1581.4395
556.1309,2308.427,1142.0809
722.7347,362.5779,721.6179
453.47797,551.6642,425.72137
500.39746,2258.639,345.20404
1768.1488,577.8685,2000.8406
669.00977,2650.7974,671.4458
486.00146,1461.1329,310.3279
765.316,212.31995,1043.2195
158.90565,241.65904,804.54755
236.62921,97.46792,568.57184
386.57748,644.8347,867.6261
874.7218,1512.667,448.53952
347.65042,458.1635,598.8813
528.28784,381.5589,720.26984
599.21234,258.0594,767.0438
220.16844,406.72458,567.61743
533.12,176.23509,697.36707
2008.1211,341.29138,1572.813
424.91266,419.83258,683.97076
827.5136,215.94257,675.1386
509.46582,279.02432,792.9503
522.1184,934.9971,273.0454
1243.1343,705.6603,765.39844
259.96878,156.84401,428.4468
519.6636,236.45566,920.6234
455.27863,632.8869,424.83524
530.084,264.75537,459.0346
883.3451,745.59,933.78864
471.4953,395.41843,844.79626
584.12714,691.8208,245.92744
995.9402,876.11176,246.53891
505.57755,248.13208,639.5144
507.16986,200.73093,418.69977
273.92017,434.15747,397.6305
217.89413,236.70358,104.64615
673.4734,349.86182,490.28653
382.85086,585.442,250.77826
550.8357,434.30707,228.9729
461.94772,246.35326,669.97296
618.96204,509.9011,879.5871
542.4985,454.73315,492.36996
1029.681,2527.921,270.0358
148.63745,607.17035,2736.7935
352.15027,1076.6565,306.439
801.5418,339.40753,535.4416
611.88165,537.6126,415.56207
556.35913,289.3074,155.66812
1169.7083,687.1177,2657.8137
533.1194,1539.0442,1067.793
975.6997,462.90436,397.54883
1123.2631,1115.9191,565.18274
690.0855,1134.9839,1555.2347
906.47125,487.8961,379.7029
331.91922,183.35815,567.91956
244.92245,1038.5881,584.28577
967.7469,1099.428,685.11676
284.3962,458.9816,353.31143
292.8828,562.6425,778.40845
281.58173,630.5165,800.2697
566.79694,280.82626,597.91
895.9684,390.015,396.7546
349.61563,168.76164,391.01694
981.97296,218.3384,186.15823
190.61848,392.61926,2228.4482
397.83514,407.38464,462.29932
734.08136,321.89056,1232.3511
343.2778,1015.0153,392.86536
556.3264,1953.105,243.94478
1046.7113,335.63477,720.96484
263.0862,1681.5939,576.69794
353.84155,334.20053,480.8663
470.6242,612.60443,319.34494
235.65352,443.1035,1795.1827
296.1371,1385.6218,588.1908
408.3066,360.0763,367.19623
423.97073,194.83267,106.57796
234.7603,433.99448,473.79092
178.90846,379.1944,2767.439
187.96558,284.49332,113.77615
257.528,335.7895,616.0254
449.1574,293.4878,464.5444
419.49802,250.40714,518.7044
373.38718,311.45395,853.4441
861.28546,484.8732,616.40356
290.50156,354.8335,168.28001
210.98384,281.41107,114.43546
399.19434,709.45306,2731.4893
1447.9518,490.78717,2331.2087
853.02594,224.1132,412.76755
621.6993,384.92166,338.19446
456.04916,450.7005,829.6557
604.97015,380.7288,380.04996
291.68384,1181.6273,234.59854
688.7026,137.0494,474.13376
147.39409,345.46878,2357.059
353.65417,2442.7737,252.66068
1107.3853,511.0721,398.57275
948.3386,595.50134,155.41145
329.26266,261.32205,202.7743
518.09406,515.5651,408.72745
239.91608,303.38687,225.58206
348.80188,508.89594,1599.9573
643.1329,386.5993,169.03304
447.83405,455.87192,399.17188
223.3715,603.7569,820.6537
291.0756,1069.6047,463.33527
614.3887,251.03381,623.81995
545.4022,385.14673,76.8172
975.6412,299.2545,1454.3439
437.95688,494.97296,734.2214
343.2463,185.18779,659.0324
341.28342,940.9151,1711.7266
1273.1117,280.24576,468.2339
483.16653,995.98303,1652.4684
366.78137,1962.6831,308.48062
281.9223,825.6003,2002.2826
607.1228,345.83203,407.15875
175.9691,565.3234,682.1763
277.27484,1086.2214,437.51944
615.62915,187.42696,213.41829
204.65804,326.23138,294.4408
530.8067,628.249,858.68207
705.96747,126.640915,192.15167
503.7848,435.4274,647.0073
578.49335,381.05185,771.1783
627.67114,252.50919,660.82007
388.92072,749.3909,732.8845
530.95996,499.20157,701.6306
619.365,210.20645,440.2716
489.84665,407.38214,455.44385
562.91766,228.35728,852.98364
416.0823,146.64984,112.66522
273.5875,1072.4905,448.48096
493.45203,494.11288,244.16377
348.86194,437.46332,399.54282
459.43805,463.4855,378.57703
954.9427,594.2328,561.48376
451.41632,138.35057,360.83472
1062.2726,842.8619,2545.9153
265.4928,528.0837,386.71506
222.93259,390.9632,311.25443
147.64389,345.12018,299.55655
263.74527,128.67398,337.86188
310.1269,2152.862,593.71564
1036.5576,918.65826,2324.8174
646.3691,288.58752,801.5966
670.7596,286.90433,1030.7174
624.3823,384.0868,708.4478
662.8989,222.34541,341.12695
549.93036,295.33493,80.68427
472.63535,315.88028,543.9626
392.7723,234.01344,457.69775
392.56256,560.2657,475.94394
560.1662,300.61398,272.24078
2142.5923,148.49315,196.3889
200.62468,221.10042,167.33017
407.83197,428.81992,155.65002
688.89777,2795.9597,529.9605
482.9679,779.4137,383.25137
1069.6869,488.51154,451.40738
479.04587,906.3671,766.9675
619.9653,746.9545,1071.373
268.8445,197.32246,414.21835
222.33174,195.95622,270.85425
884.59344,1629.7216,2519.7385
527.83997,1795.8259,242.1275
333.75452,323.90262,101.62203
223.37434,333.54767,248.09744
117.64191,151.07498,130.58304
449.6072,214.70253,236.87253
541.57007,220.74933,798.45917
363.06207,686.807,345.7792
1098.0549,409.52332,436.01
550.3663,855.7026,316.66455
225.4686,1998.1975,667.0416
1363.456,143.78795,1208.5684
2439.0112,1650.8901,41.43375
372.42957,400.26028,675.44586
804.2044,102.29134,135.37982
503.58456,479.0419,2212.7424
534.08044,395.19186,189.90381
827.7573,574.90894,221.71213
852.8137,1084.484,1036.7373
1030.8224,485.08395,459.307
865.91364,1454.2524,336.10553
104.068146,174.61412,329.27945
185.93571,152.32028,215.49004
471.45123,2532.4727,241.6531
897.7997,956.1292,671.3374
733.5926,323.9826,728.1082
749.8306,328.30426,591.758
514.5122,686.61523,463.85062
586.5479,630.5732,231.03743
642.4405,218.43068,488.28003
376.53165,342.49652,403.74918
718.8228,569.88116,218.06323
161.95581,428.3178,1505.488
306.7438,1106.0897,417.1214
917.92676,235.07162,738.7703
450.76913,489.93005,318.12787
520.019,357.29575,359.10495
986.2569,692.1425,2216.9602
461.9102,285.15747,792.6089
1693.0824,783.146,2570.7078
431.22397,2440.7227,248.27669
437.1753,1692.612,386.99
511.77167,247.78526,774.5449
310.23694,608.4481,762.7567
374.50012,127.609276,732.33875
276.40903,252.53337,91.557655
395.6676,522.7618,2310.5918
342.3795,964.7611,286.7393
537.5692,116.81762,480.54413
578.3639,607.07605,127.821014
1394.9725,499.64633,399.1679
464.38345,2450.5376,242.69542
979.5032,646.67444,714.5126
655.1696,1228.3394,181.37657
852.28046,395.08643,369.7929
209.51271,280.94052,252.86569
327.02213,235.55014,1984.7249
475.25836,513.5723,737.5097
492.56522,1794.0018,452.96664
1116.6512,536.19604,181.4005
903.887,1432.7009,95.07735
2457.576,75.17859,873.41394
306.70987,481.52634,607.161
1189.9358,563.33954,2244.032
321.32556,262.9607,370.16025
475.61325,214.88008,272.7486
2046.2083,1505.0082,478.97763
503.16458,554.7256,756.02295
