36.68,97.28,30.28,37.12,47.77
47.91,73.35,68.83,36.7,73.11
98.63,0.0,77.85,72.41,92.14
87.74,0.0,78.83,114.74,87.48
0.0,43.07,0.0,6.19,58.22
83.97,83.1,52.37,84.52,80.19
52.59,123.64,56.79,24.1,77.87
0.0,55.22,76.52,52.58,52.99
0.0,167.74,83.56,79.22,70.33
0.0,101.7,59.72,160.25,75.07
0.0,101.43,117.22,113.57,102.53
0.0,85.73,85.56,163.48,106.81
69.69,0.0,91.85,185.65,208.35
222.83,232.1,167.17,222.25,164.93
301.45,89.36,264.52,131.29,127.66
72.22,18.18,0.0,0.0,94.98
0.0,364.32,842.59,0.0,85.62
0.0,0.0,0.0,24.18,47.26
0.0,93.11,9.0,215.51,56.51
0.0,0.0,12.38,99.62,28.38
0.0,201.09,60.22,17.01,54.2
72.42,96.69,73.63,24.0,41.84
0.0,90.63,79.38,103.48,64.99
26.35,45.42,76.24,92.1,84.2
59.05,124.61,51.12,49.96,54.23
139.15,129.0,52.76,29.11,27.99
183.98,73.06,56.12,50.31,32.91
67.75,84.55,53.37,95.03,83.94
229.54,0.0,111.6,76.5,52.54
0.0,52.37,0.0,14.6,78.47
0.0,50.24,126.82,4.32,33.29
51.96,49.76,107.98,0.0,43.09
25.13,125.03,0.0,57.94,59.46
0.0,40.4,44.29,94.53,45.84
0.0,165.68,26.91,173.91,30.03
0.0,195.24,157.14,119.56,115.25
0.0,395.69,82.38,123.39,63.21
11.88,1526.74,0.0,0.0,0.0
109.79,215.24,25.48,63.37,60.43
0.0,186.85,65.06,21.5,66.28
0.0,468.08,83.87,17.93,26.98
108.34,56.38,55.52,59.3,6.24
45.59,58.82,49.18,30.39,26.34
0.0,87.34,44.09,101.18,70.17
0.0,36.18,63.26,41.92,41.3
0.0,121.78,10.14,176.51,78.54
0.0,67.6,61.39,165.05,79.72
0.0,200.75,141.57,65.29,35.51
0.0,92.66,102.57,88.43,43.96
0.0,0.0,164.58,136.88,19.45
0.0,0.0,0.0,0.0,47.27
18.94,208.24,32.33,0.0,144.75
0.0,0.0,117.15,322.73,441.4
159.14,0.0,122.31,127.45,101.32
1299.68,0.0,7.37,0.0,0.0
292.45,0.0,33.36,19.78,24.98
0.0,85.84,75.51,74.4,38.87
54.49,0.0,16.62,81.61,71.63
18.03,0.0,731.26,0.0,245.21
0.0,0.0,951.19,0.0,134.96
190.05,0.0,1262.82,0.0,155.4
871.69,0.0,0.0,382.71,14.19
1194.97,0.0,46.97,57.32,89.1
716.77,68.1,73.04,35.41,70.44
0.0,28.7,38.24,106.22,34.18
0.0,81.65,33.25,64.79,67.31
148.61,121.09,22.92,49.7,59.84
24.78,184.25,70.49,58.26,29.32
68.57,0.69,76.38,57.35,69.42
0.0,212.53,76.32,42.05,0.0
0.0,4.78,38.81,51.39,61.83
21.86,0.0,5.02,88.1,80.39
106.11,2.11,55.19,62.65,86.11
178.89,119.63,36.02,98.77,0.0
6.73,76.03,159.73,98.25,151.55
56.49,62.33,109.15,98.21,143.77
0.0,105.03,203.56,134.64,125.8
166.56,169.3,242.54,0.0,205.94
174.76,296.81,350.42,120.29,36.31
485.91,182.7,148.36,51.96,51.19
87.12,48.22,136.86,34.29,53.29
169.08,84.81,75.49,12.51,27.45
85.23,2.36,57.1,71.95,20.1
206.36,41.83,49.58,79.82,52.16
62.61,138.6,15.2,59.23,6.52
34.36,50.15,74.79,49.27,51.54
0.0,154.76,53.61,73.53,5.7
172.27,169.82,124.1,76.31,25.48
91.33,91.25,20.36,33.37,51.69
170.36,106.5,45.3,63.48,14.75
271.14,93.55,48.43,76.45,39.22
218.09,0.0,200.59,85.16,112.19
113.68,54.89,51.37,54.57,62.94
87.07,20.37,99.18,0.0,96.67
0.0,105.03,85.26,0.0,0.0
0.0,306.48,643.88,363.72,230.43
218.22,124.19,106.66,72.02,42.42
82.45,60.96,49.34,49.99,14.68
0.0,48.89,66.03,90.04,31.55
95.36,76.87,42.07,60.05,139.97
113.65,60.7,16.0,62.89,81.1
0.0,11.35,45.5,34.88,58.59
0.0,83.47,53.49,118.47,9.06
0.0,257.28,10.53,193.61,243.88
357.95,251.13,112.94,0.0,142.16
26.73,88.35,106.19,34.97,85.58
109.19,28.28,106.97,51.55,34.56
0.0,239.45,346.3,0.0,61.14
119.45,34.01,39.08,86.3,69.3
88.08,118.74,41.83,70.84,14.36
191.53,0.0,0.0,31.68,154.03
0.0,337.36,22.76,0.0,0.0
77.06,76.29,46.98,63.75,90.55
71.06,82.17,50.79,73.31,39.55
0.0,119.91,20.89,209.42,31.59
0.0,230.07,78.48,42.24,60.54
18.08,39.6,50.12,88.15,67.71
41.94,35.71,100.51,64.04,39.91
47.07,71.93,63.94,83.07,83.53
144.93,0.0,223.53,86.62,30.15
94.46,28.24,57.74,64.26,36.79
71.84,0.0,113.13,70.83,40.99
0.0,120.96,0.0,182.64,23.99
97.53,0.0,121.63,75.05,76.86
59.27,0.0,74.97,74.31,59.18
0.0,89.78,41.67,81.28,78.21
253.16,111.03,115.43,33.49,10.58
351.51,0.0,33.49,0.0,102.23
412.21,9.3,54.95,0.0,160.32
162.11,26.93,24.61,17.78,78.65
0.0,128.24,0.0,163.17,70.68
28.33,85.81,61.05,40.86,92.07
0.0,87.4,42.91,57.89,45.18
16.72,102.35,43.71,65.31,47.0
39.28,97.63,51.54,63.39,119.84
257.49,195.74,174.38,122.67,37.0
77.15,74.46,82.95,17.0,142.29
88.75,58.05,77.33,116.67,147.71
10.54,231.87,128.57,79.09,51.12
0.0,44.45,86.89,58.45,44.01
0.0,128.38,63.24,21.57,50.4
130.27,25.82,96.05,20.42,46.63
220.61,57.37,60.45,53.48,43.16
196.57,82.24,37.93,86.12,49.03
168.5,13.05,121.29,40.47,73.31
166.61,10.81,67.52,107.79,84.05
68.92,25.68,130.15,18.32,87.1
0.0,0.0,0.0,0.0,0.0
0.0,0.0,169.08,303.38,69.88
55.75,0.0,200.11,98.37,220.11
0.0,122.46,91.74,96.61,65.23
0.0,0.0,207.53,109.23,0.0
389.52,0.0,241.66,78.6,42.0
262.85,134.88,121.52,51.46,6.55
205.86,0.0,45.84,0.0,71.62
0.0,108.8,59.94,181.52,86.72
132.19,131.68,52.61,58.94,14.83
0.0,25.68,0.0,38.83,0.0
0.0,93.93,65.55,162.42,41.38
0.0,215.5,250.55,276.29,178.56
39.31,125.46,72.36,95.12,115.74
167.08,8.82,117.41,76.02,93.36
26.95,0.0,67.44,179.49,252.6
0.0,153.7,633.43,343.09,315.8
228.86,79.39,304.09,85.01,123.61
0.0,0.0,0.0,0.0,28.88
229.71,110.72,14.49,0.0,144.37
119.77,62.25,9.71,52.15,32.99
191.72,90.54,9.63,52.41,7.05
38.36,45.54,69.64,24.74,35.19
109.72,0.0,83.48,87.76,3.73
74.17,32.94,45.47,75.26,41.77
124.74,80.1,61.17,37.39,62.39
0.0,0.0,66.23,118.41,258.64
0.0,23.74,5.77,0.0,103.69
68.12,215.04,116.61,101.7,7.77
82.84,130.89,53.81,18.38,43.77
0.0,237.32,87.06,38.6,93.09
96.81,71.72,44.12,67.04,27.55
0.0,67.72,86.91,30.37,44.25
148.99,28.45,61.47,48.66,43.99
0.0,0.0,125.67,0.0,91.9
