445.9006,445.90033,445.90033,445.90033,445.90033
445.89835,445.90033,445.90033,445.90033,445.90033
445.89996,445.90033,445.90033,445.90033,445.90033
445.89514,445.90033,445.90033,445.90033,445.90033
445.896,445.90033,445.90033,445.90033,445.90033
445.89865,445.90033,445.90033,445.90033,445.90033
445.90015,445.90033,445.90033,445.90033,445.90033
445.89865,445.90033,445.90033,445.90033,445.90033
445.88376,445.90033,445.90033,445.90033,445.90033
445.89975,445.90033,445.90033,445.90033,445.90033
445.89844,445.90033,445.90033,445.90033,445.90033
557.17303,446.0193,445.90033,445.90033,445.90033
445.8988,445.90033,445.90033,445.90033,445.90033
445.8955,445.90033,445.90033,445.90033,445.90033
445.8974,445.90033,445.90033,445.90033,445.90033
445.89804,445.90033,445.90033,445.90033,445.90033
445.89825,445.90033,445.90033,445.90033,445.90033
445.89825,445.90033,445.90033,445.90033,445.90033
445.8988,445.90033,445.90033,445.90033,445.90033
374.4862,445.91098,445.90033,445.90033,445.90033
445.88956,445.90033,445.90033,445.90033,445.90033
445.85876,445.90033,445.90033,445.90033,445.90033
445.8978,445.90033,445.90033,445.90033,445.90033
445.8955,445.90033,445.90033,445.90033,445.90033
445.89804,445.90033,445.90033,445.90033,445.90033
445.8955,445.90033,445.90033,445.90033,445.90033
445.89804,445.90033,445.90033,445.90033,445.90033
445.89957,445.90033,445.90033,445.90033,445.90033
445.90082,445.90033,445.90033,445.90033,445.90033
445.89853,445.90033,445.90033,445.90033,445.90033
445.89902,445.90033,445.90033,445.90033,445.90033
445.89523,445.90033,445.90033,445.90033,445.90033
445.89835,445.90033,445.90033,445.90033,445.90033
444.85416,445.90033,445.90033,445.90033,445.90033
445.89975,445.90033,445.90033,445.90033,445.90033
582.4691,445.8955,445.90033,445.90033,445.90033
498.18054,445.8956,445.90033,445.90033,445.90033
445.89703,445.90033,445.90033,445.90033,445.90033
445.89835,445.90033,445.90033,445.90033,445.90033
445.89844,445.90033,445.90033,445.90033,445.90033
445.89844,445.90033,445.90033,445.90033,445.90033
445.89758,445.90033,445.90033,445.90033,445.90033
445.89853,445.90033,445.90033,445.90033,445.90033
445.44318,445.90033,445.90033,445.90033,445.90033
445.89835,445.90033,445.90033,445.90033,445.90033
435.8565,445.90106,445.90033,445.90033,445.90033
445.8989,445.90033,445.90033,445.90033,445.90033
443.3652,445.9005,445.90033,445.90033,445.90033
445.8975,445.90033,445.90033,445.90033,445.90033
445.89996,445.90033,445.90033,445.90033,445.90033
445.8988,445.90033,445.90033,445.90033,445.90033
445.89664,445.90033,445.90033,445.90033,445.90033
445.89825,445.90033,445.90033,445.90033,445.90033
445.8974,445.90033,445.90033,445.90033,445.90033
445.89865,445.90033,445.90033,445.90033,445.90033
445.8988,445.90033,445.90033,445.90033,445.90033
445.89664,445.90033,445.90033,445.90033,445.90033
445.89853,445.90033,445.90033,445.90033,445.90033
445.8991,445.90033,445.90033,445.90033,445.90033
445.8957,445.90033,445.90033,445.90033,445.90033
445.89835,445.90033,445.90033,445.90033,445.90033
445.4234,445.90033,445.90033,445.90033,445.90033
445.8978,445.90033,445.90033,445.90033,445.90033
445.90216,445.90033,445.90033,445.90033,445.90033
445.89996,445.90033,445.90033,445.90033,445.90033
445.8987,445.90033,445.90033,445.90033,445.90033
445.8989,445.90033,445.90033,445.90033,445.90033
445.87384,445.90033,445.90033,445.90033,445.90033
542.45483,445.8955,445.90033,445.90033,445.90033
445.89835,445.90033,445.90033,445.90033,445.90033
445.8904,445.90033,445.90033,445.90033,445.90033
442.53824,445.9005,445.90033,445.90033,445.90033
445.8868,445.90033,445.90033,445.90033,445.90033
445.8993,445.90033,445.90033,445.90033,445.90033
445.8991,445.90033,445.90033,445.90033,445.90033
445.89957,445.90033,445.90033,445.90033,445.90033
445.39383,445.90033,445.90033,445.90033,445.90033
445.89938,445.90033,445.90033,445.90033,445.90033
445.89453,445.90033,445.90033,445.90033,445.90033
445.89795,445.90033,445.90033,445.90033,445.90033
445.89825,445.90033,445.90033,445.90033,445.90033
445.85672,445.90033,445.90033,445.90033,445.90033
445.65295,445.90033,445.90033,445.90033,445.90033
445.8988,445.90033,445.90033,445.90033,445.90033
445.89966,445.90033,445.90033,445.90033,445.90033
445.90015,445.90033,445.90033,445.90033,445.90033
445.8978,445.90033,445.90033,445.90033,445.90033
445.8987,445.90033,445.90033,445.90033,445.90033
445.89502,445.90033,445.90033,445.90033,445.90033
445.89795,445.90033,445.90033,445.90033,445.90033
445.89853,445.90033,445.90033,445.90033,445.90033
445.89816,445.90033,445.90033,445.90033,445.90033
445.8987,445.90033,445.90033,445.90033,445.90033
445.85007,445.90033,445.90033,445.90033,445.90033
445.8973,445.90033,445.90033,445.90033,445.90033
445.89685,445.90033,445.90033,445.90033,445.90033
445.89865,445.90033,445.90033,445.90033,445.90033
445.89844,445.90033,445.90033,445.90033,445.90033
445.89853,445.90033,445.90033,445.90033,445.90033
174.47269,878.3505,506.21854,739.77423,970.3411
441.62503,445.9006,445.90033,445.90033,445.90033
445.8989,445.90033,445.90033,445.90033,445.90033
445.89835,445.90033,445.90033,445.90033,445.90033
445.89865,445.90033,445.90033,445.90033,445.90033
445.89825,445.90033,445.90033,445.90033,445.90033
445.8955,445.90033,445.90033,445.90033,445.90033
445.61368,445.90033,445.90033,445.90033,445.90033
445.89853,445.90033,445.90033,445.90033,445.90033
171.53865,878.70746,506.68295,744.80835,970.3475
445.8989,445.90033,445.90033,445.90033,445.90033
445.89844,445.90033,445.90033,445.90033,445.90033
445.8989,445.90033,445.90033,445.90033,445.90033
445.89835,445.90033,445.90033,445.90033,445.90033
445.89853,445.90033,445.90033,445.90033,445.90033
375.0204,445.91077,445.90033,445.90033,445.90033
445.89835,445.90033,445.90033,445.90033,445.90033
445.8989,445.90033,445.90033,445.90033,445.90033
445.8957,445.90033,445.90033,445.90033,445.90033
445.89816,445.90033,445.90033,445.90033,445.90033
445.8955,445.90033,445.90033,445.90033,445.90033
445.89664,445.90033,445.90033,445.90033,445.90033
445.89902,445.90033,445.90033,445.90033,445.90033
445.89816,445.90033,445.90033,445.90033,445.90033
538.6022,445.8955,445.90033,445.90033,445.90033
445.89844,445.90033,445.90033,445.90033,445.90033
445.89835,445.90033,445.90033,445.90033,445.90033
445.8989,445.90033,445.90033,445.90033,445.90033
445.8974,445.90033,445.90033,445.90033,445.90033
444.11258,445.90042,445.90033,445.90033,445.90033
445.89865,445.90033,445.90033,445.90033,445.90033
445.89816,445.90033,445.90033,445.90033,445.90033
445.8993,445.90033,445.90033,445.90033,445.90033
445.89996,445.90033,445.90033,445.90033,445.90033
445.89627,445.90033,445.90033,445.90033,445.90033
445.8987,445.90033,445.90033,445.90033,445.90033
445.89816,445.90033,445.90033,445.90033,445.90033
445.8987,445.90033,445.90033,445.90033,445.90033
445.8987,445.90033,445.90033,445.90033,445.90033
445.89853,445.90033,445.90033,445.90033,445.90033
445.89835,445.90033,445.90033,445.90033,445.90033
445.8961,445.90033,445.90033,445.90033,445.90033
445.89853,445.90033,445.90033,445.90033,445.90033
445.8955,445.90033,445.90033,445.90033,445.90033
445.89853,445.90033,445.90033,445.90033,445.90033
445.8991,445.90033,445.90033,445.90033,445.90033
445.8993,445.90033,445.90033,445.90033,445.90033
445.7894,445.90033,445.90033,445.90033,445.90033
583.76086,445.8955,445.90033,445.90033,445.90033
445.89987,445.90033,445.90033,445.90033,445.90033
445.26303,445.90033,445.90033,445.90033,445.90033
445.89865,445.90033,445.90033,445.90033,445.90033
445.89853,445.90033,445.90033,445.90033,445.90033
445.89966,445.90033,445.90033,445.90033,445.90033
445.8988,445.90033,445.90033,445.90033,445.90033
445.89664,445.90033,445.90033,445.90033,445.90033
445.8974,445.90033,445.90033,445.90033,445.90033
445.89816,445.90033,445.90033,445.90033,445.90033
445.89957,445.90033,445.90033,445.90033,445.90033
445.8988,445.90033,445.90033,445.90033,445.90033
445.8972,445.90033,445.90033,445.90033,445.90033
445.8978,445.90033,445.90033,445.90033,445.90033
445.89786,445.90033,445.90033,445.90033,445.90033
445.89844,445.90033,445.90033,445.90033,445.90033
445.89966,445.90033,445.90033,445.90033,445.90033
445.89835,445.90033,445.90033,445.90033,445.90033
445.89825,445.90033,445.90033,445.90033,445.90033
445.90146,445.90033,445.90033,445.90033,445.90033
445.89865,445.90033,445.90033,445.90033,445.90033
445.89844,445.90033,445.90033,445.90033,445.90033
445.8977,445.90033,445.90033,445.90033,445.90033
445.89975,445.90033,445.90033,445.90033,445.90033
445.8955,445.90033,445.90033,445.90033,445.90033
445.83975,445.90033,445.90033,445.90033,445.90033
445.70044,445.90033,445.90033,445.90033,445.90033
445.8878,445.90033,445.90033,445.90033,445.90033
445.89835,445.90033,445.90033,445.90033,445.90033
445.8961,445.90033,445.90033,445.90033,445.90033
445.88834,445.90033,445.90033,445.90033,445.90033
445.89987,445.90033,445.90033,445.90033,445.90033
445.8993,445.90033,445.90033,445.90033,445.90033
445.89795,445.90033,445.90033,445.90033,445.90033
445.89835,445.90033,445.90033,445.90033,445.90033
387.88858,445.9077,445.90033,445.90033,445.90033
445.89825,445.90033,445.90033,445.90033,445.90033
445.89825,445.90033,445.90033,445.90033,445.90033
445.89853,445.90033,445.90033,445.90033,445.90033
445.88928,445.90033,445.90033,445.90033,445.90033
445.89996,445.90033,445.90033,445.90033,445.90033
445.8988,445.90033,445.90033,445.90033,445.90033
445.8955,445.90033,445.90033,445.90033,445.90033
445.89703,445.90033,445.90033,445.90033,445.90033
445.8987,445.90033,445.90033,445.90033,445.90033
445.9006,445.90033,445.90033,445.90033,445.90033
445.8974,445.90033,445.90033,445.90033,445.90033
445.8987,445.90033,445.90033,445.90033,445.90033
445.89758,445.90033,445.90033,445.90033,445.90033
445.89758,445.90033,445.90033,445.90033,445.90033
445.77646,445.90033,445.90033,445.90033,445.90033
445.89865,445.90033,445.90033,445.90033,445.90033
445.89673,445.90033,445.90033,445.90033,445.90033
445.8989,445.90033,445.90033,445.90033,445.90033
445.8988,445.90033,445.90033,445.90033,445.90033
445.896,445.90033,445.90033,445.90033,445.90033
445.89825,445.90033,445.90033,445.90033,445.90033
445.89786,445.90033,445.90033,445.90033,445.90033
445.89853,445.90033,445.90033,445.90033,445.90033
445.8974,445.90033,445.90033,445.90033,445.90033
445.89816,445.90033,445.90033,445.90033,445.90033
445.64142,445.90033,445.90033,445.90033,445.90033
445.89835,445.90033,445.90033,445.90033,445.90033
445.8987,445.90033,445.90033,445.90033,445.90033
444.78577,445.90033,445.90033,445.90033,445.90033
445.89844,445.90033,445.90033,445.90033,445.90033
445.8989,445.90033,445.90033,445.90033,445.90033
445.89865,445.90033,445.90033,445.90033,445.90033
445.8993,445.90033,445.90033,445.90033,445.90033
445.89673,445.90033,445.90033,445.90033,445.90033
445.8991,445.90033,445.90033,445.90033,445.90033
445.8957,445.90033,445.90033,445.90033,445.90033
445.89865,445.90033,445.90033,445.90033,445.90033
445.89542,445.90033,445.90033,445.90033,445.90033
445.89804,445.90033,445.90033,445.90033,445.90033
445.89523,445.90033,445.90033,445.90033,445.90033
445.89957,445.90033,445.90033,445.90033,445.90033
445.8987,445.90033,445.90033,445.90033,445.90033
445.89902,445.90033,445.90033,445.90033,445.90033
445.8956,445.90033,445.90033,445.90033,445.90033
445.89804,445.90033,445.90033,445.90033,445.90033
445.89865,445.90033,445.90033,445.90033,445.90033
445.6664,445.90033,445.90033,445.90033,445.90033
445.8988,445.90033,445.90033,445.90033,445.90033
445.89835,445.90033,445.90033,445.90033,445.90033
445.89865,445.90033,445.90033,445.90033,445.90033
281.77905,446.49692,445.9006,445.90033,445.90033
445.67136,445.90033,445.90033,445.90033,445.90033
445.90042,445.90033,445.90033,445.90033,445.90033
445.8991,445.90033,445.90033,445.90033,445.90033
445.89853,445.90033,445.90033,445.90033,445.90033
445.89987,445.90033,445.90033,445.90033,445.90033
445.8993,445.90033,445.90033,445.90033,445.90033
445.8989,445.90033,445.90033,445.90033,445.90033
445.89825,445.90033,445.90033,445.90033,445.90033
445.89804,445.90033,445.90033,445.90033,445.90033
445.89844,445.90033,445.90033,445.90033,445.90033
445.89835,445.90033,445.90033,445.90033,445.90033
445.89816,445.90033,445.90033,445.90033,445.90033
445.8988,445.90033,445.90033,445.90033,445.90033
445.8989,445.90033,445.90033,445.90033,445.90033
445.89694,445.90033,445.90033,445.90033,445.90033
445.88644,445.90033,445.90033,445.90033,445.90033
445.89865,445.90033,445.90033,445.90033,445.90033
445.9009,445.90033,445.90033,445.90033,445.90033
445.89816,445.90033,445.90033,445.90033,445.90033
445.89825,445.90033,445.90033,445.90033,445.90033
445.89825,445.90033,445.90033,445.90033,445.90033
445.89627,445.90033,445.90033,445.90033,445.90033
445.9009,445.90033,445.90033,445.90033,445.90033
420.7483,445.90253,445.90033,445.90033,445.90033
550.8914,445.8955,445.90033,445.90033,445.90033
445.8989,445.90033,445.90033,445.90033,445.90033
445.89816,445.90033,445.90033,445.90033,445.90033
445.89844,445.90033,445.90033,445.90033,445.90033
445.89835,445.90033,445.90033,445.90033,445.90033
445.8594,445.90033,445.90033,445.90033,445.90033
445.89825,445.90033,445.90033,445.90033,445.90033
326.36716,445.93866,445.90033,445.90033,445.90033
445.89835,445.90033,445.90033,445.90033,445.90033
216.38422,448.23096,445.90082,445.90033,445.90033
445.89578,445.90033,445.90033,445.90033,445.90033
445.89844,445.90033,445.90033,445.90033,445.90033
445.8988,445.90033,445.90033,445.90033,445.90033
445.89825,445.90033,445.90033,445.90033,445.90033
445.89835,445.90033,445.90033,445.90033,445.90033
445.8955,445.90033,445.90033,445.90033,445.90033
445.89816,445.90033,445.90033,445.90033,445.90033
445.89996,445.90033,445.90033,445.90033,445.90033
445.89618,445.90033,445.90033,445.90033,445.90033
445.89853,445.90033,445.90033,445.90033,445.90033
445.89835,445.90033,445.90033,445.90033,445.90033
445.89795,445.90033,445.90033,445.90033,445.90033
445.89844,445.90033,445.90033,445.90033,445.90033
445.8992,445.90033,445.90033,445.90033,445.90033
445.8975,445.90033,445.90033,445.90033,445.90033
445.89825,445.90033,445.90033,445.90033,445.90033
445.89532,445.90033,445.90033,445.90033,445.90033
445.89865,445.90033,445.90033,445.90033,445.90033
445.90207,445.90033,445.90033,445.90033,445.90033
445.89758,445.90033,445.90033,445.90033,445.90033
445.8977,445.90033,445.90033,445.90033,445.90033
445.8991,445.90033,445.90033,445.90033,445.90033
445.90005,445.90033,445.90033,445.90033,445.90033
445.89484,445.90033,445.90033,445.90033,445.90033
445.8955,445.90033,445.90033,445.90033,445.90033
445.89825,445.90033,445.90033,445.90033,445.90033
445.8955,445.90033,445.90033,445.90033,445.90033
445.87717,445.90033,445.90033,445.90033,445.90033
445.89664,445.90033,445.90033,445.90033,445.90033
445.89835,445.90033,445.90033,445.90033,445.90033
445.90042,445.90033,445.90033,445.90033,445.90033
445.89804,445.90033,445.90033,445.90033,445.90033
445.8989,445.90033,445.90033,445.90033,445.90033
445.89835,445.90033,445.90033,445.90033,445.90033
445.8977,445.90033,445.90033,445.90033,445.90033
445.8975,445.90033,445.90033,445.90033,445.90033
336.33014,445.9288,445.90033,445.90033,445.90033
445.89853,445.90033,445.90033,445.90033,445.90033
445.87726,445.90033,445.90033,445.90033,445.90033
445.8955,445.90033,445.90033,445.90033,445.90033
445.89835,445.90033,445.90033,445.90033,445.90033
445.8991,445.90033,445.90033,445.90033,445.90033
445.89804,445.90033,445.90033,445.90033,445.90033
445.8975,445.90033,445.90033,445.90033,445.90033
445.8988,445.90033,445.90033,445.90033,445.90033
445.89786,445.90033,445.90033,445.90033,445.90033
445.90033,445.90033,445.90033,445.90033,445.90033
445.89853,445.90033,445.90033,445.90033,445.90033
445.90015,445.90033,445.90033,445.90033,445.90033
445.89865,445.90033,445.90033,445.90033,445.90033
169.16963,878.74915,506.69397,744.91406,970.3475
445.89758,445.90033,445.90033,445.90033,445.90033
445.89795,445.90033,445.90033,445.90033,445.90033
445.8957,445.90033,445.90033,445.90033,445.90033
445.89865,445.90033,445.90033,445.90033,445.90033
445.8987,445.90033,445.90033,445.90033,445.90033
445.8993,445.90033,445.90033,445.90033,445.90033
445.89816,445.90033,445.90033,445.90033,445.90033
445.89795,445.90033,445.90033,445.90033,445.90033
445.89212,445.90033,445.90033,445.90033,445.90033
445.89825,445.90033,445.90033,445.90033,445.90033
445.8988,445.90033,445.90033,445.90033,445.90033
445.89853,445.90033,445.90033,445.90033,445.90033
445.8973,445.90033,445.90033,445.90033,445.90033
445.89758,445.90033,445.90033,445.90033,445.90033
445.88834,445.90033,445.90033,445.90033,445.90033
445.89633,445.90033,445.90033,445.90033,445.90033
445.89816,445.90033,445.90033,445.90033,445.90033
445.89957,445.90033,445.90033,445.90033,445.90033
445.89853,445.90033,445.90033,445.90033,445.90033
445.8193,445.90033,445.90033,445.90033,445.90033
445.89853,445.90033,445.90033,445.90033,445.90033
445.89966,445.90033,445.90033,445.90033,445.90033
445.8988,445.90033,445.90033,445.90033,445.90033
445.8991,445.90033,445.90033,445.90033,445.90033
445.89865,445.90033,445.90033,445.90033,445.90033
445.89655,445.90033,445.90033,445.90033,445.90033
445.89816,445.90033,445.90033,445.90033,445.90033
445.90128,445.90033,445.90033,445.90033,445.90033
445.89844,445.90033,445.90033,445.90033,445.90033
445.89673,445.90033,445.90033,445.90033,445.90033
191.07216,875.7168,502.77747,688.2236,970.14185
445.89865,445.90033,445.90033,445.90033,445.90033
445.89786,445.90033,445.90033,445.90033,445.90033
445.89865,445.90033,445.90033,445.90033,445.90033
445.89844,445.90033,445.90033,445.90033,445.90033
445.8987,445.90033,445.90033,445.90033,445.90033
445.41718,445.90033,445.90033,445.90033,445.90033
445.89786,445.90033,445.90033,445.90033,445.90033
445.89844,445.90033,445.90033,445.90033,445.90033
445.896,445.90033,445.90033,445.90033,445.90033
445.89938,445.90033,445.90033,445.90033,445.90033
445.8987,445.90033,445.90033,445.90033,445.90033
445.89587,445.90033,445.90033,445.90033,445.90033
445.89758,445.90033,445.90033,445.90033,445.90033
445.8971,445.90033,445.90033,445.90033,445.90033
445.8971,445.90033,445.90033,445.90033,445.90033
445.8992,445.90033,445.90033,445.90033,445.90033
445.8973,445.90033,445.90033,445.90033,445.90033
445.89618,445.90033,445.90033,445.90033,445.90033
445.89844,445.90033,445.90033,445.90033,445.90033
445.8988,445.90033,445.90033,445.90033,445.90033
445.89816,445.90033,445.90033,445.90033,445.90033
445.8992,445.90033,445.90033,445.90033,445.90033
445.89786,445.90033,445.90033,445.90033,445.90033
445.89844,445.90033,445.90033,445.90033,445.90033
445.04092,445.90033,445.90033,445.90033,445.90033
445.8989,445.90033,445.90033,445.90033,445.90033
445.8988,445.90033,445.90033,445.90033,445.90033
445.89825,445.90033,445.90033,445.90033,445.90033
445.89273,445.90033,445.90033,445.90033,445.90033
445.8987,445.90033,445.90033,445.90033,445.90033
445.89844,445.90033,445.90033,445.90033,445.90033
445.89844,445.90033,445.90033,445.90033,445.90033
445.31412,445.90033,445.90033,445.90033,445.90033
445.6162,445.90033,445.90033,445.90033,445.90033
445.89795,445.90033,445.90033,445.90033,445.90033
445.8961,445.90033,445.90033,445.90033,445.90033
445.89865,445.90033,445.90033,445.90033,445.90033
445.8988,445.90033,445.90033,445.90033,445.90033
445.89853,445.90033,445.90033,445.90033,445.90033
445.8955,445.90033,445.90033,445.90033,445.90033
445.8924,445.90033,445.90033,445.90033,445.90033
445.89957,445.90033,445.90033,445.90033,445.90033
445.56345,445.90033,445.90033,445.90033,445.90033
445.89816,445.90033,445.90033,445.90033,445.90033
445.89703,445.90033,445.90033,445.90033,445.90033
445.8992,445.90033,445.90033,445.90033,445.90033
445.89786,445.90033,445.90033,445.90033,445.90033
445.8975,445.90033,445.90033,445.90033,445.90033
445.89804,445.90033,445.90033,445.90033,445.90033
445.89542,445.90033,445.90033,445.90033,445.90033
445.89938,445.90033,445.90033,445.90033,445.90033
445.89453,445.90033,445.90033,445.90033,445.90033
445.89484,445.90033,445.90033,445.90033,445.90033
445.87466,445.90033,445.90033,445.90033,445.90033
422.91083,445.90237,445.90033,445.90033,445.90033
445.89835,445.90033,445.90033,445.90033,445.90033
445.89825,445.90033,445.90033,445.90033,445.90033
445.89996,445.90033,445.90033,445.90033,445.90033
445.8971,445.90033,445.90033,445.90033,445.90033
445.89865,445.90033,445.90033,445.90033,445.90033
445.90015,445.90033,445.90033,445.90033,445.90033
445.89825,445.90033,445.90033,445.90033,445.90033
445.8988,445.90033,445.90033,445.90033,445.90033
445.89966,445.90033,445.90033,445.90033,445.90033
445.8992,445.90033,445.90033,445.90033,445.90033
445.8973,445.90033,445.90033,445.90033,445.90033
445.8974,445.90033,445.90033,445.90033,445.90033
445.89902,445.90033,445.90033,445.90033,445.90033
445.9006,445.90033,445.90033,445.90033,445.90033
445.89844,445.90033,445.90033,445.90033,445.90033
445.89835,445.90033,445.90033,445.90033,445.90033
445.89825,445.90033,445.90033,445.90033,445.90033
445.89804,445.90033,445.90033,445.90033,445.90033
445.88516,445.90033,445.90033,445.90033,445.90033
445.89865,445.90033,445.90033,445.90033,445.90033
445.89948,445.90033,445.90033,445.90033,445.90033
