149.8,75.02,62.32,90.44,77.26
40.33,80.32,68.88,57.54,59.72
0.0,0.0,96.09,74.64,50.94
0.0,7.1,35.81,93.53,434.06
0.0,18.65,60.61,791.23,1208.94
18.3,19.62,91.87,43.58,43.41
0.0,115.35,168.84,0.0,30.69
102.38,0.0,82.99,0.0,68.2
0.0,0.0,0.0,81.89,128.54
0.0,136.02,0.0,0.0,57.8
49.04,26.17,18.86,42.15,64.29
133.85,60.51,9.2,37.82,67.39
330.85,0.0,59.15,14.46,56.21
169.49,66.31,92.1,21.38,0.0
0.0,0.0,99.61,492.84,0.0
0.0,63.2,58.37,0.0,0.0
0.0,13.66,40.41,76.6,0.0
352.79,53.38,104.31,42.49,78.26
0.0,72.71,41.14,39.13,47.88
0.0,64.03,26.41,75.0,60.86
53.1,114.48,64.01,85.18,139.56
126.74,56.77,75.0,105.09,38.06
0.0,191.69,280.08,53.61,0.0
0.0,49.8,14.74,59.75,77.83
0.0,76.9,0.0,68.06,70.24
62.47,63.03,85.11,74.31,44.69
54.36,64.45,79.06,90.28,102.97
0.0,0.0,1.08,201.57,2776.02
139.68,0.0,60.51,132.05,2184.73
65.87,36.02,73.09,94.93,40.81
0.0,62.46,3.47,19.03,57.91
382.9,338.58,0.0,72.68,73.09
60.81,36.32,79.94,88.36,85.8
99.95,53.51,63.1,105.3,100.95
198.46,144.42,66.04,87.74,77.75
249.98,159.82,37.77,36.61,39.61
0.0,322.84,172.58,481.13,810.76
0.0,28.65,119.21,75.2,12.38
34.34,0.53,173.82,242.74,0.0
175.72,61.82,61.54,62.56,130.49
353.33,156.05,24.66,63.17,99.88
74.62,106.86,61.42,50.48,80.53
74.39,54.99,46.62,35.71,77.17
0.0,21.48,33.36,67.4,75.13
66.18,9.84,67.72,42.67,40.26
0.0,321.12,23.41,88.79,74.84
112.27,0.9,69.82,0.0,52.93
8.99,0.0,0.0,11.33,72.86
0.0,177.73,0.0,283.58,0.0
65.34,0.0,0.0,0.0,0.0
0.0,19.42,0.0,503.58,0.0
15.28,83.28,307.4,77.78,0.0
76.61,185.97,193.37,32.1,43.14
145.46,504.04,25.67,0.0,88.39
0.0,10.73,84.39,0.0,40.94
332.64,1019.35,0.0,53.6,59.1
137.6,190.78,74.21,66.55,62.06
18.43,88.4,83.06,33.01,80.63
0.0,130.04,37.6,55.04,109.56
52.69,78.04,150.62,55.27,126.97
46.4,214.96,110.09,224.82,0.0
0.0,143.63,440.59,0.0,0.0
0.0,99.06,386.24,200.66,125.52
0.0,49.88,333.15,0.0,11.19
0.0,192.35,0.0,0.0,0.0
0.0,0.0,11.23,85.69,53.56
0.0,121.98,156.58,0.0,0.0
49.9,70.44,53.08,89.89,91.23
34.31,93.19,0.0,13.33,78.8
442.58,2693.29,42.23,0.0,18.72
28.63,464.71,895.99,113.29,0.0
153.9,161.55,133.01,114.86,77.0
44.28,78.07,37.28,40.02,56.11
3.88,94.2,72.63,39.62,55.86
0.0,60.18,7.96,42.46,67.87
0.0,328.31,1476.12,1747.53,0.0
130.21,0.0,0.0,105.3,0.0
159.18,152.24,0.0,242.22,0.0
0.0,233.42,0.0,0.0,49.96
0.0,232.46,1583.75,856.91,0.0
162.94,131.02,1420.91,288.32,0.0
0.0,0.0,138.73,0.0,531.21
0.0,29.83,7.35,51.14,59.16
0.0,60.0,63.2,57.53,55.55
47.47,110.47,74.08,44.18,46.7
118.44,52.06,86.79,63.02,66.68
157.13,10.22,33.18,79.01,53.22
41.62,50.09,102.56,55.86,54.49
120.32,49.93,50.24,80.08,68.88
47.94,33.98,57.58,69.77,68.5
26.46,42.26,58.19,57.28,59.6
225.41,36.74,0.0,36.5,9.44
19.93,128.06,49.45,83.52,126.78
39.13,47.89,76.04,101.66,118.05
88.85,18.8,54.94,70.25,0.0
142.54,170.86,0.0,0.0,95.47
556.7,681.05,0.0,15.27,10.2
0.0,65.74,12.25,22.66,86.25
216.59,78.95,0.0,199.36,53.11
103.91,0.0,58.05,0.0,53.17
0.0,41.03,105.31,108.54,0.0
72.78,87.76,76.75,66.75,119.47
0.0,37.08,0.0,63.9,43.87
103.05,241.95,373.58,0.0,84.15
143.49,401.01,229.26,57.25,49.27
1.89,58.51,55.21,81.21,72.61
248.04,294.0,54.31,85.06,43.17
59.97,475.73,258.85,162.18,92.34
70.77,98.94,44.66,44.6,76.83
552.44,145.51,178.14,86.07,0.0
120.96,49.04,75.88,122.99,108.8
194.94,172.37,110.19,90.58,78.76
0.0,22.65,89.51,102.07,44.06
0.0,132.21,97.82,20.11,110.32
4.59,4.54,67.57,21.99,108.88
0.0,0.0,67.31,0.0,18.56
69.89,54.67,48.48,180.86,0.0
0.0,13.72,46.12,48.63,54.22
31.1,44.79,56.62,55.77,57.25
126.12,0.0,63.45,27.9,78.02
72.28,0.14,0.0,97.88,97.67
0.0,12.02,0.0,28.88,31.53
0.0,9.07,107.42,114.0,78.36
3.45,0.0,0.0,0.0,131.03
74.46,46.81,77.58,60.91,79.81
156.47,73.72,75.69,55.51,65.61
94.39,93.94,71.44,53.91,45.04
24.9,56.95,47.79,47.67,47.4
172.6,68.76,25.35,44.01,54.71
56.25,40.87,66.02,61.61,43.7
0.0,69.18,85.2,49.72,78.81
9.72,59.16,95.98,79.93,68.12
7.34,66.98,96.81,57.96,51.46
0.0,103.03,118.3,12.97,51.99
0.0,100.19,156.82,15.23,62.61
0.0,30.6,0.0,0.0,88.12
33.5,9.64,93.91,54.0,56.99
227.29,7.87,0.0,0.0,131.05
0.0,0.0,0.0,42.45,219.15
0.0,79.92,39.98,37.72,57.76
0.0,83.89,62.03,17.7,43.29
50.0,64.69,58.21,29.52,13.15
233.86,0.0,162.16,404.01,199.87
0.0,0.0,45.05,751.75,0.0
0.0,0.0,89.56,311.51,0.0
0.0,112.68,487.0,0.0,0.0
87.18,169.98,19.99,212.4,96.63
111.11,297.4,118.9,0.0,143.13
128.8,116.16,87.79,31.91,40.78
0.0,103.98,25.99,22.68,62.83
118.96,194.34,0.0,152.07,102.9
119.48,66.06,89.03,65.11,87.99
269.03,253.6,133.78,140.11,88.41
0.0,27.92,26.12,53.08,40.19
59.65,119.29,75.14,68.71,65.14
168.31,80.29,40.18,64.1,62.62
228.08,116.01,73.39,80.67,46.85
23.14,54.35,80.39,62.55,72.21
29.81,51.0,78.89,76.19,78.74
18.23,54.2,91.25,72.7,78.86
165.69,130.47,4.47,51.35,87.36
375.99,275.09,0.0,122.25,0.0
179.91,63.24,252.95,264.84,340.47
0.0,0.0,112.11,0.0,0.0
143.72,451.84,30.91,0.0,96.45
0.0,12.77,77.63,0.0,39.68
152.63,267.97,109.78,122.66,94.86
222.67,176.59,48.47,61.07,39.45
188.89,109.84,107.01,63.04,84.91
0.0,127.9,67.49,66.6,106.19
88.48,71.16,94.37,79.36,75.75
42.73,108.36,89.92,56.52,54.31
293.78,0.0,0.0,0.72,43.53
92.48,0.0,71.42,0.0,32.65
0.0,0.0,52.67,30.47,0.0
228.72,160.82,0.0,108.15,13.81
0.0,45.19,276.13,183.19,0.0
153.53,159.11,184.17,110.19,84.5
114.4,209.17,117.96,101.47,73.29
270.23,118.67,72.86,86.99,56.92
13.38,63.73,40.47,39.4,57.75
98.92,84.79,39.07,22.71,44.88
