126.98334,2212.45,269.61667,385.01666,349.51663
2212.45,269.61667,385.01666,349.51663,1036.5166
269.61667,385.01666,349.51663,1036.5166,345.0
385.01666,349.51663,1036.5166,345.0,82.18333
349.51663,1036.5166,345.0,82.18333,2769.9333
1036.5166,345.0,82.18333,2769.9333,30.350002
345.0,82.18333,2769.9333,30.350002,69.566666
82.18333,2769.9333,30.350002,69.566666,2665.0334
2769.9333,30.350002,69.566666,2665.0334,277.73334
30.350002,69.566666,2665.0334,277.73334,50.37865
69.566666,2665.0334,277.73334,50.37865,37.15
2665.0334,277.73334,50.37865,37.15,532.917
277.73334,50.37865,37.15,532.917,311.06665
50.37865,37.15,532.917,311.06665,149.96666
37.15,532.917,311.06665,149.96666,1126.1167
532.917,311.06665,149.96666,1126.1167,133.76666
88.48334,1061.4333,41.81666,2049.4834,227.94998
1061.4333,41.81666,2049.4834,227.94998,177.2
41.81666,2049.4834,227.94998,177.2,80.8
2049.4834,227.94998,177.2,80.8,48.516663
227.94998,177.2,80.8,48.516663,184.51666
177.2,80.8,48.516663,184.51666,153.96666
80.8,48.516663,184.51666,153.96666,203.46666
48.516663,184.51666,153.96666,203.46666,328.48334
184.51666,153.96666,203.46666,328.48334,174.65
153.96666,203.46666,328.48334,174.65,71.88333
203.46666,328.48334,174.65,71.88333,220.23334
328.48334,174.65,71.88333,220.23334,834.1068
174.65,71.88333,220.23334,834.1068,2268.6667
71.88333,220.23334,834.1068,2268.6667,42.2036
205.36667,252.97903,75.74999,1477.8168,1980.3667
252.97903,75.74999,1477.8168,1980.3667,1372.1333
75.74999,1477.8168,1980.3667,1372.1333,508.68332
1477.8168,1980.3667,1372.1333,508.68332,166.21667
1980.3667,1372.1333,508.68332,166.21667,79.38333
1372.1333,508.68332,166.21667,79.38333,143.18333
508.68332,166.21667,79.38333,143.18333,72.98333
166.21667,79.38333,143.18333,72.98333,217.36667
79.38333,143.18333,72.98333,217.36667,91.56667
143.18333,72.98333,217.36667,91.56667,59.46667
72.98333,217.36667,91.56667,59.46667,532.2167
217.36667,91.56667,59.46667,532.2167,1318.5834
91.56667,59.46667,532.2167,1318.5834,121.30479
59.46667,532.2167,1318.5834,121.30479,128.91667
532.2167,1318.5834,121.30479,128.91667,419.9225
1318.5834,121.30479,128.91667,419.9225,204.86667
121.30479,128.91667,419.9225,204.86667,444.56668
128.91667,419.9225,204.86667,444.56668,225.81667
419.9225,204.86667,444.56668,225.81667,96.76667
204.86667,444.56668,225.81667,96.76667,891.75006
444.56668,225.81667,96.76667,891.75006,155.56667
225.81667,96.76667,891.75006,155.56667,123.79488
96.76667,891.75006,155.56667,123.79488,823.8167
891.75006,155.56667,123.79488,823.8167,181.50618
155.56667,123.79488,823.8167,181.50618,3162.9333
123.79488,823.8167,181.50618,3162.9333,897.43335
823.8167,181.50618,3162.9333,897.43335,42.183334
181.50618,3162.9333,897.43335,42.183334,47.25
3162.9333,897.43335,42.183334,47.25,76.649994
897.43335,42.183334,47.25,76.649994,129.48334
42.183334,47.25,76.649994,129.48334,143.25002
47.25,76.649994,129.48334,143.25002,1971.3334
206.68333,275.43332,2392.4333,309.69077,42.05
275.43332,2392.4333,309.69077,42.05,150.3
2392.4333,309.69077,42.05,150.3,65.98333
309.69077,42.05,150.3,65.98333,322.06418
42.05,150.3,65.98333,322.06418,122.26666
150.3,65.98333,322.06418,122.26666,220.73334
65.98333,322.06418,122.26666,220.73334,2311.05
322.06418,122.26666,220.73334,2311.05,40.716663
122.26666,220.73334,2311.05,40.716663,907.8667
220.73334,2311.05,40.716663,907.8667,1070.8773
2311.05,40.716663,907.8667,1070.8773,1062.4834
40.716663,907.8667,1070.8773,1062.4834,3633.4333
907.8667,1070.8773,1062.4834,3633.4333,3493.6501
1070.8773,1062.4834,3633.4333,3493.6501,1649.4
1062.4834,3633.4333,3493.6501,1649.4,30.533335
3633.4333,3493.6501,1649.4,30.533335,202.71666
3493.6501,1649.4,30.533335,202.71666,93.600006
1649.4,30.533335,202.71666,93.600006,113.8
30.533335,202.71666,93.600006,113.8,1234.1167
202.71666,93.600006,113.8,1234.1167,98.87006
93.600006,113.8,1234.1167,98.87006,173.95
113.8,1234.1167,98.87006,173.95,79.58333
1234.1167,98.87006,173.95,79.58333,208.9
98.87006,173.95,79.58333,208.9,97.933334
173.95,79.58333,208.9,97.933334,214.66666
79.58333,208.9,97.933334,214.66666,161.0
208.9,97.933334,214.66666,161.0,138.31667
97.933334,214.66666,161.0,138.31667,154.11665
214.66666,161.0,138.31667,154.11665,191.95
161.0,138.31667,154.11665,191.95,52.56666
138.31667,154.11665,191.95,52.56666,265.0
154.11665,191.95,52.56666,265.0,92.86667
191.95,52.56666,265.0,92.86667,184.83331
52.56666,265.0,92.86667,184.83331,34.83334
265.0,92.86667,184.83331,34.83334,250.93333
92.86667,184.83331,34.83334,250.93333,995.81665
184.83331,34.83334,250.93333,995.81665,160.95001
34.83334,250.93333,995.81665,160.95001,134.75002
250.93333,995.81665,160.95001,134.75002,2627.55
995.81665,160.95001,134.75002,2627.55,216.41666
160.95001,134.75002,2627.55,216.41666,133.73334
134.75002,2627.55,216.41666,133.73334,140.45001
2627.55,216.41666,133.73334,140.45001,196.01666
216.41666,133.73334,140.45001,196.01666,195.7
133.73334,140.45001,196.01666,195.7,79.18333
140.45001,196.01666,195.7,79.18333,329.71664
196.01666,195.7,79.18333,329.71664,132.73334
195.7,79.18333,329.71664,132.73334,98.3
79.18333,329.71664,132.73334,98.3,178.4
329.71664,132.73334,98.3,178.4,116.80001
225.23334,2233.25,439.21667,1.5765587e-06,329.21664
2233.25,439.21667,1.5765587e-06,329.21664,82.433334
439.21667,1.5765587e-06,329.21664,82.433334,148.28334
1.5765587e-06,329.21664,82.433334,148.28334,889.63336
329.21664,82.433334,148.28334,889.63336,142.90001
82.433334,148.28334,889.63336,142.90001,47.283333
148.28334,889.63336,142.90001,47.283333,40.116665
889.63336,142.90001,47.283333,40.116665,445.26666
142.90001,47.283333,40.116665,445.26666,1569.5333
47.283333,40.116665,445.26666,1569.5333,73.433334
40.116665,445.26666,1569.5333,73.433334,610.75
445.26666,1569.5333,73.433334,610.75,62.666668
1569.5333,73.433334,610.75,62.666668,69.83333
73.433334,610.75,62.666668,69.83333,145.20001
610.75,62.666668,69.83333,145.20001,91.21667
62.666668,69.83333,145.20001,91.21667,120.566666
69.83333,145.20001,91.21667,120.566666,870.9501
145.20001,91.21667,120.566666,870.9501,104.940254
91.21667,120.566666,870.9501,104.940254,2429.1333
120.566666,870.9501,104.940254,2429.1333,131.33334
870.9501,104.940254,2429.1333,131.33334,60.085403
104.940254,2429.1333,131.33334,60.085403,99.933334
2429.1333,131.33334,60.085403,99.933334,225.65
131.33334,60.085403,99.933334,225.65,171.75
60.085403,99.933334,225.65,171.75,105.43334
99.933334,225.65,171.75,105.43334,785.2001
225.65,171.75,105.43334,785.2001,703.1834
171.75,105.43334,785.2001,703.1834,71.61667
105.43334,785.2001,703.1834,71.61667,159.15001
785.2001,703.1834,71.61667,159.15001,93.31667
703.1834,71.61667,159.15001,93.31667,233.16666
71.61667,159.15001,93.31667,233.16666,32.425465
159.15001,93.31667,233.16666,32.425465,62.649998
93.31667,233.16666,32.425465,62.649998,83.86667
233.16666,32.425465,62.649998,83.86667,1319.0167
32.425465,62.649998,83.86667,1319.0167,127.933334
62.649998,83.86667,1319.0167,127.933334,199.18332
83.86667,1319.0167,127.933334,199.18332,320.36664
1319.0167,127.933334,199.18332,320.36664,153.43333
127.933334,199.18332,320.36664,153.43333,162.21667
199.18332,320.36664,153.43333,162.21667,113.316666
320.36664,153.43333,162.21667,113.316666,1066.5834
153.43333,162.21667,113.316666,1066.5834,708.60004
162.21667,113.316666,1066.5834,708.60004,67.58333
113.316666,1066.5834,708.60004,67.58333,65.74999
1066.5834,708.60004,67.58333,65.74999,388.56668
708.60004,67.58333,65.74999,388.56668,687.85004
67.58333,65.74999,388.56668,687.85004,53.51666
65.74999,388.56668,687.85004,53.51666,102.450005
388.56668,687.85004,53.51666,102.450005,220.4
687.85004,53.51666,102.450005,220.4,74.48333
53.51666,102.450005,220.4,74.48333,2744.0
102.450005,220.4,74.48333,2744.0,97.200005
220.4,74.48333,2744.0,97.200005,63.299995
74.48333,2744.0,97.200005,63.299995,128.81667
2744.0,97.200005,63.299995,128.81667,161.40001
97.200005,63.299995,128.81667,161.40001,103.83334
63.299995,128.81667,161.40001,103.83334,11.2
128.81667,161.40001,103.83334,11.2,88.64481
161.40001,103.83334,11.2,88.64481,101.25001
103.83334,11.2,88.64481,101.25001,161.36668
11.2,88.64481,101.25001,161.36668,130.26666
140.51666,166.38332,70.46667,332.41666,129.29774
166.38332,70.46667,332.41666,129.29774,953.83344
70.46667,332.41666,129.29774,953.83344,463.01666
332.41666,129.29774,953.83344,463.01666,4.750001
129.29774,953.83344,463.01666,4.750001,230.01666
953.83344,463.01666,4.750001,230.01666,69.38333
463.01666,4.750001,230.01666,69.38333,213.83333
4.750001,230.01666,69.38333,213.83333,84.29069
230.01666,69.38333,213.83333,84.29069,46.55
69.38333,213.83333,84.29069,46.55,230.26666
213.83333,84.29069,46.55,230.26666,2455.35
84.29069,46.55,230.26666,2455.35,339.44998
46.55,230.26666,2455.35,339.44998,100.3
230.26666,2455.35,339.44998,100.3,168.11667
2455.35,339.44998,100.3,168.11667,1217.9167
339.44998,100.3,168.11667,1217.9167,57.666668
100.3,168.11667,1217.9167,57.666668,594.048
168.11667,1217.9167,57.666668,594.048,80.450005
1217.9167,57.666668,594.048,80.450005,64.38333
57.666668,594.048,80.450005,64.38333,3445.6501
594.048,80.450005,64.38333,3445.6501,245.48334
80.450005,64.38333,3445.6501,245.48334,3857.3333
64.38333,3445.6501,245.48334,3857.3333,4134.2
3445.6501,245.48334,3857.3333,4134.2,99.23333
245.48334,3857.3333,4134.2,99.23333,1196.8334
3857.3333,4134.2,99.23333,1196.8334,219.33333
4134.2,99.23333,1196.8334,219.33333,221.7032
99.23333,1196.8334,219.33333,221.7032,1025.5667
1196.8334,219.33333,221.7032,1025.5667,96.84701
219.33333,221.7032,1025.5667,96.84701,158.79987
221.7032,1025.5667,96.84701,158.79987,6.7411437
1025.5667,96.84701,158.79987,6.7411437,136.28119
96.84701,158.79987,6.7411437,136.28119,230.68626
158.79987,6.7411437,136.28119,230.68626,35.300003
6.7411437,136.28119,230.68626,35.300003,1347.2168
136.28119,230.68626,35.300003,1347.2168,1112.6101
230.68626,35.300003,1347.2168,1112.6101,83.48334
35.300003,1347.2168,1112.6101,83.48334,93.31667
1347.2168,1112.6101,83.48334,93.31667,124.916664
1112.6101,83.48334,93.31667,124.916664,273.45
83.48334,93.31667,124.916664,273.45,46.483334
93.31667,124.916664,273.45,46.483334,100.78333
124.916664,273.45,46.483334,100.78333,158.28334
273.45,46.483334,100.78333,158.28334,102.50001
46.483334,100.78333,158.28334,102.50001,170.18332
100.78333,158.28334,102.50001,170.18332,227.31667
158.28334,102.50001,170.18332,227.31667,111.93334
102.50001,170.18332,227.31667,111.93334,305.01666
170.18332,227.31667,111.93334,305.01666,45.433334
227.31667,111.93334,305.01666,45.433334,1110.3667
111.93334,305.01666,45.433334,1110.3667,311.2155
305.01666,45.433334,1110.3667,311.2155,29.633335
45.433334,1110.3667,311.2155,29.633335,320.66666
1110.3667,311.2155,29.633335,320.66666,67.88333
311.2155,29.633335,320.66666,67.88333,45.74382
29.633335,320.66666,67.88333,45.74382,4510.083
320.66666,67.88333,45.74382,4510.083,255.83081
67.88333,45.74382,4510.083,255.83081,791.3354
45.74382,4510.083,255.83081,791.3354,3248.1233
4510.083,255.83081,791.3354,3248.1233,145.65129
255.83081,791.3354,3248.1233,145.65129,37.84528
791.3354,3248.1233,145.65129,37.84528,152.5912
3248.1233,145.65129,37.84528,152.5912,111.92843
145.65129,37.84528,152.5912,111.92843,65.01667
37.84528,152.5912,111.92843,65.01667,23.533335
152.5912,111.92843,65.01667,23.533335,128.81667
111.92843,65.01667,23.533335,128.81667,60.699997
65.01667,23.533335,128.81667,60.699997,453.39996
23.533335,128.81667,60.699997,453.39996,239.04999
128.81667,60.699997,453.39996,239.04999,197.45
60.699997,453.39996,239.04999,197.45,160.53674
453.39996,239.04999,197.45,160.53674,46.81854
239.04999,197.45,160.53674,46.81854,217.54697
197.45,160.53674,46.81854,217.54697,154.69522
160.53674,46.81854,217.54697,154.69522,213.15535
46.81854,217.54697,154.69522,213.15535,596.2322
217.54697,154.69522,213.15535,596.2322,41.910988
154.69522,213.15535,596.2322,41.910988,114.166664
213.15535,596.2322,41.910988,114.166664,20.866669
596.2322,41.910988,114.166664,20.866669,91.28333
41.910988,114.166664,20.866669,91.28333,86.450005
114.166664,20.866669,91.28333,86.450005,17.439285
20.866669,91.28333,86.450005,17.439285,37.461678
91.28333,86.450005,17.439285,37.461678,186.87079
86.450005,17.439285,37.461678,186.87079,4360.0166
17.439285,37.461678,186.87079,4360.0166,276.11664
37.461678,186.87079,4360.0166,276.11664,98.03418
186.87079,4360.0166,276.11664,98.03418,1142.7833
4360.0166,276.11664,98.03418,1142.7833,856.51666
276.11664,98.03418,1142.7833,856.51666,183.9
98.03418,1142.7833,856.51666,183.9,121.73334
1142.7833,856.51666,183.9,121.73334,147.78334
856.51666,183.9,121.73334,147.78334,1761.6666
1033.5166,807.60004,73.816666,89.98691,4038.5
807.60004,73.816666,89.98691,4038.5,119.379
73.816666,89.98691,4038.5,119.379,67.13638
89.98691,4038.5,119.379,67.13638,236.56667
4038.5,119.379,67.13638,236.56667,90.98333
119.379,67.13638,236.56667,90.98333,98.81653
67.13638,236.56667,90.98333,98.81653,136.76775
236.56667,90.98333,98.81653,136.76775,132.21423
90.98333,98.81653,136.76775,132.21423,44.231
98.81653,136.76775,132.21423,44.231,1429.4268
136.76775,132.21423,44.231,1429.4268,220.9401
132.21423,44.231,1429.4268,220.9401,160.59946
44.231,1429.4268,220.9401,160.59946,634.0881
1429.4268,220.9401,160.59946,634.0881,83.88357
220.9401,160.59946,634.0881,83.88357,35.012314
160.59946,634.0881,83.88357,35.012314,518.24036
634.0881,83.88357,35.012314,518.24036,69.682785
83.88357,35.012314,518.24036,69.682785,697.23676
35.012314,518.24036,69.682785,697.23676,411.68588
518.24036,69.682785,697.23676,411.68588,202.1383
69.682785,697.23676,411.68588,202.1383,2257.6
697.23676,411.68588,202.1383,2257.6,113.32648
411.68588,202.1383,2257.6,113.32648,136.10887
202.1383,2257.6,113.32648,136.10887,150.75002
2257.6,113.32648,136.10887,150.75002,109.65
113.32648,136.10887,150.75002,109.65,148.55
136.10887,150.75002,109.65,148.55,257.642
150.75002,109.65,148.55,257.642,1661.1333
109.65,148.55,257.642,1661.1333,316.26663
148.55,257.642,1661.1333,316.26663,97.333336
257.642,1661.1333,316.26663,97.333336,147.11667
1661.1333,316.26663,97.333336,147.11667,319.4
316.26663,97.333336,147.11667,319.4,99.8
97.333336,147.11667,319.4,99.8,143.25647
147.11667,319.4,99.8,143.25647,67.31984
319.4,99.8,143.25647,67.31984,52.26939
99.8,143.25647,67.31984,52.26939,124.9712
143.25647,67.31984,52.26939,124.9712,346.28552
67.31984,52.26939,124.9712,346.28552,92.68629
52.26939,124.9712,346.28552,92.68629,296.7579
124.9712,346.28552,92.68629,296.7579,642.08075
346.28552,92.68629,296.7579,642.08075,93.422485
92.68629,296.7579,642.08075,93.422485,232.51668
296.7579,642.08075,93.422485,232.51668,67.47421
642.08075,93.422485,232.51668,67.47421,295.34918
93.422485,232.51668,67.47421,295.34918,289.42313
232.51668,67.47421,295.34918,289.42313,525.41077
67.47421,295.34918,289.42313,525.41077,600.02856
295.34918,289.42313,525.41077,600.02856,37.78482
289.42313,525.41077,600.02856,37.78482,619.4877
525.41077,600.02856,37.78482,619.4877,305.5166
600.02856,37.78482,619.4877,305.5166,5221.4
37.78482,619.4877,305.5166,5221.4,42.017693
619.4877,305.5166,5221.4,42.017693,52.91028
305.5166,5221.4,42.017693,52.91028,79.46171
5221.4,42.017693,52.91028,79.46171,354.08258
42.017693,52.91028,79.46171,354.08258,235.56653
52.91028,79.46171,354.08258,235.56653,3599.1667
79.46171,354.08258,235.56653,3599.1667,1106.9255
354.08258,235.56653,3599.1667,1106.9255,162.73334
235.56653,3599.1667,1106.9255,162.73334,153.88333
3599.1667,1106.9255,162.73334,153.88333,27.642147
1106.9255,162.73334,153.88333,27.642147,549.3
162.73334,153.88333,27.642147,549.3,357.01663
153.88333,27.642147,549.3,357.01663,4.050001
27.642147,549.3,357.01663,4.050001,158.17047
549.3,357.01663,4.050001,158.17047,83.8925
357.01663,4.050001,158.17047,83.8925,99.145134
4.050001,158.17047,83.8925,99.145134,213.20183
158.17047,83.8925,99.145134,213.20183,447.16138
83.8925,99.145134,213.20183,447.16138,2164.9417
99.145134,213.20183,447.16138,2164.9417,461.6629
213.20183,447.16138,2164.9417,461.6629,51.31666
447.16138,2164.9417,461.6629,51.31666,509.4833
2164.9417,461.6629,51.31666,509.4833,4054.8333
461.6629,51.31666,509.4833,4054.8333,107.950005
51.31666,509.4833,4054.8333,107.950005,20.283335
509.4833,4054.8333,107.950005,20.283335,177.73332
4054.8333,107.950005,20.283335,177.73332,109.066666
107.950005,20.283335,177.73332,109.066666,426.08386
20.283335,177.73332,109.066666,426.08386,500.21667
177.73332,109.066666,426.08386,500.21667,44.266663
109.066666,426.08386,500.21667,44.266663,2977.6348
426.08386,500.21667,44.266663,2977.6348,87.654465
500.21667,44.266663,2977.6348,87.654465,305.4171
44.266663,2977.6348,87.654465,305.4171,30.250298
2977.6348,87.654465,305.4171,30.250298,155.28818
87.654465,305.4171,30.250298,155.28818,258.75
305.4171,30.250298,155.28818,258.75,560.6666
30.250298,155.28818,258.75,560.6666,223.6819
155.28818,258.75,560.6666,223.6819,74.093834
258.75,560.6666,223.6819,74.093834,153.31348
560.6666,223.6819,74.093834,153.31348,238.16373
223.6819,74.093834,153.31348,238.16373,1235.7087
74.093834,153.31348,238.16373,1235.7087,119.53334
153.31348,238.16373,1235.7087,119.53334,232.63333
238.16373,1235.7087,119.53334,232.63333,54.433334
1235.7087,119.53334,232.63333,54.433334,1096.9501
119.53334,232.63333,54.433334,1096.9501,40.278564
232.63333,54.433334,1096.9501,40.278564,233.78333
54.433334,1096.9501,40.278564,233.78333,109.93334
1096.9501,40.278564,233.78333,109.93334,280.45
40.278564,233.78333,109.93334,280.45,145.01666
233.78333,109.93334,280.45,145.01666,356.84998
109.93334,280.45,145.01666,356.84998,248.14998
280.45,145.01666,356.84998,248.14998,283.45
145.01666,356.84998,248.14998,283.45,1127.6334
356.84998,248.14998,283.45,1127.6334,160.73334
248.14998,283.45,1127.6334,160.73334,113.61667
283.45,1127.6334,160.73334,113.61667,116.588
1127.6334,160.73334,113.61667,116.588,148.74422
160.73334,113.61667,116.588,148.74422,364.00186
113.61667,116.588,148.74422,364.00186,46.662537
116.588,148.74422,364.00186,46.662537,73.86374
148.74422,364.00186,46.662537,73.86374,53.710278
364.00186,46.662537,73.86374,53.710278,384.8156
46.662537,73.86374,53.710278,384.8156,1075.5289
73.86374,53.710278,384.8156,1075.5289,198.84692
53.710278,384.8156,1075.5289,198.84692,114.945755
384.8156,1075.5289,198.84692,114.945755,5221.4
1075.5289,198.84692,114.945755,5221.4,192.43437
198.84692,114.945755,5221.4,192.43437,268.2054
114.945755,5221.4,192.43437,268.2054,50.033333
5221.4,192.43437,268.2054,50.033333,181.61667
192.43437,268.2054,50.033333,181.61667,16.53333
268.2054,50.033333,181.61667,16.53333,2186.2834
50.033333,181.61667,16.53333,2186.2834,118.039116
181.61667,16.53333,2186.2834,118.039116,270.32654
16.53333,2186.2834,118.039116,270.32654,32.18333
229.50313,150.64905,177.58826,147.08333,313.76666
150.64905,177.58826,147.08333,313.76666,366.25153
177.58826,147.08333,313.76666,366.25153,483.23477
147.08333,313.76666,366.25153,483.23477,236.94998
313.76666,366.25153,483.23477,236.94998,179.2
366.25153,483.23477,236.94998,179.2,46.775616
483.23477,236.94998,179.2,46.775616,274.93243
236.94998,179.2,46.775616,274.93243,232.23204
179.2,46.775616,274.93243,232.23204,4039.0835
46.775616,274.93243,232.23204,4039.0835,264.5
274.93243,232.23204,4039.0835,264.5,182.01666
232.23204,4039.0835,264.5,182.01666,115.38334
4039.0835,264.5,182.01666,115.38334,238.66666
264.5,182.01666,115.38334,238.66666,571.95
182.01666,115.38334,238.66666,571.95,138.93333
115.38334,238.66666,571.95,138.93333,148.46666
238.66666,571.95,138.93333,148.46666,202.29999
571.95,138.93333,148.46666,202.29999,503.1333
138.93333,148.46666,202.29999,503.1333,114.316666
148.46666,202.29999,503.1333,114.316666,83.850006
202.29999,503.1333,114.316666,83.850006,197.54369
503.1333,114.316666,83.850006,197.54369,2356.1667
114.316666,83.850006,197.54369,2356.1667,2374.1423
83.850006,197.54369,2356.1667,2374.1423,199.16667
197.54369,2356.1667,2374.1423,199.16667,53.41026
2356.1667,2374.1423,199.16667,53.41026,104.66667
2374.1423,199.16667,53.41026,104.66667,307.41666
199.16667,53.41026,104.66667,307.41666,207.83334
53.41026,104.66667,307.41666,207.83334,105.03334
104.66667,307.41666,207.83334,105.03334,496.85
307.41666,207.83334,105.03334,496.85,51.214382
207.83334,105.03334,496.85,51.214382,1670.3
105.03334,496.85,51.214382,1670.3,36.405804
496.85,51.214382,1670.3,36.405804,339.49957
51.214382,1670.3,36.405804,339.49957,145.21199
1670.3,36.405804,339.49957,145.21199,187.56667
36.405804,339.49957,145.21199,187.56667,4019.4255
339.49957,145.21199,187.56667,4019.4255,369.8922
145.21199,187.56667,4019.4255,369.8922,144.47118
187.56667,4019.4255,369.8922,144.47118,90.44103
4019.4255,369.8922,144.47118,90.44103,44.925785
369.8922,144.47118,90.44103,44.925785,329.96774
144.47118,90.44103,44.925785,329.96774,197.29507
90.44103,44.925785,329.96774,197.29507,115.471085
44.925785,329.96774,197.29507,115.471085,363.05865
329.96774,197.29507,115.471085,363.05865,62.97165
197.29507,115.471085,363.05865,62.97165,36.582405
115.471085,363.05865,62.97165,36.582405,142.42076
363.05865,62.97165,36.582405,142.42076,704.8443
62.97165,36.582405,142.42076,704.8443,57.345127
36.582405,142.42076,704.8443,57.345127,446.59274
142.42076,704.8443,57.345127,446.59274,204.00441
704.8443,57.345127,446.59274,204.00441,1387.115
57.345127,446.59274,204.00441,1387.115,94.34683
446.59274,204.00441,1387.115,94.34683,168.26392
204.00441,1387.115,94.34683,168.26392,57.066395
1387.115,94.34683,168.26392,57.066395,42.351894
94.34683,168.26392,57.066395,42.351894,504.02667
168.26392,57.066395,42.351894,504.02667,110.06924
57.066395,42.351894,504.02667,110.06924,4361.1665
42.351894,504.02667,110.06924,4361.1665,140.1806
504.02667,110.06924,4361.1665,140.1806,387.6629
110.06924,4361.1665,140.1806,387.6629,324.24905
4361.1665,140.1806,387.6629,324.24905,407.4
140.1806,387.6629,324.24905,407.4,146.51666
387.6629,324.24905,407.4,146.51666,110.96667
324.24905,407.4,146.51666,110.96667,106.28334
407.4,146.51666,110.96667,106.28334,2224.5334
146.51666,110.96667,106.28334,2224.5334,61.629875
110.96667,106.28334,2224.5334,61.629875,184.78333
106.28334,2224.5334,61.629875,184.78333,717.58734
2224.5334,61.629875,184.78333,717.58734,1610.95
61.629875,184.78333,717.58734,1610.95,178.28333
184.78333,717.58734,1610.95,178.28333,11.599999
717.58734,1610.95,178.28333,11.599999,178.76666
1610.95,178.28333,11.599999,178.76666,198.48012
178.28333,11.599999,178.76666,198.48012,1003.0
11.599999,178.76666,198.48012,1003.0,206.36305
178.76666,198.48012,1003.0,206.36305,82.06594
198.48012,1003.0,206.36305,82.06594,173.68771
1003.0,206.36305,82.06594,173.68771,325.99036
206.36305,82.06594,173.68771,325.99036,152.03334
82.06594,173.68771,325.99036,152.03334,203.96666
173.68771,325.99036,152.03334,203.96666,111.51667
325.99036,152.03334,203.96666,111.51667,263.95
152.03334,203.96666,111.51667,263.95,1189.1001
203.96666,111.51667,263.95,1189.1001,150.21336
111.51667,263.95,1189.1001,150.21336,426.32013
263.95,1189.1001,150.21336,426.32013,161.71346
1189.1001,150.21336,426.32013,161.71346,345.46323
150.21336,426.32013,161.71346,345.46323,300.28696
426.32013,161.71346,345.46323,300.28696,80.40694
161.71346,345.46323,300.28696,80.40694,105.87703
345.46323,300.28696,80.40694,105.87703,289.5584
300.28696,80.40694,105.87703,289.5584,47.51301
80.40694,105.87703,289.5584,47.51301,154.04881
105.87703,289.5584,47.51301,154.04881,111.713356
289.5584,47.51301,154.04881,111.713356,196.4403
47.51301,154.04881,111.713356,196.4403,57.3796
154.04881,111.713356,196.4403,57.3796,320.1492
111.713356,196.4403,57.3796,320.1492,104.672615
196.4403,57.3796,320.1492,104.672615,450.10715
57.3796,320.1492,104.672615,450.10715,74.588936
320.1492,104.672615,450.10715,74.588936,346.87933
104.672615,450.10715,74.588936,346.87933,195.21707
450.10715,74.588936,346.87933,195.21707,97.716515
74.588936,346.87933,195.21707,97.716515,212.29466
346.87933,195.21707,97.716515,212.29466,-2.253322
195.21707,97.716515,212.29466,-2.253322,116.38179
97.716515,212.29466,-2.253322,116.38179,74.33678
212.29466,-2.253322,116.38179,74.33678,1864.2428
-2.253322,116.38179,74.33678,1864.2428,238.89221
116.38179,74.33678,1864.2428,238.89221,82.93031
74.33678,1864.2428,238.89221,82.93031,159.48741
1864.2428,238.89221,82.93031,159.48741,73.67296
238.89221,82.93031,159.48741,73.67296,83.36071
82.93031,159.48741,73.67296,83.36071,5221.4
159.48741,73.67296,83.36071,5221.4,231.61063
73.67296,83.36071,5221.4,231.61063,332.44473
83.36071,5221.4,231.61063,332.44473,173.17578
5221.4,231.61063,332.44473,173.17578,45.71346
231.61063,332.44473,173.17578,45.71346,162.449
332.44473,173.17578,45.71346,162.449,1134.5013
173.17578,45.71346,162.449,1134.5013,437.9585
45.71346,162.449,1134.5013,437.9585,49.818577
162.449,1134.5013,437.9585,49.818577,6.914293
1134.5013,437.9585,49.818577,6.914293,201.14014
437.9585,49.818577,6.914293,201.14014,190.26775
49.818577,6.914293,201.14014,190.26775,127.3204
6.914293,201.14014,190.26775,127.3204,423.976
201.14014,190.26775,127.3204,423.976,169.516
190.26775,127.3204,423.976,169.516,141.87105
127.3204,423.976,169.516,141.87105,550.97595
423.976,169.516,141.87105,550.97595,4366.608
169.516,141.87105,550.97595,4366.608,33.054874
141.87105,550.97595,4366.608,33.054874,136.73856
550.97595,4366.608,33.054874,136.73856,108.66296
4366.608,33.054874,136.73856,108.66296,377.1897
33.054874,136.73856,108.66296,377.1897,2028.5159
136.73856,108.66296,377.1897,2028.5159,138.42325
108.66296,377.1897,2028.5159,138.42325,777.3814
377.1897,2028.5159,138.42325,777.3814,482.73434
2028.5159,138.42325,777.3814,482.73434,204.69777
138.42325,777.3814,482.73434,204.69777,595.66986
777.3814,482.73434,204.69777,595.66986,111.76197
482.73434,204.69777,595.66986,111.76197,108.56364
204.69777,595.66986,111.76197,108.56364,476.04886
595.66986,111.76197,108.56364,476.04886,9.715132
111.76197,108.56364,476.04886,9.715132,208.96198
108.56364,476.04886,9.715132,208.96198,57.223545
476.04886,9.715132,208.96198,57.223545,139.5181
9.715132,208.96198,57.223545,139.5181,213.14668
208.96198,57.223545,139.5181,213.14668,94.64831
57.223545,139.5181,213.14668,94.64831,161.82831
139.5181,213.14668,94.64831,161.82831,519.3409
213.14668,94.64831,161.82831,519.3409,417.65875
94.64831,161.82831,519.3409,417.65875,82.489876
161.82831,519.3409,417.65875,82.489876,495.53333
519.3409,417.65875,82.489876,495.53333,53.29547
417.65875,82.489876,495.53333,53.29547,1030.1334
82.489876,495.53333,53.29547,1030.1334,54.411045
495.53333,53.29547,1030.1334,54.411045,3059.0667
53.29547,1030.1334,54.411045,3059.0667,421.88333
1030.1334,54.411045,3059.0667,421.88333,78.68333
54.411045,3059.0667,421.88333,78.68333,1351.5833
3059.0667,421.88333,78.68333,1351.5833,2698.0
421.88333,78.68333,1351.5833,2698.0,29.791235
78.68333,1351.5833,2698.0,29.791235,117.93096
1351.5833,2698.0,29.791235,117.93096,52.41666
2698.0,29.791235,117.93096,52.41666,1551.4667
29.791235,117.93096,52.41666,1551.4667,534.2833
117.93096,52.41666,1551.4667,534.2833,77.166664
52.41666,1551.4667,534.2833,77.166664,221.71736
1551.4667,534.2833,77.166664,221.71736,181.35367
534.2833,77.166664,221.71736,181.35367,3619.8499
77.166664,221.71736,181.35367,3619.8499,172.0906
221.71736,181.35367,3619.8499,172.0906,433.05362
181.35367,3619.8499,172.0906,433.05362,701.07294
3619.8499,172.0906,433.05362,701.07294,42.07607
172.0906,433.05362,701.07294,42.07607,1616.9417
433.05362,701.07294,42.07607,1616.9417,1276.7999
701.07294,42.07607,1616.9417,1276.7999,343.36856
42.07607,1616.9417,1276.7999,343.36856,304.94998
1616.9417,1276.7999,343.36856,304.94998,312.19998
1276.7999,343.36856,304.94998,312.19998,695.944
343.36856,304.94998,312.19998,695.944,1104.0696
304.94998,312.19998,695.944,1104.0696,363.63254
312.19998,695.944,1104.0696,363.63254,56.929485
695.944,1104.0696,363.63254,56.929485,182.12326
1104.0696,363.63254,56.929485,182.12326,97.06868
363.63254,56.929485,182.12326,97.06868,82.084656
56.929485,182.12326,97.06868,82.084656,19.572641
182.12326,97.06868,82.084656,19.572641,132.34286
97.06868,82.084656,19.572641,132.34286,431.3173
82.084656,19.572641,132.34286,431.3173,5221.4
19.572641,132.34286,431.3173,5221.4,266.28333
132.34286,431.3173,5221.4,266.28333,289.69244
431.3173,5221.4,266.28333,289.69244,151.8
5221.4,266.28333,289.69244,151.8,37.03334
266.28333,289.69244,151.8,37.03334,32.966667
289.69244,151.8,37.03334,32.966667,1852.5668
151.8,37.03334,32.966667,1852.5668,175.95547
37.03334,32.966667,1852.5668,175.95547,577.4
32.966667,1852.5668,175.95547,577.4,107.71667
1852.5668,175.95547,577.4,107.71667,144.21666
175.95547,577.4,107.71667,144.21666,175.91667
