697.0,677.19,673.98,673.49,673.42,673.41,673.41,673.41,673.41,673.41
697.0,677.19,673.98,673.49,673.42,673.41,673.41,673.41,673.41,673.41
697.0,677.19,673.98,673.49,673.42,673.41,673.41,673.41,673.41,673.41
697.0,677.19,673.98,673.49,673.42,673.41,673.41,673.41,673.41,673.41
697.0,677.19,673.98,673.49,673.42,673.41,673.41,673.41,673.41,673.41
697.0,677.19,673.98,673.49,673.42,673.41,673.41,673.41,673.41,673.41
697.0,677.19,673.98,673.49,673.42,673.41,673.41,673.41,673.41,673.41
697.0,677.19,673.98,673.49,673.42,673.41,673.41,673.41,673.41,673.41
697.0,677.19,673.98,673.49,673.42,673.41,673.41,673.41,673.41,673.41
697.0,677.19,673.98,673.49,673.42,673.41,673.41,673.41,673.41,673.41
697.0,677.19,673.98,673.49,673.42,673.41,673.41,673.41,673.41,673.41
697.0,677.19,673.98,673.49,673.42,673.41,673.41,673.41,673.41,673.41
697.0,677.19,673.98,673.49,673.42,673.41,673.41,673.41,673.41,673.41
697.0,677.19,673.98,673.49,673.42,673.41,673.41,673.41,673.41,673.41
697.0,677.19,673.98,673.49,673.42,673.41,673.41,673.41,673.41,673.41
697.0,677.19,673.98,673.49,673.42,673.41,673.41,673.41,673.41,673.41
697.0,677.19,673.98,673.49,673.42,673.41,673.41,673.41,673.41,673.41
549.87,677.19,673.98,673.49,673.42,673.41,673.41,673.41,673.41,673.41
697.0,677.19,673.98,673.49,673.42,673.41,673.41,673.41,673.41,673.41
697.0,677.19,673.98,673.49,673.42,673.41,673.41,673.41,673.41,673.41
697.0,677.19,673.98,673.49,673.42,673.41,673.41,673.41,673.41,673.41
549.87,677.19,673.98,673.49,673.42,673.41,673.41,673.41,673.41,673.41
697.0,677.19,673.98,673.49,673.42,673.41,673.41,673.41,673.41,673.41
697.0,677.19,673.98,673.49,673.42,673.41,673.41,673.41,673.41,673.41
697.0,677.19,673.98,673.49,673.42,673.41,673.41,673.41,673.41,673.41
697.0,677.19,673.98,673.49,673.42,673.41,673.41,673.41,673.41,673.41
549.16,677.19,673.98,673.49,673.42,673.41,673.41,673.41,673.41,673.41
697.0,677.19,673.98,673.49,673.42,673.41,673.41,673.41,673.41,673.41
549.87,677.19,673.98,673.49,673.42,673.41,673.41,673.41,673.41,673.41
697.0,677.19,673.98,673.49,673.42,673.41,673.41,673.41,673.41,673.41
697.0,677.19,673.98,673.49,673.42,673.41,673.41,673.41,673.41,673.41
697.0,677.19,673.98,673.49,673.42,673.41,673.41,673.41,673.41,673.41
697.0,677.19,673.98,673.49,673.42,673.41,673.41,673.41,673.41,673.41
697.0,677.19,673.98,673.49,673.42,673.41,673.41,673.41,673.41,673.41
697.0,677.19,673.98,673.49,673.42,673.41,673.41,673.41,673.41,673.41
697.0,677.19,673.98,673.49,673.42,673.41,673.41,673.41,673.41,673.41
697.0,677.19,673.98,673.49,673.42,673.41,673.41,673.41,673.41,673.41
697.0,677.19,673.98,673.49,673.42,673.41,673.41,673.41,673.41,673.41
697.0,677.19,673.98,673.49,673.42,673.41,673.41,673.41,673.41,673.41
308.37,677.22,673.99,673.49,673.42,673.41,673.41,673.41,673.41,673.41
305.66,677.19,673.98,673.49,673.42,673.41,673.41,673.41,673.41,673.41
603.7,677.19,673.98,673.49,673.42,673.41,673.41,673.41,673.41,673.41
682.92,677.19,673.98,673.49,673.42,673.41,673.41,673.41,673.41,673.41
695.06,677.19,673.98,673.49,673.42,673.41,673.41,673.41,673.41,673.41
696.74,677.19,673.98,673.49,673.42,673.41,673.41,673.41,673.41,673.41
696.96,677.19,673.98,673.49,673.42,673.41,673.41,673.41,673.41,673.41
696.99,677.19,673.98,673.49,673.42,673.41,673.41,673.41,673.41,673.41
697.0,677.19,673.98,673.49,673.42,673.41,673.41,673.41,673.41,673.41
697.0,677.19,673.98,673.49,673.42,673.41,673.41,673.41,673.41,673.41
697.0,677.19,673.98,673.49,673.42,673.41,673.41,673.41,673.41,673.41
697.0,677.19,673.98,673.49,673.42,673.41,673.41,673.41,673.41,673.41
570.63,677.19,673.98,673.49,673.42,673.41,673.41,673.41,673.41,673.41
697.0,677.19,673.98,673.49,673.42,673.41,673.41,673.41,673.41,673.41
549.87,677.19,673.98,673.49,673.42,673.41,673.41,673.41,673.41,673.41
697.0,677.19,673.98,673.49,673.42,673.41,673.41,673.41,673.41,673.41
697.0,677.19,673.98,673.49,673.42,673.41,673.41,673.41,673.41,673.41
697.0,677.19,673.98,673.49,673.42,673.41,673.41,673.41,673.41,673.41
574.82,677.19,673.98,673.49,673.42,673.41,673.41,673.41,673.41,673.41
697.0,677.19,673.98,673.49,673.42,673.41,673.41,673.41,673.41,673.41
697.0,677.19,673.98,673.49,673.42,673.41,673.41,673.41,673.41,673.41
697.0,677.19,673.98,673.49,673.42,673.41,673.41,673.41,673.41,673.41
697.0,677.19,673.98,673.49,673.42,673.41,673.41,673.41,673.41,673.41
697.0,677.19,673.98,673.49,673.42,673.41,673.41,673.41,673.41,673.41
697.0,677.19,673.98,673.49,673.42,673.41,673.41,673.41,673.41,673.41
697.0,677.19,673.98,673.49,673.42,673.41,673.41,673.41,673.41,673.41
697.0,677.19,673.98,673.49,673.42,673.41,673.41,673.41,673.41,673.41
697.0,677.19,673.98,673.49,673.42,673.41,673.41,673.41,673.41,673.41
549.87,677.19,673.98,673.49,673.42,673.41,673.41,673.41,673.41,673.41
697.0,677.19,673.98,673.49,673.42,673.41,673.41,673.41,673.41,673.41
549.87,677.19,673.98,673.49,673.42,673.41,673.41,673.41,673.41,673.41
697.0,677.19,673.98,673.49,673.42,673.41,673.41,673.41,673.41,673.41
697.0,677.19,673.98,673.49,673.42,673.41,673.41,673.41,673.41,673.41
697.0,677.19,673.98,673.49,673.42,673.41,673.41,673.41,673.41,673.41
697.0,677.19,673.98,673.49,673.42,673.41,673.41,673.41,673.41,673.41
697.0,677.19,673.98,673.49,673.42,673.41,673.41,673.41,673.41,673.41
697.0,677.19,673.98,673.49,673.42,673.41,673.41,673.41,673.41,673.41
697.0,677.19,673.98,673.49,673.42,673.41,673.41,673.41,673.41,673.41
697.0,677.19,673.98,673.49,673.42,673.41,673.41,673.41,673.41,673.41
697.0,677.19,673.98,673.49,673.42,673.41,673.41,673.41,673.41,673.41
697.0,677.19,673.98,673.49,673.42,673.41,673.41,673.41,673.41,673.41
697.0,677.19,673.98,673.49,673.42,673.41,673.41,673.41,673.41,673.41
697.0,677.19,673.98,673.49,673.42,673.41,673.41,673.41,673.41,673.41
550.95,677.19,673.98,673.49,673.42,673.41,673.41,673.41,673.41,673.41
697.0,677.19,673.98,673.49,673.42,673.41,673.41,673.41,673.41,673.41
697.0,677.19,673.98,673.49,673.42,673.41,673.41,673.41,673.41,673.41
697.0,677.19,673.98,673.49,673.42,673.41,673.41,673.41,673.41,673.41
697.0,677.19,673.98,673.49,673.42,673.41,673.41,673.41,673.41,673.41
697.0,677.19,673.98,673.49,673.42,673.41,673.41,673.41,673.41,673.41
697.0,677.19,673.98,673.49,673.42,673.41,673.41,673.41,673.41,673.41
697.0,677.19,673.98,673.49,673.42,673.41,673.41,673.41,673.41,673.41
697.0,677.19,673.98,673.49,673.42,673.41,673.41,673.41,673.41,673.41
697.0,677.19,673.98,673.49,673.42,673.41,673.41,673.41,673.41,673.41
697.0,677.19,673.98,673.49,673.42,673.41,673.41,673.41,673.41,673.41
549.87,677.19,673.98,673.49,673.42,673.41,673.41,673.41,673.41,673.41
697.0,677.19,673.98,673.49,673.42,673.41,673.41,673.41,673.41,673.41
697.0,677.19,673.98,673.49,673.42,673.41,673.41,673.41,673.41,673.41
549.87,677.19,673.98,673.49,673.42,673.41,673.41,673.41,673.41,673.41
549.87,677.19,673.98,673.49,673.42,673.41,673.41,673.41,673.41,673.41
549.87,677.19,673.98,673.49,673.42,673.41,673.41,673.41,673.41,673.41
697.0,677.19,673.98,673.49,673.42,673.41,673.41,673.41,673.41,673.41
549.87,677.19,673.98,673.49,673.42,673.41,673.41,673.41,673.41,673.41
697.0,677.19,673.98,673.49,673.42,673.41,673.41,673.41,673.41,673.41
697.0,677.19,673.98,673.49,673.42,673.41,673.41,673.41,673.41,673.41
697.0,677.19,673.98,673.49,673.42,673.41,673.41,673.41,673.41,673.41
697.0,677.19,673.98,673.49,673.42,673.41,673.41,673.41,673.41,673.41
697.0,677.19,673.98,673.49,673.42,673.41,673.41,673.41,673.41,673.41
550.95,677.19,673.98,673.49,673.42,673.41,673.41,673.41,673.41,673.41
697.0,677.19,673.98,673.49,673.42,673.41,673.41,673.41,673.41,673.41
697.0,677.19,673.98,673.49,673.42,673.41,673.41,673.41,673.41,673.41
697.0,677.19,673.98,673.49,673.42,673.41,673.41,673.41,673.41,673.41
697.0,677.19,673.98,673.49,673.42,673.41,673.41,673.41,673.41,673.41
697.0,677.19,673.98,673.49,673.42,673.41,673.41,673.41,673.41,673.41
697.0,677.19,673.98,673.49,673.42,673.41,673.41,673.41,673.41,673.41
697.0,677.19,673.98,673.49,673.42,673.41,673.41,673.41,673.41,673.41
697.0,677.19,673.98,673.49,673.42,673.41,673.41,673.41,673.41,673.41
697.0,677.19,673.98,673.49,673.42,673.41,673.41,673.41,673.41,673.41
549.87,677.19,673.98,673.49,673.42,673.41,673.41,673.41,673.41,673.41
697.0,677.19,673.98,673.49,673.42,673.41,673.41,673.41,673.41,673.41
697.0,677.19,673.98,673.49,673.42,673.41,673.41,673.41,673.41,673.41
697.0,677.19,673.98,673.49,673.42,673.41,673.41,673.41,673.41,673.41
697.0,677.19,673.98,673.49,673.42,673.41,673.41,673.41,673.41,673.41
697.0,677.19,673.98,673.49,673.42,673.41,673.41,673.41,673.41,673.41
696.92,677.19,673.98,673.49,673.42,673.41,673.41,673.41,673.41,673.41
697.0,677.19,673.98,673.49,673.42,673.41,673.41,673.41,673.41,673.41
697.0,677.19,673.98,673.49,673.42,673.41,673.41,673.41,673.41,673.41
697.0,677.19,673.98,673.49,673.42,673.41,673.41,673.41,673.41,673.41
697.0,677.19,673.98,673.49,673.42,673.41,673.41,673.41,673.41,673.41
697.0,677.19,673.98,673.49,673.42,673.41,673.41,673.41,673.41,673.41
697.0,677.19,673.98,673.49,673.42,673.41,673.41,673.41,673.41,673.41
697.0,677.19,673.98,673.49,673.42,673.41,673.41,673.41,673.41,673.41
697.0,677.19,673.98,673.49,673.42,673.41,673.41,673.41,673.41,673.41
697.0,677.19,673.98,673.49,673.42,673.41,673.41,673.41,673.41,673.41
697.0,677.19,673.98,673.49,673.42,673.41,673.41,673.41,673.41,673.41
697.0,677.19,673.98,673.49,673.42,673.41,673.41,673.41,673.41,673.41
697.0,677.19,673.98,673.49,673.42,673.41,673.41,673.41,673.41,673.41
697.0,677.19,673.98,673.49,673.42,673.41,673.41,673.41,673.41,673.41
697.0,677.19,673.98,673.49,673.42,673.41,673.41,673.41,673.41,673.41
697.0,677.19,673.98,673.49,673.42,673.41,673.41,673.41,673.41,673.41
697.0,677.19,673.98,673.49,673.42,673.41,673.41,673.41,673.41,673.41
697.0,677.19,673.98,673.49,673.42,673.41,673.41,673.41,673.41,673.41
697.0,677.19,673.98,673.49,673.42,673.41,673.41,673.41,673.41,673.41
697.0,677.19,673.98,673.49,673.42,673.41,673.41,673.41,673.41,673.41
549.87,677.19,673.98,673.49,673.42,673.41,673.41,673.41,673.41,673.41
697.0,677.19,673.98,673.49,673.42,673.41,673.41,673.41,673.41,673.41
697.0,677.19,673.98,673.49,673.42,673.41,673.41,673.41,673.41,673.41
549.87,677.19,673.98,673.49,673.42,673.41,673.41,673.41,673.41,673.41
697.0,677.19,673.98,673.49,673.42,673.41,673.41,673.41,673.41,673.41
697.0,677.19,673.98,673.49,673.42,673.41,673.41,673.41,673.41,673.41
53.0,386.16,677.19,673.98,673.49,673.42,673.41,673.41,673.41,673.41
696.99,677.19,673.98,673.49,673.42,673.41,673.41,673.41,673.41,673.41
549.87,677.19,673.98,673.49,673.42,673.41,673.41,673.41,673.41,673.41
549.87,677.19,673.98,673.49,673.42,673.41,673.41,673.41,673.41,673.41
697.0,677.19,673.98,673.49,673.42,673.41,673.41,673.41,673.41,673.41
697.0,677.19,673.98,673.49,673.42,673.41,673.41,673.41,673.41,673.41
697.0,677.19,673.98,673.49,673.42,673.41,673.41,673.41,673.41,673.41
697.0,677.19,673.98,673.49,673.42,673.41,673.41,673.41,673.41,673.41
697.0,677.19,673.98,673.49,673.42,673.41,673.41,673.41,673.41,673.41
697.0,677.19,673.98,673.49,673.42,673.41,673.41,673.41,673.41,673.41
697.0,677.19,673.98,673.49,673.42,673.41,673.41,673.41,673.41,673.41
697.0,677.19,673.98,673.49,673.42,673.41,673.41,673.41,673.41,673.41
697.0,677.19,673.98,673.49,673.42,673.41,673.41,673.41,673.41,673.41
697.0,677.19,673.98,673.49,673.42,673.41,673.41,673.41,673.41,673.41
697.0,677.19,673.98,673.49,673.42,673.41,673.41,673.41,673.41,673.41
697.0,677.19,673.98,673.49,673.42,673.41,673.41,673.41,673.41,673.41
695.2,677.19,673.98,673.49,673.42,673.41,673.41,673.41,673.41,673.41
697.0,677.19,673.98,673.49,673.42,673.41,673.41,673.41,673.41,673.41
697.0,677.19,673.98,673.49,673.42,673.41,673.41,673.41,673.41,673.41
697.0,677.19,673.98,673.49,673.42,673.41,673.41,673.41,673.41,673.41
697.0,677.19,673.98,673.49,673.42,673.41,673.41,673.41,673.41,673.41
697.0,677.19,673.98,673.49,673.42,673.41,673.41,673.41,673.41,673.41
697.0,677.19,673.98,673.49,673.42,673.41,673.41,673.41,673.41,673.41
697.0,677.19,673.98,673.49,673.42,673.41,673.41,673.41,673.41,673.41
697.0,677.19,673.98,673.49,673.42,673.41,673.41,673.41,673.41,673.41
697.0,677.19,673.98,673.49,673.42,673.41,673.41,673.41,673.41,673.41
697.0,677.19,673.98,673.49,673.42,673.41,673.41,673.41,673.41,673.41
697.0,677.19,673.98,673.49,673.42,673.41,673.41,673.41,673.41,673.41
697.0,677.19,673.98,673.49,673.42,673.41,673.41,673.41,673.41,673.41
697.0,677.19,673.98,673.49,673.42,673.41,673.41,673.41,673.41,673.41
697.0,677.19,673.98,673.49,673.42,673.41,673.41,673.41,673.41,673.41
697.0,677.19,673.98,673.49,673.42,673.41,673.41,673.41,673.41,673.41
574.83,677.19,673.98,673.49,673.42,673.41,673.41,673.41,673.41,673.41
697.0,677.19,673.98,673.49,673.42,673.41,673.41,673.41,673.41,673.41
697.0,677.19,673.98,673.49,673.42,673.41,673.41,673.41,673.41,673.41
697.0,677.19,673.98,673.49,673.42,673.41,673.41,673.41,673.41,673.41
697.0,677.19,673.98,673.49,673.42,673.41,673.41,673.41,673.41,673.41
697.0,677.19,673.98,673.49,673.42,673.41,673.41,673.41,673.41,673.41
697.0,677.19,673.98,673.49,673.42,673.41,673.41,673.41,673.41,673.41
697.0,677.19,673.98,673.49,673.42,673.41,673.41,673.41,673.41,673.41
697.0,677.19,673.98,673.49,673.42,673.41,673.41,673.41,673.41,673.41
697.0,677.19,673.98,673.49,673.42,673.41,673.41,673.41,673.41,673.41
697.0,677.19,673.98,673.49,673.42,673.41,673.41,673.41,673.41,673.41
697.0,677.19,673.98,673.49,673.42,673.41,673.41,673.41,673.41,673.41
697.0,677.19,673.98,673.49,673.42,673.41,673.41,673.41,673.41,673.41
697.0,677.19,673.98,673.49,673.42,673.41,673.41,673.41,673.41,673.41
697.0,677.19,673.98,673.49,673.42,673.41,673.41,673.41,673.41,673.41
697.0,677.19,673.98,673.49,673.42,673.41,673.41,673.41,673.41,673.41
697.0,677.19,673.98,673.49,673.42,673.41,673.41,673.41,673.41,673.41
697.0,677.19,673.98,673.49,673.42,673.41,673.41,673.41,673.41,673.41
697.0,677.19,673.98,673.49,673.42,673.41,673.41,673.41,673.41,673.41
697.0,677.19,673.98,673.49,673.42,673.41,673.41,673.41,673.41,673.41
697.0,677.19,673.98,673.49,673.42,673.41,673.41,673.41,673.41,673.41
697.0,677.19,673.98,673.49,673.42,673.41,673.41,673.41,673.41,673.41
697.0,677.19,673.98,673.49,673.42,673.41,673.41,673.41,673.41,673.41
697.0,677.19,673.98,673.49,673.42,673.41,673.41,673.41,673.41,673.41
697.0,677.19,673.98,673.49,673.42,673.41,673.41,673.41,673.41,673.41
697.0,677.19,673.98,673.49,673.42,673.41,673.41,673.41,673.41,673.41
697.0,677.19,673.98,673.49,673.42,673.41,673.41,673.41,673.41,673.41
697.0,677.19,673.98,673.49,673.42,673.41,673.41,673.41,673.41,673.41
697.0,677.19,673.98,673.49,673.42,673.41,673.41,673.41,673.41,673.41
697.0,677.19,673.98,673.49,673.42,673.41,673.41,673.41,673.41,673.41
697.0,677.19,673.98,673.49,673.42,673.41,673.41,673.41,673.41,673.41
697.0,677.19,673.98,673.49,673.42,673.41,673.41,673.41,673.41,673.41
697.0,677.19,673.98,673.49,673.42,673.41,673.41,673.41,673.41,673.41
697.0,677.19,673.98,673.49,673.42,673.41,673.41,673.41,673.41,673.41
697.0,677.19,673.98,673.49,673.42,673.41,673.41,673.41,673.41,673.41
697.0,677.19,673.98,673.49,673.42,673.41,673.41,673.41,673.41,673.41
697.0,677.19,673.98,673.49,673.42,673.41,673.41,673.41,673.41,673.41
697.0,677.19,673.98,673.49,673.42,673.41,673.41,673.41,673.41,673.41
697.0,677.19,673.98,673.49,673.42,673.41,673.41,673.41,673.41,673.41
697.0,677.19,673.98,673.49,673.42,673.41,673.41,673.41,673.41,673.41
697.0,677.19,673.98,673.49,673.42,673.41,673.41,673.41,673.41,673.41
697.0,677.19,673.98,673.49,673.42,673.41,673.41,673.41,673.41,673.41
697.0,677.19,673.98,673.49,673.42,673.41,673.41,673.41,673.41,673.41
697.0,677.19,673.98,673.49,673.42,673.41,673.41,673.41,673.41,673.41
697.0,677.19,673.98,673.49,673.42,673.41,673.41,673.41,673.41,673.41
697.0,677.19,673.98,673.49,673.42,673.41,673.41,673.41,673.41,673.41
697.0,677.19,673.98,673.49,673.42,673.41,673.41,673.41,673.41,673.41
697.0,677.19,673.98,673.49,673.42,673.41,673.41,673.41,673.41,673.41
697.0,677.19,673.98,673.49,673.42,673.41,673.41,673.41,673.41,673.41
697.0,677.19,673.98,673.49,673.42,673.41,673.41,673.41,673.41,673.41
697.0,677.19,673.98,673.49,673.42,673.41,673.41,673.41,673.41,673.41
697.0,677.19,673.98,673.49,673.42,673.41,673.41,673.41,673.41,673.41
697.0,677.19,673.98,673.49,673.42,673.41,673.41,673.41,673.41,673.41
697.0,677.19,673.98,673.49,673.42,673.41,673.41,673.41,673.41,673.41
697.0,677.19,673.98,673.49,673.42,673.41,673.41,673.41,673.41,673.41
697.0,677.19,673.98,673.49,673.42,673.41,673.41,673.41,673.41,673.41
697.0,677.19,673.98,673.49,673.42,673.41,673.41,673.41,673.41,673.41
697.0,677.19,673.98,673.49,673.42,673.41,673.41,673.41,673.41,673.41
697.0,677.19,673.98,673.49,673.42,673.41,673.41,673.41,673.41,673.41
697.0,677.19,673.98,673.49,673.42,673.41,673.41,673.41,673.41,673.41
697.0,677.19,673.98,673.49,673.42,673.41,673.41,673.41,673.41,673.41
697.0,677.19,673.98,673.49,673.42,673.41,673.41,673.41,673.41,673.41
697.0,677.19,673.98,673.49,673.42,673.41,673.41,673.41,673.41,673.41
697.0,677.19,673.98,673.49,673.42,673.41,673.41,673.41,673.41,673.41
697.0,677.19,673.98,673.49,673.42,673.41,673.41,673.41,673.41,673.41
697.0,677.19,673.98,673.49,673.42,673.41,673.41,673.41,673.41,673.41
697.0,677.19,673.98,673.49,673.42,673.41,673.41,673.41,673.41,673.41
697.0,677.19,673.98,673.49,673.42,673.41,673.41,673.41,673.41,673.41
697.0,677.19,673.98,673.49,673.42,673.41,673.41,673.41,673.41,673.41
697.0,677.19,673.98,673.49,673.42,673.41,673.41,673.41,673.41,673.41
697.0,677.19,673.98,673.49,673.42,673.41,673.41,673.41,673.41,673.41
549.87,677.19,673.98,673.49,673.42,673.41,673.41,673.41,673.41,673.41
697.0,677.19,673.98,673.49,673.42,673.41,673.41,673.41,673.41,673.41
697.0,677.19,673.98,673.49,673.42,673.41,673.41,673.41,673.41,673.41
697.0,677.19,673.98,673.49,673.42,673.41,673.41,673.41,673.41,673.41
697.0,677.19,673.98,673.49,673.42,673.41,673.41,673.41,673.41,673.41
697.0,677.19,673.98,673.49,673.42,673.41,673.41,673.41,673.41,673.41
697.0,677.19,673.98,673.49,673.42,673.41,673.41,673.41,673.41,673.41
697.0,677.19,673.98,673.49,673.42,673.41,673.41,673.41,673.41,673.41
697.0,677.19,673.98,673.49,673.42,673.41,673.41,673.41,673.41,673.41
697.0,677.19,673.98,673.49,673.42,673.41,673.41,673.41,673.41,673.41
697.0,677.19,673.98,673.49,673.42,673.41,673.41,673.41,673.41,673.41
697.0,677.19,673.98,673.49,673.42,673.41,673.41,673.41,673.41,673.41
697.0,677.19,673.98,673.49,673.42,673.41,673.41,673.41,673.41,673.41
697.0,677.19,673.98,673.49,673.42,673.41,673.41,673.41,673.41,673.41
697.0,677.19,673.98,673.49,673.42,673.41,673.41,673.41,673.41,673.41
464.2,677.19,673.98,673.49,673.42,673.41,673.41,673.41,673.41,673.41
697.0,677.19,673.98,673.49,673.42,673.41,673.41,673.41,673.41,673.41
697.0,677.19,673.98,673.49,673.42,673.41,673.41,673.41,673.41,673.41
