589.6456,553.955,553.9863,553.9865,553.9865
581.56866,553.9559,553.9863,553.9865,553.9865
572.7617,553.95825,553.9863,553.9865,553.9865
579.0333,553.9563,553.9863,553.9865,553.9865
591.757,553.95435,553.9863,553.9865,553.9865
597.79944,571.1774,571.1774,571.1774,571.1774
597.3525,571.1774,571.1774,571.1774,571.1774
508.7639,571.1787,571.1774,571.1774,571.1774
592.7968,571.1774,571.1774,571.1774,571.1774
596.30066,571.1774,571.1774,571.1774,571.1774
584.8346,553.9546,553.9863,553.9865,553.9865
571.188,571.1774,571.1774,571.1774,571.1774
597.7872,571.1774,571.1774,571.1774,571.1774
622.13745,571.1774,571.1774,571.1774,571.1774
560.60724,571.1737,571.1774,571.1774,571.1774
623.2393,571.1774,571.1774,571.1774,571.1774
571.16943,571.1774,571.1774,571.1774,571.1774
572.77924,571.1774,571.1774,571.1774,571.1774
571.4875,571.1774,571.1774,571.1774,571.1774
554.16846,553.9718,553.9865,553.9865,553.9865
570.60394,571.1774,571.1774,571.1774,571.1774
553.95435,553.9863,553.9865,553.9865,553.9865
557.00903,553.9998,553.9818,553.9865,553.9865
553.95435,553.9863,553.9865,553.9865,553.9865
570.804,571.1774,571.1774,571.1774,571.1774
594.95337,570.6206,571.1774,571.1774,571.1774
571.03345,571.1774,571.1774,571.1774,571.1774
587.8,553.9552,553.9863,553.9865,553.9865
565.84924,571.1774,571.1774,571.1774,571.1774
589.69403,553.955,553.9863,553.9865,553.9865
553.9552,553.9861,553.9865,553.9865,553.9865
589.83435,553.955,553.9863,553.9865,553.9865
571.17645,571.1774,571.1774,571.1774,571.1774
594.1128,571.1774,571.1774,571.1774,571.1774
561.4381,553.9593,553.9863,553.9865,553.9865
472.93942,571.18713,571.1774,571.1774,571.1774
489.52637,571.1787,571.1774,571.1774,571.1774
553.9677,553.9863,553.9865,553.9865,553.9865
694.50775,694.50775,694.50775,694.50775,694.50775
552.57886,553.9594,553.9861,553.9865,553.9865
553.9552,553.9861,553.9865,553.9865,553.9865
597.7785,571.1774,571.1774,571.1774,571.1774
562.27264,571.1774,571.1774,571.1774,571.1774
504.06622,571.1776,571.1774,571.1774,571.1774
482.03204,571.1807,571.1774,571.1774,571.1774
584.78625,553.95544,553.9863,553.9865,553.9865
475.45227,571.1904,571.1774,571.1774,571.1774
589.69214,553.955,553.9863,553.9865,553.9865
516.9987,571.1774,571.1774,571.1774,571.1774
563.01227,553.9649,553.9861,553.9865,553.9865
553.40546,571.1774,571.1774,571.1774,571.1774
580.96295,553.9548,553.9863,553.9865,553.9865
651.31006,694.50775,694.50775,694.50775,694.50775
588.6899,553.955,553.9863,553.9865,553.9865
597.0472,571.1774,571.1774,571.1774,571.1774
554.75134,553.9569,553.9863,553.9865,553.9865
584.4217,571.1774,571.1774,571.1774,571.1774
578.4431,571.1774,571.1774,571.1774,571.1774
571.15607,571.1774,571.1774,571.1774,571.1774
597.7849,571.1774,571.1774,571.1774,571.1774
481.2615,571.1809,571.1774,571.1774,571.1774
700.0517,571.1774,571.1774,571.1774,571.1774
571.2119,571.1774,571.1774,571.1774,571.1774
618.0204,571.1774,571.1774,571.1774,571.1774
571.1774,571.1774,571.1774,571.1774,571.1774
571.1878,571.1774,571.1774,571.1774,571.1774
554.009,553.98114,553.9865,553.9865,553.9865
553.95435,553.9863,553.9865,553.9865,553.9865
553.95435,553.9863,553.9865,553.9865,553.9865
553.95435,553.9863,553.9865,553.9865,553.9865
553.95435,553.9863,553.9865,553.9865,553.9865
553.955,553.9863,553.9865,553.9865,553.9865
553.95435,553.9863,553.9865,553.9865,553.9865
553.95435,553.9863,553.9865,553.9865,553.9865
564.6763,571.177,571.1774,571.1774,571.1774
694.4851,694.50775,694.50775,694.50775,694.50775
707.48566,571.1774,571.1774,571.1774,571.1774
553.9917,553.9867,553.9865,553.9865,553.9865
589.7508,571.1774,571.1774,571.1774,571.1774
694.4026,694.50775,694.50775,694.50775,694.50775
568.2572,571.1774,571.1774,571.1774,571.1774
554.0383,553.9872,553.9865,553.9865,553.9865
694.50696,694.50775,694.50775,694.50775,694.50775
553.9552,553.9863,553.9865,553.9865,553.9865
553.9556,553.9863,553.9865,553.9865,553.9865
553.95844,553.9863,553.9865,553.9865,553.9865
567.7479,571.1774,571.1774,571.1774,571.1774
553.9569,553.9863,553.9865,553.9865,553.9865
559.7218,553.96124,553.9863,553.9865,553.9865
553.9552,553.9863,553.9865,553.9865,553.9865
586.3852,553.9552,553.9863,553.9865,553.9865
570.956,553.96,553.98566,553.9865,553.9865
534.4331,554.17126,553.98566,553.9865,553.9865
502.9338,558.86566,553.974,553.9865,553.9865
547.7237,553.999,553.9861,553.9865,553.9865
564.0811,553.958,553.98584,553.9865,553.9865
597.0083,571.1774,571.1774,571.1774,571.1774
554.9818,553.9556,553.9863,553.9865,553.9865
576.1068,571.1774,571.1774,571.1774,571.1774
573.0942,571.1774,571.1774,571.1774,571.1774
1005.9879,571.1774,571.1774,571.1774,571.1774
571.1285,571.1774,571.1774,571.1774,571.1774
855.5285,571.1774,571.1774,571.1774,571.1774
571.0411,571.1774,571.1774,571.1774,571.1774
822.1107,571.1774,571.1774,571.1774,571.1774
570.54425,571.1774,571.1774,571.1774,571.1774
695.64606,571.1774,571.1774,571.1774,571.1774
568.0798,571.1774,571.1774,571.1774,571.1774
572.04346,571.1774,571.1774,571.1774,571.1774
567.90985,571.1774,571.1774,571.1774,571.1774
618.8606,571.1774,571.1774,571.1774,571.1774
597.5271,571.1774,571.1774,571.1774,571.1774
597.898,571.1774,571.1774,571.1774,571.1774
600.6252,571.1774,571.1774,571.1774,571.1774
557.3975,554.0032,553.98157,553.9865,553.9865
571.867,571.1774,571.1774,571.1774,571.1774
571.2678,571.1774,571.1774,571.1774,571.1774
566.6548,557.51294,554.07544,553.98785,553.9867
554.32263,553.96405,553.9863,553.9865,553.9865
553.95435,553.9863,553.9865,553.9865,553.9865
554.11224,553.97723,553.9865,553.9865,553.9865
553.9546,553.9863,553.9865,553.9865,553.9865
553.98065,553.9854,553.9865,553.9865,553.9865
553.9548,553.9861,553.9865,553.9865,553.9865
555.6834,553.9548,553.9863,553.9865,553.9865
553.9552,553.9863,553.9865,553.9865,553.9865
675.8365,571.1774,571.1774,571.1774,571.1774
573.2154,571.1774,571.1774,571.1774,571.1774
575.6101,571.1774,571.1774,571.1774,571.1774
574.0877,571.1774,571.1774,571.1774,571.1774
573.17596,571.1774,571.1774,571.1774,571.1774
571.6389,571.1774,571.1774,571.1774,571.1774
589.8482,571.1774,571.1774,571.1774,571.1774
694.5059,694.50775,694.50775,694.50775,694.50775
573.6059,571.1774,571.1774,571.1774,571.1774
553.9546,553.9863,553.9865,553.9865,553.9865
711.60095,571.1774,571.1774,571.1774,571.1774
569.17773,571.1774,571.1774,571.1774,571.1774
557.8465,553.95966,553.98566,553.9865,553.9865
561.67786,558.5973,564.3283,571.1774,571.1774
557.91486,554.038,553.97876,553.9865,553.9865
560.5297,564.0225,571.1774,571.1774,571.1774
557.36383,553.9559,553.9861,553.9865,553.9865
562.1897,571.1774,571.1774,571.1774,571.1774
560.3602,571.1619,571.1774,571.1774,571.1774
559.6344,556.3436,553.95746,553.98584,553.9865
557.6878,553.96387,553.9852,553.9865,553.9865
559.2482,558.13403,557.2658,554.08057,553.9755
589.79285,553.9548,553.9863,553.9865,553.9865
563.7199,553.9615,553.9863,553.9865,553.9865
586.3486,553.9552,553.9863,553.9865,553.9865
476.76532,575.8433,571.1774,571.1774,571.1774
568.4505,553.96063,553.9863,553.9865,553.9865
572.91425,553.95825,553.9863,553.9865,553.9865
589.9001,553.955,553.9863,553.9865,553.9865
589.8158,553.955,553.9863,553.9865,553.9865
589.73706,553.955,553.9863,553.9865,553.9865
575.7206,553.9572,553.9863,553.9865,553.9865
561.8263,553.96686,553.9861,553.9865,553.9865
568.7221,553.9602,553.9863,553.9865,553.9865
560.23413,553.969,553.9861,553.9865,553.9865
557.98926,553.97314,553.9861,553.9865,553.9865
590.08813,553.9548,553.9863,553.9865,553.9865
579.8378,553.9563,553.9863,553.9865,553.9865
597.56793,571.1774,571.1774,571.1774,571.1774
589.7848,553.955,553.9863,553.9865,553.9865
477.24734,571.18134,571.1774,571.1774,571.1774
587.66315,553.9552,553.9863,553.9865,553.9865
598.58734,571.1774,571.1774,571.1774,571.1774
589.9107,553.955,553.9863,553.9865,553.9865
597.72723,571.1774,571.1774,571.1774,571.1774
597.8337,571.1774,571.1774,571.1774,571.1774
473.98758,571.1851,571.1774,571.1774,571.1774
489.64133,571.1805,571.1774,571.1774,571.1774
538.348,571.1774,571.1774,571.1774,571.1774
544.75024,571.1774,571.1774,571.1774,571.1774
585.0614,571.1774,571.1774,571.1774,571.1774
595.8073,571.1774,571.1774,571.1774,571.1774
554.2523,553.96686,553.9863,553.9865,553.9865
629.57465,571.1774,571.1774,571.1774,571.1774
492.62897,571.1776,571.1774,571.1774,571.1774
649.1578,571.1774,571.1774,571.1774,571.1774
525.32544,571.1774,571.1774,571.1774,571.1774
571.186,571.1774,571.1774,571.1774,571.1774
570.6808,571.1774,571.1774,571.1774,571.1774
474.25446,571.18256,571.1774,571.1774,571.1774
570.1315,571.1774,571.1774,571.1774,571.1774
566.6944,571.1774,571.1774,571.1774,571.1774
694.1858,694.50775,694.50775,694.50775,694.50775
594.3958,564.6254,571.1774,571.1774,571.1774
554.1618,553.9889,553.9867,553.9865,553.9865
535.3395,554.1562,553.98566,553.9865,553.9865
553.96277,553.9863,553.9865,553.9865,553.9865
597.1405,571.1774,571.1774,571.1774,571.1774
606.7801,571.1774,571.1774,571.1774,571.1774
591.06805,571.1774,571.1774,571.1774,571.1774
568.50336,571.1774,571.1774,571.1774,571.1774
568.5773,571.1774,571.1774,571.1774,571.1774
562.25635,571.1774,571.1774,571.1774,571.1774
564.8513,571.1774,571.1774,571.1774,571.1774
560.3656,571.14825,571.1774,571.1774,571.1774
568.8014,571.1774,571.1774,571.1774,571.1774
564.0495,571.1774,571.1774,571.1774,571.1774
561.6194,571.1772,571.1774,571.1774,571.1774
560.96484,571.17615,571.1774,571.1774,571.1774
567.46216,571.1774,571.1774,571.1774,571.1774
558.29474,558.8412,567.7423,571.1774,571.1774
566.4512,571.1774,571.1774,571.1774,571.1774
589.68634,553.955,553.9863,553.9865,553.9865
584.91754,553.95544,553.9863,553.9865,553.9865
576.311,553.9572,553.9863,553.9865,553.9865
595.65564,571.1652,571.1774,571.1774,571.1774
589.68524,553.955,553.9863,553.9865,553.9865
576.53,554.7965,553.95654,553.9863,553.9865
589.50586,553.955,553.9863,553.9865,553.9865
594.0324,557.1794,554.0439,553.97815,553.9865
579.25494,553.9549,553.9861,553.9865,553.9865
508.16846,571.1776,571.1774,571.1774,571.1774
526.17566,554.48267,553.98456,553.9865,553.9865
493.8531,571.1776,571.1774,571.1774,571.1774
597.5675,571.1774,571.1774,571.1774,571.1774
597.74084,571.1774,571.1774,571.1774,571.1774
474.6301,571.1851,571.1774,571.1774,571.1774
580.9935,571.1774,571.1774,571.1774,571.1774
474.38376,571.18445,571.1774,571.1774,571.1774
474.93057,571.1863,571.1774,571.1774,571.1774
474.2551,571.1838,571.1774,571.1774,571.1774
472.8816,571.18713,571.1774,571.1774,571.1774
566.4668,571.1774,571.1774,571.1774,571.1774
472.24942,571.18115,571.1774,571.1774,571.1774
569.9731,571.1774,571.1774,571.1774,571.1774
472.8823,571.1874,571.1774,571.1774,571.1774
570.285,571.1774,571.1774,571.1774,571.1774
507.3281,571.1776,571.1774,571.1774,571.1774
563.0734,554.91406,554.0001,553.9867,553.9865
470.02258,910.7632,553.95435,553.9863,553.9865
588.98157,553.955,553.9863,553.9865,553.9865
483.35208,571.18134,571.1774,571.1774,571.1774
589.5366,553.955,553.9863,553.9865,553.9865
478.16275,571.1827,571.1774,571.1774,571.1774
589.1512,553.955,553.9863,553.9865,553.9865
522.18066,571.1774,571.1774,571.1774,571.1774
563.022,553.9654,553.9861,553.9865,553.9865
570.81433,571.1774,571.1774,571.1774,571.1774
596.78516,571.1774,571.1774,571.1774,571.1774
472.88144,571.1874,571.1774,571.1774,571.1774
563.66864,553.9677,553.9863,553.9865,553.9865
570.95264,571.1774,571.1774,571.1774,571.1774
588.5646,571.1774,571.1774,571.1774,571.1774
563.5941,571.1774,571.1774,571.1774,571.1774
566.7253,571.1774,571.1774,571.1774,571.1774
569.6112,571.1774,571.1774,571.1774,571.1774
564.617,571.1774,571.1774,571.1774,571.1774
564.70526,571.1774,571.1774,571.1774,571.1774
566.3255,571.1774,571.1774,571.1774,571.1774
562.2932,571.1774,571.1774,571.1774,571.1774
561.2346,571.1772,571.1774,571.1774,571.1774
554.35297,553.9643,553.9863,553.9865,553.9865
555.16095,553.955,553.9863,553.9865,553.9865
566.30005,571.1774,571.1774,571.1774,571.1774
497.79575,558.34357,553.96277,553.9854,553.9865
589.7638,553.9548,553.9863,553.9865,553.9865
575.9256,571.1774,571.1774,571.1774,571.1774
597.68805,571.1774,571.1774,571.1774,571.1774
592.612,571.1774,571.1774,571.1774,571.1774
507.3297,571.1776,571.1774,571.1774,571.1774
495.88083,571.1798,571.1774,571.1774,571.1774
472.94614,571.1869,571.1774,571.1774,571.1774
550.60974,571.1774,571.1774,571.1774,571.1774
474.21088,571.1856,571.1774,571.1774,571.1774
490.8367,571.1776,571.1774,571.1774,571.1774
477.00452,571.18134,571.1774,571.1774,571.1774
590.83234,553.95465,553.9861,553.9865,553.9865
571.0801,571.1774,571.1774,571.1774,571.1774
597.2923,571.1774,571.1774,571.1774,571.1774
473.15002,571.18713,571.1774,571.1774,571.1774
576.9477,571.1774,571.1774,571.1774,571.1774
512.79803,571.1776,571.1774,571.1774,571.1774
616.73627,571.1774,571.1774,571.1774,571.1774
569.8974,571.1774,571.1774,571.1774,571.1774
570.56226,571.1774,571.1774,571.1774,571.1774
692.30505,694.50775,694.50775,694.50775,694.50775
572.0728,571.1774,571.1774,571.1774,571.1774
553.9548,553.9863,553.9865,553.9865,553.9865
580.9739,571.1774,571.1774,571.1774,571.1774
553.9546,553.9863,553.9865,553.9865,553.9865
636.2973,571.1774,571.1774,571.1774,571.1774
564.5316,555.59644,554.0135,553.987,553.9865
571.8004,571.1774,571.1774,571.1774,571.1774
553.99506,553.9861,553.9865,553.9865,553.9865
553.9867,553.9861,553.9865,553.9865,553.9865
553.9988,553.98584,553.9865,553.9865,553.9865
553.99554,553.9867,553.9865,553.9865,553.9865
554.5284,553.97833,553.9865,553.9865,553.9865
553.9548,553.9863,553.9865,553.9865,553.9865
574.74426,571.1774,571.1774,571.1774,571.1774
571.13916,571.1774,571.1774,571.1774,571.1774
560.5235,553.9569,553.9863,553.9865,553.9865
553.95435,553.9863,553.9865,553.9865,553.9865
492.54108,571.1609,571.1774,571.1774,571.1774
553.95435,553.9863,553.9865,553.9865,553.9865
553.95435,553.9863,553.9865,553.9865,553.9865
572.382,571.1774,571.1774,571.1774,571.1774
560.98694,571.17664,571.1774,571.1774,571.1774
583.2231,571.1774,571.1774,571.1774,571.1774
553.9548,553.9861,553.9865,553.9865,553.9865
576.9685,571.1774,571.1774,571.1774,571.1774
581.20435,571.1774,571.1774,571.1774,571.1774
553.95685,553.9861,553.9865,553.9865,553.9865
