239.33,230.05,230.04,230.04,230.04,230.04,230.04,230.04,230.04,230.04
239.33,230.05,230.04,230.04,230.04,230.04,230.04,230.04,230.04,230.04
239.33,230.05,230.04,230.04,230.04,230.04,230.04,230.04,230.04,230.04
239.33,230.05,230.04,230.04,230.04,230.04,230.04,230.04,230.04,230.04
239.33,230.05,230.04,230.04,230.04,230.04,230.04,230.04,230.04,230.04
239.33,230.05,230.04,230.04,230.04,230.04,230.04,230.04,230.04,230.04
239.33,230.05,230.04,230.04,230.04,230.04,230.04,230.04,230.04,230.04
239.33,230.05,230.04,230.04,230.04,230.04,230.04,230.04,230.04,230.04
239.33,230.05,230.04,230.04,230.04,230.04,230.04,230.04,230.04,230.04
239.33,230.05,230.04,230.04,230.04,230.04,230.04,230.04,230.04,230.04
239.33,230.05,230.04,230.04,230.04,230.04,230.04,230.04,230.04,230.04
239.33,230.05,230.04,230.04,230.04,230.04,230.04,230.04,230.04,230.04
239.33,230.05,230.04,230.04,230.04,230.04,230.04,230.04,230.04,230.04
239.33,230.05,230.04,230.04,230.04,230.04,230.04,230.04,230.04,230.04
239.32,230.05,230.04,230.04,230.04,230.04,230.04,230.04,230.04,230.04
239.33,230.05,230.04,230.04,230.04,230.04,230.04,230.04,230.04,230.04
239.33,230.05,230.04,230.04,230.04,230.04,230.04,230.04,230.04,230.04
239.33,230.05,230.04,230.04,230.04,230.04,230.04,230.04,230.04,230.04
239.33,230.05,230.04,230.04,230.04,230.04,230.04,230.04,230.04,230.04
239.33,230.05,230.04,230.04,230.04,230.04,230.04,230.04,230.04,230.04
239.33,230.05,230.04,230.04,230.04,230.04,230.04,230.04,230.04,230.04
239.21,230.05,230.04,230.04,230.04,230.04,230.04,230.04,230.04,230.04
239.33,230.05,230.04,230.04,230.04,230.04,230.04,230.04,230.04,230.04
239.33,230.05,230.04,230.04,230.04,230.04,230.04,230.04,230.04,230.04
239.3,230.05,230.04,230.04,230.04,230.04,230.04,230.04,230.04,230.04
239.33,230.05,230.04,230.04,230.04,230.04,230.04,230.04,230.04,230.04
239.33,230.05,230.04,230.04,230.04,230.04,230.04,230.04,230.04,230.04
239.33,230.05,230.04,230.04,230.04,230.04,230.04,230.04,230.04,230.04
239.33,230.05,230.04,230.04,230.04,230.04,230.04,230.04,230.04,230.04
239.33,230.05,230.04,230.04,230.04,230.04,230.04,230.04,230.04,230.04
239.33,230.05,230.04,230.04,230.04,230.04,230.04,230.04,230.04,230.04
239.33,230.05,230.04,230.04,230.04,230.04,230.04,230.04,230.04,230.04
239.33,230.05,230.04,230.04,230.04,230.04,230.04,230.04,230.04,230.04
239.33,230.05,230.04,230.04,230.04,230.04,230.04,230.04,230.04,230.04
239.33,230.05,230.04,230.04,230.04,230.04,230.04,230.04,230.04,230.04
239.33,230.05,230.04,230.04,230.04,230.04,230.04,230.04,230.04,230.04
239.33,230.05,230.04,230.04,230.04,230.04,230.04,230.04,230.04,230.04
239.33,230.05,230.04,230.04,230.04,230.04,230.04,230.04,230.04,230.04
239.33,230.05,230.04,230.04,230.04,230.04,230.04,230.04,230.04,230.04
239.33,230.05,230.04,230.04,230.04,230.04,230.04,230.04,230.04,230.04
239.33,230.05,230.04,230.04,230.04,230.04,230.04,230.04,230.04,230.04
239.33,230.05,230.04,230.04,230.04,230.04,230.04,230.04,230.04,230.04
239.33,230.05,230.04,230.04,230.04,230.04,230.04,230.04,230.04,230.04
239.33,230.05,230.04,230.04,230.04,230.04,230.04,230.04,230.04,230.04
239.33,230.05,230.04,230.04,230.04,230.04,230.04,230.04,230.04,230.04
239.33,230.05,230.04,230.04,230.04,230.04,230.04,230.04,230.04,230.04
239.33,230.05,230.04,230.04,230.04,230.04,230.04,230.04,230.04,230.04
239.33,230.05,230.04,230.04,230.04,230.04,230.04,230.04,230.04,230.04
239.33,230.05,230.04,230.04,230.04,230.04,230.04,230.04,230.04,230.04
239.33,230.05,230.04,230.04,230.04,230.04,230.04,230.04,230.04,230.04
239.33,230.05,230.04,230.04,230.04,230.04,230.04,230.04,230.04,230.04
239.33,230.05,230.04,230.04,230.04,230.04,230.04,230.04,230.04,230.04
239.33,230.05,230.04,230.04,230.04,230.04,230.04,230.04,230.04,230.04
239.32,230.05,230.04,230.04,230.04,230.04,230.04,230.04,230.04,230.04
239.33,230.05,230.04,230.04,230.04,230.04,230.04,230.04,230.04,230.04
239.33,230.05,230.04,230.04,230.04,230.04,230.04,230.04,230.04,230.04
239.33,230.05,230.04,230.04,230.04,230.04,230.04,230.04,230.04,230.04
239.33,230.05,230.04,230.04,230.04,230.04,230.04,230.04,230.04,230.04
239.33,230.05,230.04,230.04,230.04,230.04,230.04,230.04,230.04,230.04
239.33,230.05,230.04,230.04,230.04,230.04,230.04,230.04,230.04,230.04
239.33,230.05,230.04,230.04,230.04,230.04,230.04,230.04,230.04,230.04
239.33,230.05,230.04,230.04,230.04,230.04,230.04,230.04,230.04,230.04
239.33,230.05,230.04,230.04,230.04,230.04,230.04,230.04,230.04,230.04
239.33,230.05,230.04,230.04,230.04,230.04,230.04,230.04,230.04,230.04
239.33,230.05,230.04,230.04,230.04,230.04,230.04,230.04,230.04,230.04
239.33,230.05,230.04,230.04,230.04,230.04,230.04,230.04,230.04,230.04
238.4,230.05,230.04,230.04,230.04,230.04,230.04,230.04,230.04,230.04
239.33,230.05,230.04,230.04,230.04,230.04,230.04,230.04,230.04,230.04
239.33,230.05,230.04,230.04,230.04,230.04,230.04,230.04,230.04,230.04
239.33,230.05,230.04,230.04,230.04,230.04,230.04,230.04,230.04,230.04
239.33,230.05,230.04,230.04,230.04,230.04,230.04,230.04,230.04,230.04
239.33,230.05,230.04,230.04,230.04,230.04,230.04,230.04,230.04,230.04
239.33,230.05,230.04,230.04,230.04,230.04,230.04,230.04,230.04,230.04
239.33,230.05,230.04,230.04,230.04,230.04,230.04,230.04,230.04,230.04
239.33,230.05,230.04,230.04,230.04,230.04,230.04,230.04,230.04,230.04
239.33,230.05,230.04,230.04,230.04,230.04,230.04,230.04,230.04,230.04
239.33,230.05,230.04,230.04,230.04,230.04,230.04,230.04,230.04,230.04
239.33,230.05,230.04,230.04,230.04,230.04,230.04,230.04,230.04,230.04
239.33,230.05,230.04,230.04,230.04,230.04,230.04,230.04,230.04,230.04
239.33,230.05,230.04,230.04,230.04,230.04,230.04,230.04,230.04,230.04
239.32,230.05,230.04,230.04,230.04,230.04,230.04,230.04,230.04,230.04
239.33,230.05,230.04,230.04,230.04,230.04,230.04,230.04,230.04,230.04
239.33,230.05,230.04,230.04,230.04,230.04,230.04,230.04,230.04,230.04
239.33,230.05,230.04,230.04,230.04,230.04,230.04,230.04,230.04,230.04
239.33,230.05,230.04,230.04,230.04,230.04,230.04,230.04,230.04,230.04
239.25,230.05,230.04,230.04,230.04,230.04,230.04,230.04,230.04,230.04
239.33,230.05,230.04,230.04,230.04,230.04,230.04,230.04,230.04,230.04
239.33,230.05,230.04,230.04,230.04,230.04,230.04,230.04,230.04,230.04
239.33,230.05,230.04,230.04,230.04,230.04,230.04,230.04,230.04,230.04
239.33,230.05,230.04,230.04,230.04,230.04,230.04,230.04,230.04,230.04
239.33,230.05,230.04,230.04,230.04,230.04,230.04,230.04,230.04,230.04
239.33,230.05,230.04,230.04,230.04,230.04,230.04,230.04,230.04,230.04
239.33,230.05,230.04,230.04,230.04,230.04,230.04,230.04,230.04,230.04
239.33,230.05,230.04,230.04,230.04,230.04,230.04,230.04,230.04,230.04
239.33,230.05,230.04,230.04,230.04,230.04,230.04,230.04,230.04,230.04
239.33,230.05,230.04,230.04,230.04,230.04,230.04,230.04,230.04,230.04
239.21,230.05,230.04,230.04,230.04,230.04,230.04,230.04,230.04,230.04
239.32,230.05,230.04,230.04,230.04,230.04,230.04,230.04,230.04,230.04
239.33,230.05,230.04,230.04,230.04,230.04,230.04,230.04,230.04,230.04
239.33,230.05,230.04,230.04,230.04,230.04,230.04,230.04,230.04,230.04
239.33,230.05,230.04,230.04,230.04,230.04,230.04,230.04,230.04,230.04
239.33,230.05,230.04,230.04,230.04,230.04,230.04,230.04,230.04,230.04
239.33,230.05,230.04,230.04,230.04,230.04,230.04,230.04,230.04,230.04
239.33,230.05,230.04,230.04,230.04,230.04,230.04,230.04,230.04,230.04
239.33,230.05,230.04,230.04,230.04,230.04,230.04,230.04,230.04,230.04
239.33,230.05,230.04,230.04,230.04,230.04,230.04,230.04,230.04,230.04
239.33,230.05,230.04,230.04,230.04,230.04,230.04,230.04,230.04,230.04
239.33,230.05,230.04,230.04,230.04,230.04,230.04,230.04,230.04,230.04
239.33,230.05,230.04,230.04,230.04,230.04,230.04,230.04,230.04,230.04
239.33,230.05,230.04,230.04,230.04,230.04,230.04,230.04,230.04,230.04
239.33,230.05,230.04,230.04,230.04,230.04,230.04,230.04,230.04,230.04
239.33,230.05,230.04,230.04,230.04,230.04,230.04,230.04,230.04,230.04
239.33,230.05,230.04,230.04,230.04,230.04,230.04,230.04,230.04,230.04
239.33,230.05,230.04,230.04,230.04,230.04,230.04,230.04,230.04,230.04
239.33,230.05,230.04,230.04,230.04,230.04,230.04,230.04,230.04,230.04
239.33,230.05,230.04,230.04,230.04,230.04,230.04,230.04,230.04,230.04
239.33,230.05,230.04,230.04,230.04,230.04,230.04,230.04,230.04,230.04
239.33,230.05,230.04,230.04,230.04,230.04,230.04,230.04,230.04,230.04
239.32,230.05,230.04,230.04,230.04,230.04,230.04,230.04,230.04,230.04
239.33,230.05,230.04,230.04,230.04,230.04,230.04,230.04,230.04,230.04
239.33,230.05,230.04,230.04,230.04,230.04,230.04,230.04,230.04,230.04
239.33,230.05,230.04,230.04,230.04,230.04,230.04,230.04,230.04,230.04
239.33,230.05,230.04,230.04,230.04,230.04,230.04,230.04,230.04,230.04
239.33,230.05,230.04,230.04,230.04,230.04,230.04,230.04,230.04,230.04
239.33,230.05,230.04,230.04,230.04,230.04,230.04,230.04,230.04,230.04
239.33,230.05,230.04,230.04,230.04,230.04,230.04,230.04,230.04,230.04
239.33,230.05,230.04,230.04,230.04,230.04,230.04,230.04,230.04,230.04
239.33,230.05,230.04,230.04,230.04,230.04,230.04,230.04,230.04,230.04
239.33,230.05,230.04,230.04,230.04,230.04,230.04,230.04,230.04,230.04
239.33,230.05,230.04,230.04,230.04,230.04,230.04,230.04,230.04,230.04
239.33,230.05,230.04,230.04,230.04,230.04,230.04,230.04,230.04,230.04
239.33,230.05,230.04,230.04,230.04,230.04,230.04,230.04,230.04,230.04
239.33,230.05,230.04,230.04,230.04,230.04,230.04,230.04,230.04,230.04
239.33,230.05,230.04,230.04,230.04,230.04,230.04,230.04,230.04,230.04
239.33,230.05,230.04,230.04,230.04,230.04,230.04,230.04,230.04,230.04
239.33,230.05,230.04,230.04,230.04,230.04,230.04,230.04,230.04,230.04
239.33,230.05,230.04,230.04,230.04,230.04,230.04,230.04,230.04,230.04
239.33,230.05,230.04,230.04,230.04,230.04,230.04,230.04,230.04,230.04
239.33,230.05,230.04,230.04,230.04,230.04,230.04,230.04,230.04,230.04
239.33,230.05,230.04,230.04,230.04,230.04,230.04,230.04,230.04,230.04
239.33,230.05,230.04,230.04,230.04,230.04,230.04,230.04,230.04,230.04
239.33,230.05,230.04,230.04,230.04,230.04,230.04,230.04,230.04,230.04
239.33,230.05,230.04,230.04,230.04,230.04,230.04,230.04,230.04,230.04
239.33,230.05,230.04,230.04,230.04,230.04,230.04,230.04,230.04,230.04
239.33,230.05,230.04,230.04,230.04,230.04,230.04,230.04,230.04,230.04
239.33,230.05,230.04,230.04,230.04,230.04,230.04,230.04,230.04,230.04
239.33,230.05,230.04,230.04,230.04,230.04,230.04,230.04,230.04,230.04
239.33,230.05,230.04,230.04,230.04,230.04,230.04,230.04,230.04,230.04
239.33,230.05,230.04,230.04,230.04,230.04,230.04,230.04,230.04,230.04
239.33,230.05,230.04,230.04,230.04,230.04,230.04,230.04,230.04,230.04
239.33,230.05,230.04,230.04,230.04,230.04,230.04,230.04,230.04,230.04
239.33,230.05,230.04,230.04,230.04,230.04,230.04,230.04,230.04,230.04
239.33,230.05,230.04,230.04,230.04,230.04,230.04,230.04,230.04,230.04
239.33,230.05,230.04,230.04,230.04,230.04,230.04,230.04,230.04,230.04
239.33,230.05,230.04,230.04,230.04,230.04,230.04,230.04,230.04,230.04
239.33,230.05,230.04,230.04,230.04,230.04,230.04,230.04,230.04,230.04
239.33,230.05,230.04,230.04,230.04,230.04,230.04,230.04,230.04,230.04
239.33,230.05,230.04,230.04,230.04,230.04,230.04,230.04,230.04,230.04
239.33,230.05,230.04,230.04,230.04,230.04,230.04,230.04,230.04,230.04
239.33,230.05,230.04,230.04,230.04,230.04,230.04,230.04,230.04,230.04
239.33,230.05,230.04,230.04,230.04,230.04,230.04,230.04,230.04,230.04
239.33,230.05,230.04,230.04,230.04,230.04,230.04,230.04,230.04,230.04
239.33,230.05,230.04,230.04,230.04,230.04,230.04,230.04,230.04,230.04
239.33,230.05,230.04,230.04,230.04,230.04,230.04,230.04,230.04,230.04
239.33,230.05,230.04,230.04,230.04,230.04,230.04,230.04,230.04,230.04
239.33,230.05,230.04,230.04,230.04,230.04,230.04,230.04,230.04,230.04
239.33,230.05,230.04,230.04,230.04,230.04,230.04,230.04,230.04,230.04
239.33,230.05,230.04,230.04,230.04,230.04,230.04,230.04,230.04,230.04
239.33,230.05,230.04,230.04,230.04,230.04,230.04,230.04,230.04,230.04
239.33,230.05,230.04,230.04,230.04,230.04,230.04,230.04,230.04,230.04
239.33,230.05,230.04,230.04,230.04,230.04,230.04,230.04,230.04,230.04
239.33,230.05,230.04,230.04,230.04,230.04,230.04,230.04,230.04,230.04
239.33,230.05,230.04,230.04,230.04,230.04,230.04,230.04,230.04,230.04
239.33,230.05,230.04,230.04,230.04,230.04,230.04,230.04,230.04,230.04
239.33,230.05,230.04,230.04,230.04,230.04,230.04,230.04,230.04,230.04
239.33,230.05,230.04,230.04,230.04,230.04,230.04,230.04,230.04,230.04
239.33,230.05,230.04,230.04,230.04,230.04,230.04,230.04,230.04,230.04
239.33,230.05,230.04,230.04,230.04,230.04,230.04,230.04,230.04,230.04
239.33,230.05,230.04,230.04,230.04,230.04,230.04,230.04,230.04,230.04
239.32,230.05,230.04,230.04,230.04,230.04,230.04,230.04,230.04,230.04
239.33,230.05,230.04,230.04,230.04,230.04,230.04,230.04,230.04,230.04
239.33,230.05,230.04,230.04,230.04,230.04,230.04,230.04,230.04,230.04
239.33,230.05,230.04,230.04,230.04,230.04,230.04,230.04,230.04,230.04
238.91,230.05,230.04,230.04,230.04,230.04,230.04,230.04,230.04,230.04
239.33,230.05,230.04,230.04,230.04,230.04,230.04,230.04,230.04,230.04
239.33,230.05,230.04,230.04,230.04,230.04,230.04,230.04,230.04,230.04
239.33,230.05,230.04,230.04,230.04,230.04,230.04,230.04,230.04,230.04
239.33,230.05,230.04,230.04,230.04,230.04,230.04,230.04,230.04,230.04
239.33,230.05,230.04,230.04,230.04,230.04,230.04,230.04,230.04,230.04
239.33,230.05,230.04,230.04,230.04,230.04,230.04,230.04,230.04,230.04
239.33,230.05,230.04,230.04,230.04,230.04,230.04,230.04,230.04,230.04
239.33,230.05,230.04,230.04,230.04,230.04,230.04,230.04,230.04,230.04
239.33,230.05,230.04,230.04,230.04,230.04,230.04,230.04,230.04,230.04
239.33,230.05,230.04,230.04,230.04,230.04,230.04,230.04,230.04,230.04
239.33,230.05,230.04,230.04,230.04,230.04,230.04,230.04,230.04,230.04
239.33,230.05,230.04,230.04,230.04,230.04,230.04,230.04,230.04,230.04
239.33,230.05,230.04,230.04,230.04,230.04,230.04,230.04,230.04,230.04
239.33,230.05,230.04,230.04,230.04,230.04,230.04,230.04,230.04,230.04
239.33,230.05,230.04,230.04,230.04,230.04,230.04,230.04,230.04,230.04
239.33,230.05,230.04,230.04,230.04,230.04,230.04,230.04,230.04,230.04
239.33,230.05,230.04,230.04,230.04,230.04,230.04,230.04,230.04,230.04
239.33,230.05,230.04,230.04,230.04,230.04,230.04,230.04,230.04,230.04
239.33,230.05,230.04,230.04,230.04,230.04,230.04,230.04,230.04,230.04
239.33,230.05,230.04,230.04,230.04,230.04,230.04,230.04,230.04,230.04
239.33,230.05,230.04,230.04,230.04,230.04,230.04,230.04,230.04,230.04
239.33,230.05,230.04,230.04,230.04,230.04,230.04,230.04,230.04,230.04
239.33,230.05,230.04,230.04,230.04,230.04,230.04,230.04,230.04,230.04
239.33,230.05,230.04,230.04,230.04,230.04,230.04,230.04,230.04,230.04
239.33,230.05,230.04,230.04,230.04,230.04,230.04,230.04,230.04,230.04
239.33,230.05,230.04,230.04,230.04,230.04,230.04,230.04,230.04,230.04
239.33,230.05,230.04,230.04,230.04,230.04,230.04,230.04,230.04,230.04
239.33,230.05,230.04,230.04,230.04,230.04,230.04,230.04,230.04,230.04
239.33,230.05,230.04,230.04,230.04,230.04,230.04,230.04,230.04,230.04
239.32,230.05,230.04,230.04,230.04,230.04,230.04,230.04,230.04,230.04
239.33,230.05,230.04,230.04,230.04,230.04,230.04,230.04,230.04,230.04
239.33,230.05,230.04,230.04,230.04,230.04,230.04,230.04,230.04,230.04
239.33,230.05,230.04,230.04,230.04,230.04,230.04,230.04,230.04,230.04
239.33,230.05,230.04,230.04,230.04,230.04,230.04,230.04,230.04,230.04
239.27,230.05,230.04,230.04,230.04,230.04,230.04,230.04,230.04,230.04
239.33,230.05,230.04,230.04,230.04,230.04,230.04,230.04,230.04,230.04
239.33,230.05,230.04,230.04,230.04,230.04,230.04,230.04,230.04,230.04
239.33,230.05,230.04,230.04,230.04,230.04,230.04,230.04,230.04,230.04
239.33,230.05,230.04,230.04,230.04,230.04,230.04,230.04,230.04,230.04
239.33,230.05,230.04,230.04,230.04,230.04,230.04,230.04,230.04,230.04
239.33,230.05,230.04,230.04,230.04,230.04,230.04,230.04,230.04,230.04
239.33,230.05,230.04,230.04,230.04,230.04,230.04,230.04,230.04,230.04
239.33,230.05,230.04,230.04,230.04,230.04,230.04,230.04,230.04,230.04
239.33,230.05,230.04,230.04,230.04,230.04,230.04,230.04,230.04,230.04
239.33,230.05,230.04,230.04,230.04,230.04,230.04,230.04,230.04,230.04
239.33,230.05,230.04,230.04,230.04,230.04,230.04,230.04,230.04,230.04
239.33,230.05,230.04,230.04,230.04,230.04,230.04,230.04,230.04,230.04
239.33,230.05,230.04,230.04,230.04,230.04,230.04,230.04,230.04,230.04
239.33,230.05,230.04,230.04,230.04,230.04,230.04,230.04,230.04,230.04
239.33,230.05,230.04,230.04,230.04,230.04,230.04,230.04,230.04,230.04
239.33,230.05,230.04,230.04,230.04,230.04,230.04,230.04,230.04,230.04
239.33,230.05,230.04,230.04,230.04,230.04,230.04,230.04,230.04,230.04
239.33,230.05,230.04,230.04,230.04,230.04,230.04,230.04,230.04,230.04
239.33,230.05,230.04,230.04,230.04,230.04,230.04,230.04,230.04,230.04
239.33,230.05,230.04,230.04,230.04,230.04,230.04,230.04,230.04,230.04
239.33,230.05,230.04,230.04,230.04,230.04,230.04,230.04,230.04,230.04
239.33,230.05,230.04,230.04,230.04,230.04,230.04,230.04,230.04,230.04
239.33,230.05,230.04,230.04,230.04,230.04,230.04,230.04,230.04,230.04
239.33,230.05,230.04,230.04,230.04,230.04,230.04,230.04,230.04,230.04
239.33,230.05,230.04,230.04,230.04,230.04,230.04,230.04,230.04,230.04
239.33,230.05,230.04,230.04,230.04,230.04,230.04,230.04,230.04,230.04
239.32,230.05,230.04,230.04,230.04,230.04,230.04,230.04,230.04,230.04
239.33,230.05,230.04,230.04,230.04,230.04,230.04,230.04,230.04,230.04
239.33,230.05,230.04,230.04,230.04,230.04,230.04,230.04,230.04,230.04
239.33,230.05,230.04,230.04,230.04,230.04,230.04,230.04,230.04,230.04
239.33,230.05,230.04,230.04,230.04,230.04,230.04,230.04,230.04,230.04
239.33,230.05,230.04,230.04,230.04,230.04,230.04,230.04,230.04,230.04
239.33,230.05,230.04,230.04,230.04,230.04,230.04,230.04,230.04,230.04
239.33,230.05,230.04,230.04,230.04,230.04,230.04,230.04,230.04,230.04
239.33,230.05,230.04,230.04,230.04,230.04,230.04,230.04,230.04,230.04
239.33,230.05,230.04,230.04,230.04,230.04,230.04,230.04,230.04,230.04
239.33,230.05,230.04,230.04,230.04,230.04,230.04,230.04,230.04,230.04
239.33,230.05,230.04,230.04,230.04,230.04,230.04,230.04,230.04,230.04
239.33,230.05,230.04,230.04,230.04,230.04,230.04,230.04,230.04,230.04
239.32,230.05,230.04,230.04,230.04,230.04,230.04,230.04,230.04,230.04
239.33,230.05,230.04,230.04,230.04,230.04,230.04,230.04,230.04,230.04
239.33,230.05,230.04,230.04,230.04,230.04,230.04,230.04,230.04,230.04
239.33,230.05,230.04,230.04,230.04,230.04,230.04,230.04,230.04,230.04
239.33,230.05,230.04,230.04,230.04,230.04,230.04,230.04,230.04,230.04
239.33,230.05,230.04,230.04,230.04,230.04,230.04,230.04,230.04,230.04
239.33,230.05,230.04,230.04,230.04,230.04,230.04,230.04,230.04,230.04
239.32,230.05,230.04,230.04,230.04,230.04,230.04,230.04,230.04,230.04
239.33,230.05,230.04,230.04,230.04,230.04,230.04,230.04,230.04,230.04
239.33,230.05,230.04,230.04,230.04,230.04,230.04,230.04,230.04,230.04
239.33,230.05,230.04,230.04,230.04,230.04,230.04,230.04,230.04,230.04
239.33,230.05,230.04,230.04,230.04,230.04,230.04,230.04,230.04,230.04
239.33,230.05,230.04,230.04,230.04,230.04,230.04,230.04,230.04,230.04
239.33,230.05,230.04,230.04,230.04,230.04,230.04,230.04,230.04,230.04
239.33,230.05,230.04,230.04,230.04,230.04,230.04,230.04,230.04,230.04
239.33,230.05,230.04,230.04,230.04,230.04,230.04,230.04,230.04,230.04
239.33,230.05,230.04,230.04,230.04,230.04,230.04,230.04,230.04,230.04
239.33,230.05,230.04,230.04,230.04,230.04,230.04,230.04,230.04,230.04
239.33,230.05,230.04,230.04,230.04,230.04,230.04,230.04,230.04,230.04
239.33,230.05,230.04,230.04,230.04,230.04,230.04,230.04,230.04,230.04
239.33,230.05,230.04,230.04,230.04,230.04,230.04,230.04,230.04,230.04
239.33,230.05,230.04,230.04,230.04,230.04,230.04,230.04,230.04,230.04
239.33,230.05,230.04,230.04,230.04,230.04,230.04,230.04,230.04,230.04
239.33,230.05,230.04,230.04,230.04,230.04,230.04,230.04,230.04,230.04
239.33,230.05,230.04,230.04,230.04,230.04,230.04,230.04,230.04,230.04
239.33,230.05,230.04,230.04,230.04,230.04,230.04,230.04,230.04,230.04
239.33,230.05,230.04,230.04,230.04,230.04,230.04,230.04,230.04,230.04
239.33,230.05,230.04,230.04,230.04,230.04,230.04,230.04,230.04,230.04
239.33,230.05,230.04,230.04,230.04,230.04,230.04,230.04,230.04,230.04
239.33,230.05,230.04,230.04,230.04,230.04,230.04,230.04,230.04,230.04
239.33,230.05,230.04,230.04,230.04,230.04,230.04,230.04,230.04,230.04
239.33,230.05,230.04,230.04,230.04,230.04,230.04,230.04,230.04,230.04
239.33,230.05,230.04,230.04,230.04,230.04,230.04,230.04,230.04,230.04
239.33,230.05,230.04,230.04,230.04,230.04,230.04,230.04,230.04,230.04
239.33,230.05,230.04,230.04,230.04,230.04,230.04,230.04,230.04,230.04
239.33,230.05,230.04,230.04,230.04,230.04,230.04,230.04,230.04,230.04
239.33,230.05,230.04,230.04,230.04,230.04,230.04,230.04,230.04,230.04
239.33,230.05,230.04,230.04,230.04,230.04,230.04,230.04,230.04,230.04
239.33,230.05,230.04,230.04,230.04,230.04,230.04,230.04,230.04,230.04
239.33,230.05,230.04,230.04,230.04,230.04,230.04,230.04,230.04,230.04
239.33,230.05,230.04,230.04,230.04,230.04,230.04,230.04,230.04,230.04
239.33,230.05,230.04,230.04,230.04,230.04,230.04,230.04,230.04,230.04
239.33,230.05,230.04,230.04,230.04,230.04,230.04,230.04,230.04,230.04
239.33,230.05,230.04,230.04,230.04,230.04,230.04,230.04,230.04,230.04
239.33,230.05,230.04,230.04,230.04,230.04,230.04,230.04,230.04,230.04
239.33,230.05,230.04,230.04,230.04,230.04,230.04,230.04,230.04,230.04
239.33,230.05,230.04,230.04,230.04,230.04,230.04,230.04,230.04,230.04
239.33,230.05,230.04,230.04,230.04,230.04,230.04,230.04,230.04,230.04
239.33,230.05,230.04,230.04,230.04,230.04,230.04,230.04,230.04,230.04
239.33,230.05,230.04,230.04,230.04,230.04,230.04,230.04,230.04,230.04
239.33,230.05,230.04,230.04,230.04,230.04,230.04,230.04,230.04,230.04
239.33,230.05,230.04,230.04,230.04,230.04,230.04,230.04,230.04,230.04
239.33,230.05,230.04,230.04,230.04,230.04,230.04,230.04,230.04,230.04
239.33,230.05,230.04,230.04,230.04,230.04,230.04,230.04,230.04,230.04
239.33,230.05,230.04,230.04,230.04,230.04,230.04,230.04,230.04,230.04
239.33,230.05,230.04,230.04,230.04,230.04,230.04,230.04,230.04,230.04
239.33,230.05,230.04,230.04,230.04,230.04,230.04,230.04,230.04,230.04
239.33,230.05,230.04,230.04,230.04,230.04,230.04,230.04,230.04,230.04
239.1,230.05,230.04,230.04,230.04,230.04,230.04,230.04,230.04,230.04
239.33,230.05,230.04,230.04,230.04,230.04,230.04,230.04,230.04,230.04
239.33,230.05,230.04,230.04,230.04,230.04,230.04,230.04,230.04,230.04
239.33,230.05,230.04,230.04,230.04,230.04,230.04,230.04,230.04,230.04
239.33,230.05,230.04,230.04,230.04,230.04,230.04,230.04,230.04,230.04
239.33,230.05,230.04,230.04,230.04,230.04,230.04,230.04,230.04,230.04
