617.4211,188.40262,248.47975,237.80965,259.83987
683.9812,164.93509,116.779564,328.61865,309.50702
634.2455,911.1218,538.9424,632.1079,561.42316
762.1626,151.08739,764.454,575.2112,997.9654
459.0208,642.3108,845.42145,1116.4109,605.8692
328.8664,972.392,555.9217,582.3469,568.8426
689.3254,350.50613,541.8496,550.14594,571.23
985.6021,216.17285,327.50974,453.1475,585.66895
475.94177,224.36795,145.58485,501.94617,597.4739
205.90096,384.1006,220.38551,402.30734,788.9869
379.146,403.6119,256.39645,361.30548,648.8634
556.59326,122.28941,81.37575,967.77454,237.2482
436.17947,183.05563,683.90045,275.7856,308.75644
612.3387,234.37373,146.51729,627.06396,282.48218
706.36017,189.14368,162.11841,211.02197,231.10138
650.4553,521.73737,1523.4172,393.93216,634.7213
904.3557,204.71594,536.8662,607.2758,577.28204
39.98705,219.59169,6395.386,58.59134,235.04736
151.42511,2359.626,41.248764,147.76866,70.10466
1398.9305,14.172556,9.855382,25.918205,155.6621
3223.8906,108.06905,1812.942,688.6393,610.7895
2637.4595,781.377,490.35394,631.3682,573.8144
928.3194,694.5258,680.44977,591.5959,569.23236
481.77594,385.35675,1782.1094,681.4807,310.25818
439.42703,299.00247,2686.4084,280.74005,593.7786
508.71176,3834.6702,1086.4807,686.6255,202.89125
2591.705,719.4926,579.3618,486.84357,562.13464
1018.62964,1014.31104,591.42285,591.74603,555.55273
1133.5935,1544.351,332.47696,622.3753,563.7171
1295.2783,777.06036,555.92975,588.51184,575.68976
914.318,1089.5527,601.63806,608.73285,578.87256
391.54492,499.33743,403.7194,621.8112,6423.4414
789.6817,586.64233,661.5029,2091.946,267.19025
638.3146,303.76855,159.16461,238.87216,531.55566
235.73972,3431.3777,566.0338,7034.5586,213.95415
220.392,194.98549,4463.415,259.40054,6307.5107
361.96823,1494.9003,805.70483,200.77756,650.9771
706.534,999.54865,519.134,488.45886,560.49817
1562.4127,917.0098,368.33273,610.81323,565.02966
1802.092,666.7153,546.4734,585.0353,574.7424
833.8564,814.26324,590.3152,1599.5311,78.83173
634.801,832.5442,5653.2603,218.55089,618.41876
1724.9042,103.685394,22.369278,128.14296,271.29028
1474.227,209.25812,22.114408,1128.0958,235.92075
251.77267,279.954,63.22901,1381.013,407.3974
227.58495,1487.2201,3838.388,935.4832,298.4464
185.57814,480.0767,4912.39,271.2032,6680.729
320.84445,216.78989,1139.3062,205.96053,655.8798
482.64658,635.2271,55.170322,290.5693,160.91612
822.3293,961.4056,376.21356,610.43915,564.33624
944.35706,1167.0919,474.88806,608.29944,571.81305
632.84973,394.53043,716.53204,623.6158,570.41016
614.4186,317.63873,675.9321,660.65643,566.04346
552.9359,552.27234,528.5577,598.72986,576.40295
2714.4893,996.0152,455.59534,600.8294,569.94434
2985.3354,301.93155,1128.1655,548.97455,590.42694
1364.3706,3953.3071,7235.8364,3056.8225,655.7489
656.4484,3364.6826,6488.3125,3687.4226,819.548
705.949,4136.1777,5940.9883,1842.5961,401.57706
863.5339,476.63376,3303.001,278.31177,7287.5776
502.80737,3193.1797,266.60162,335.50113,152.74573
2017.8596,201.27658,59.659145,558.03766,329.73056
1837.22,172.98297,306.65793,506.16306,1218.4233
954.84546,630.68286,915.0301,577.12286,582.07886
932.25385,145.97862,6048.338,739.04034,716.53296
97.23914,284.54355,4931.9683,7222.469,340.39307
58.567204,177.52513,7301.514,69.47746,331.80298
25.661205,230.40633,6509.7324,42.483192,426.93555
20.699814,143.4568,2528.289,61.740402,626.71704
83.60526,2762.0947,3965.3777,897.1888,200.96332
83.796135,1526.2999,2108.3047,35.83245,461.71878
3344.8162,235.27333,186.37903,234.19089,6732.394
4606.7886,240.77908,245.8609,312.8809,1103.27
45.480843,269.78003,57.289013,386.75974,182.51381
93.11484,178.3272,106.16031,177.73091,11.943535
192.32964,27.757292,115.22474,225.79686,192.29843
7107.364,23.474749,12.9798765,146.94542,210.87704
6877.3765,52.86691,399.08002,48.46023,3040.119
3068.301,232.74483,540.64264,530.68427,572.81366
1841.6779,560.0394,558.6478,577.92206,574.8482
720.1389,3377.657,1742.6654,650.6218,604.81055
1477.0388,4804.3447,1280.2036,676.58093,594.0425
458.9325,481.21378,3427.4363,240.20198,1586.7869
850.37427,959.05536,962.7354,271.57025,240.22038
1038.268,493.7961,197.40016,463.65643,188.16261
861.19904,692.94037,701.6777,570.1233,575.6454
663.8911,922.58124,612.11395,592.2373,576.1913
537.5288,1005.7577,578.62866,601.9398,575.6784
578.1341,457.39215,607.46643,828.23694,535.00073
646.83704,384.93393,385.9123,962.2698,484.13712
635.9159,317.18744,439.16223,516.5817,751.00916
680.9371,179.96272,180.8309,162.95651,422.55206
562.1701,342.30545,490.14847,536.8705,656.8237
545.3999,489.34137,630.751,581.55066,572.39087
528.01416,593.8765,703.4017,581.1186,573.9543
507.83032,639.71204,725.17346,581.95557,576.4026
548.9731,510.83438,734.9982,583.5126,570.5826
571.92834,532.29816,722.7678,573.1598,573.2149
543.3198,477.1085,767.75916,565.6876,576.4116
504.59558,424.56165,816.27484,571.2268,577.0496
510.76154,390.95538,732.6219,612.1911,572.5462
545.3584,336.37244,579.3547,636.9118,583.7129
584.2831,446.06238,569.2769,641.386,567.75916
596.5415,262.4036,612.98785,523.50433,739.03876
554.66394,387.3266,696.7713,642.9941,565.8953
566.02374,617.2026,724.9693,579.3696,576.3168
585.3196,786.60266,663.8054,584.8282,577.7798
558.8972,770.2704,688.691,579.8484,577.98145
509.5803,485.9045,805.69714,558.4993,578.9802
509.73474,205.82184,926.6794,305.225,1552.0483
595.04675,187.00742,314.46362,386.09952,366.68964
646.0762,217.17981,191.9428,353.08594,368.2566
649.9724,927.77716,762.832,670.29,559.7911
820.89984,334.4279,624.8756,516.0173,700.9669
754.3861,224.22623,382.96957,174.62985,2219.068
642.7193,383.2723,650.6015,579.12164,591.0084
645.68243,876.42316,626.42224,596.8229,571.7343
643.6897,408.93408,779.21204,568.6092,577.6143
563.74713,564.6817,723.4914,602.02734,571.87366
619.19867,1023.0017,536.2863,607.67236,573.0569
710.01276,522.3601,782.2296,572.4564,579.128
607.3831,591.4842,711.542,584.9213,579.91516
567.11523,814.94446,524.0974,604.57776,574.2688
622.0836,893.6203,633.9012,595.60223,577.25006
644.5099,847.8201,716.3212,591.76025,577.9224
622.70844,507.19315,904.48846,614.82806,571.1471
596.31683,585.135,559.794,1011.9188,520.56885
763.5035,460.58218,615.8164,610.40216,572.1324
740.68115,347.96133,642.0148,537.7641,621.97675
633.9461,363.9649,738.155,567.04535,589.2827
574.1315,596.3994,725.9034,589.67566,572.30457
610.86554,592.36816,730.9795,576.8417,573.6922
601.37506,804.68475,654.6816,587.68396,575.33246
572.82935,669.5056,708.6425,580.2856,576.89264
568.2376,527.24426,744.8657,583.24524,572.22003
569.1279,542.5263,724.1756,582.04156,571.4678
565.3376,565.8439,707.1517,579.73883,571.71124
555.43445,528.448,698.2927,578.58057,571.52435
544.96204,505.26923,682.62744,581.5635,571.25055
570.85474,553.89087,640.2394,598.8692,567.8209
700.518,1437.4005,488.2191,615.39185,571.3134
745.7181,41.81152,97.82688,655.07404,646.67847
114.95642,71.051445,143.991,1962.2108,6996.5522
30.507318,41.002388,235.14093,7136.6997,1099.2756
16.016768,63.32319,4665.0415,6940.6377,550.0508
75.45852,6430.482,6549.661,1961.363,884.71954
5527.5146,6745.28,2268.8613,2465.1323,234.08401
6702.6167,3342.728,353.69858,324.22598,529.54254
4250.579,1343.8751,269.02692,226.9339,216.56989
542.2158,36.124245,59.499096,91.854706,6501.8184
1928.4896,169.73412,83.97177,50.157276,3636.0298
106.25355,292.8101,29.569016,2042.2318,299.52002
157.3974,887.485,204.97316,767.393,267.94693
615.84845,673.6532,192.92905,484.4103,243.02422
1016.12463,338.19968,3326.1072,226.27696,500.02557
1340.2216,3345.1216,1125.9327,1249.6831,503.1343
526.1917,227.69844,851.5362,289.81638,310.07037
1093.2882,4398.466,1774.3739,671.1868,608.3792
1149.7799,360.07254,291.63953,333.10638,337.80664
971.32837,275.17123,375.03857,159.107,2467.047
745.3844,252.94655,369.61325,246.87228,3191.1892
602.02264,466.04504,679.04877,584.84296,571.78625
534.85895,670.922,688.01666,586.99133,573.1305
507.1396,858.85504,572.2347,601.0064,572.8143
646.26996,315.32733,488.5693,517.9483,747.0074
596.6921,325.52402,591.7613,555.9883,632.6162
645.61053,1009.5307,571.0799,614.3853,569.6149
783.53625,278.06378,852.6013,613.53296,576.721
557.32605,416.21194,364.82498,3188.1638,538.91296
310.47836,545.77783,2044.8623,461.39087,606.6416
551.41296,901.50775,442.68423,567.8227,563.12225
1579.3029,186.92528,331.53723,426.28076,576.0912
363.3026,252.6212,215.5399,472.09302,638.5336
202.5259,363.27383,228.6429,413.29538,725.49164
325.39246,436.91418,271.77353,398.73135,609.5912
548.68695,182.25041,88.95036,289.70004,259.32288
392.1884,131.3398,722.4739,288.89145,331.55853
559.5469,217.53069,482.16086,198.35355,287.3602
636.8915,797.01666,72.99237,407.45636,46.58526
723.7652,492.3364,285.92734,617.3447,561.4704
829.2859,754.93866,429.5844,608.72614,568.9123
616.35736,833.0427,591.39417,593.93414,575.63226
732.5702,1271.1835,2525.7097,744.27167,585.0892
996.1399,875.73596,822.13416,666.6156,805.1364
1226.2202,557.59564,595.685,606.56116,589.529
1098.9996,146.2354,427.6561,109.061455,657.8212
817.1421,280.82315,304.30148,552.9328,853.2867
834.1367,309.3299,294.2648,922.51807,410.10056
721.8426,612.1345,691.1949,572.8075,576.57983
731.0019,1365.5758,442.4997,614.3797,570.21
706.97455,1038.357,544.40063,601.18616,574.8206
571.5246,799.27185,1213.6947,734.031,583.01526
616.21954,1152.4489,443.93784,4660.961,457.93198
717.9636,731.09375,901.365,559.5733,590.8663
1325.5762,518.5585,855.6968,517.3946,581.4182
847.07916,654.1934,712.66205,568.39276,577.95953
596.0005,798.84344,754.3355,582.6989,580.6706
536.9767,973.45245,1456.5444,687.9538,576.8602
803.94476,1802.9895,620.0867,970.8984,523.87006
545.9601,276.57428,1202.0375,276.19464,329.81415
885.44147,299.44122,274.3489,1374.9567,3012.4463
741.87573,67.44616,104.71446,180.70071,865.5396
319.59387,167.8573,491.73984,7111.6807,40.148117
258.9793,891.4139,3179.2263,264.9594,566.3023
381.7686,1099.6045,13.540044,184.47095,38.810715
129.69846,199.17046,147.92227,206.49689,234.85297
88.114235,492.03036,2833.2483,825.7403,438.50217
122.01863,877.4235,893.26807,636.64966,568.6277
215.5993,1101.4763,1244.4089,1057.8302,693.8482
143.14682,5624.1416,4184.898,1633.0305,349.9615
1642.7941,332.2519,108.3133,27.755756,11.127816
7406.2188,78.55852,322.04315,386.14478,804.21075
6942.483,83.536156,352.21982,452.65112,614.14526
