131.64,108.89,86.14,63.39,40.64,17.89,0.0,0.0,0.0,0.0,
22.01,0.0,0.0,0.0,0.0,0.0,0.0,0.0,0.0,0.0,
0.0,0.0,0.0,0.0,0.0,0.0,0.0,0.0,0.0,0.0,
0.0,0.0,0.0,0.0,0.0,0.0,0.0,0.0,0.0,0.0,
0.0,0.0,0.0,0.0,0.0,0.0,0.0,0.0,0.0,0.0,
0.0,0.0,0.0,0.0,0.0,0.0,0.0,0.0,0.0,0.0,
0.0,0.0,0.0,0.0,0.0,0.0,0.0,0.0,0.0,0.0,
118.04,115.89,113.74,111.59,109.44,107.29,105.14,102.99,100.85,98.7,
1157.76,1230.6,1303.43,1376.27,1449.1,1521.94,1594.77,1667.61,1740.44,1813.27,
1097.39,1164.08,1230.76,1297.44,1364.12,1430.8,1497.48,1564.16,1630.84,1697.52,
1001.78,1059.37,1116.97,1174.56,1232.15,1289.75,1347.34,1404.93,1462.52,1520.12,
902.66,950.93,999.2,1047.47,1095.75,1144.02,1192.29,1240.56,1288.84,1337.11,
837.78,879.6,921.41,963.22,1005.04,1046.85,1088.66,1130.47,1172.29,1214.1,
720.18,750.74,781.31,811.87,842.44,873.0,903.57,934.13,964.7,995.26,
673.59,699.16,724.73,750.29,775.86,801.43,826.99,852.56,878.12,903.69,
578.67,595.23,611.79,628.35,644.91,661.47,678.03,694.59,711.15,727.71,
670.94,691.37,711.81,732.25,752.68,773.12,793.56,813.99,834.43,854.87,
1024.07,1070.51,1116.95,1163.39,1209.83,1256.27,1302.71,1349.15,1395.59,1442.03,
2827.12,2998.72,3170.32,3341.92,3513.52,3685.12,3856.72,4028.33,4199.93,4371.53,
2593.36,2743.23,2893.1,3042.97,3192.85,3342.72,3492.59,3642.46,3792.34,3942.21,
2292.74,2413.85,2534.95,2656.06,2777.17,2898.28,3019.39,3140.49,3261.6,3382.71,
1980.74,2072.0,2163.27,2254.53,2345.8,2437.06,2528.33,2619.59,2710.86,2802.13,
1704.56,1769.08,1833.6,1898.12,1962.64,2027.16,2091.68,2156.21,2220.73,2285.25,
1447.01,1487.07,1527.13,1567.19,1607.25,1647.32,1687.38,1727.44,1767.5,1807.57,
1185.77,1199.97,1214.16,1228.36,1242.56,1256.75,1270.95,1285.15,1299.34,1313.54,
890.24,875.8,861.35,846.91,832.47,818.02,803.58,789.14,774.69,760.25,
582.07,538.62,495.16,451.71,408.25,364.8,321.34,277.89,234.43,190.98,
299.54,229.37,159.2,89.03,18.85,0.0,0.0,0.0,0.0,0.0,
644.91,631.34,617.77,604.21,590.64,577.07,563.51,549.94,536.38,522.81,
439.25,406.82,374.4,341.98,309.55,277.13,244.7,212.28,179.85,147.43,
328.19,282.68,237.16,191.64,146.12,100.6,55.08,9.56,0.0,0.0,
110.19,43.59,0.0,0.0,0.0,0.0,0.0,0.0,0.0,0.0,
1120.72,1121.81,1122.91,1124.0,1125.09,1126.18,1127.28,1128.37,1129.46,1130.55,
783.31,752.18,721.06,689.94,658.81,627.69,596.57,565.44,534.32,503.2,
640.91,593.48,546.06,498.64,451.21,403.79,356.37,308.94,261.52,214.1,
348.68,272.59,196.49,120.4,44.31,0.0,0.0,0.0,0.0,0.0,
112.14,18.6,0.0,0.0,0.0,0.0,0.0,0.0,0.0,0.0,
48.92,0.0,0.0,0.0,0.0,0.0,0.0,0.0,0.0,0.0,
1125.91,1179.25,1232.6,1285.95,1339.3,1392.65,1445.99,1499.34,1552.69,1606.04,
1012.3,1055.11,1097.93,1140.74,1183.56,1226.37,1269.19,1312.0,1354.81,1397.63,
858.42,886.6,914.78,942.96,971.13,999.31,1027.49,1055.67,1083.85,1112.02,
734.55,749.98,765.4,780.82,796.25,811.67,827.1,842.52,857.95,873.37,
608.61,612.1,615.59,619.08,622.57,626.06,629.55,633.04,636.53,640.02,
457.44,447.38,437.33,427.27,417.21,407.15,397.09,387.04,376.98,366.92,
330.28,308.97,287.67,266.36,245.05,223.75,202.44,181.13,159.82,138.52,
199.23,165.44,131.65,97.86,64.07,30.29,0.0,0.0,0.0,0.0,
158.31,117.74,77.16,36.58,0.0,0.0,0.0,0.0,0.0,0.0,
4.52,0.0,0.0,0.0,0.0,0.0,0.0,0.0,0.0,0.0,
0.0,0.0,0.0,0.0,0.0,0.0,0.0,0.0,0.0,0.0,
0.0,0.0,0.0,0.0,0.0,0.0,0.0,0.0,0.0,0.0,
0.0,0.0,0.0,0.0,0.0,0.0,0.0,0.0,0.0,0.0,
0.0,0.0,0.0,0.0,0.0,0.0,0.0,0.0,0.0,0.0,
216.85,210.29,203.74,197.19,190.64,184.08,177.53,170.98,164.43,157.87,
153.48,140.61,127.74,114.87,101.99,89.12,76.25,63.37,50.5,37.63,
206.27,201.54,196.81,192.07,187.34,182.61,177.88,173.15,168.42,163.68,
643.43,670.09,696.75,723.41,750.07,776.73,803.39,830.05,856.71,883.37,
2298.85,2441.08,2583.3,2725.52,2867.75,3009.97,3152.2,3294.42,3436.65,3578.87,
2163.61,2291.32,2419.03,2546.74,2674.45,2802.16,2929.87,3057.58,3185.29,3313.01,
2922.27,3107.48,3292.69,3477.9,3663.11,3848.32,4033.54,4218.75,4403.96,4589.17,
2716.27,2880.8,3045.34,3209.87,3374.4,3538.93,3703.46,3867.99,4032.52,4197.05,
2441.82,2579.87,2717.92,2855.97,2994.02,3132.07,3270.12,3408.17,3546.22,3684.27,
2178.72,2292.35,2405.98,2519.61,2633.24,2746.87,2860.5,2974.13,3087.76,3201.39,
1927.64,2017.2,2106.75,2196.31,2285.87,2375.42,2464.98,2554.54,2644.09,2733.65,
1641.31,1703.2,1765.09,1826.98,1888.87,1950.76,2012.65,2074.54,2136.43,2198.32,
1576.9,1627.44,1677.99,1728.53,1779.07,1829.61,1880.16,1930.7,1981.24,2031.79,
1273.02,1295.03,1317.05,1339.06,1361.08,1383.09,1405.11,1427.13,1449.14,1471.16,
1034.33,1036.32,1038.32,1040.32,1042.32,1044.32,1046.31,1048.31,1050.31,1052.31,
729.87,703.09,676.32,649.55,622.77,596.0,569.22,542.45,515.67,488.9,
449.36,395.6,341.83,288.07,234.3,180.54,126.77,73.01,19.24,0.0,
270.36,203.08,135.8,68.52,1.24,0.0,0.0,0.0,0.0,0.0,
120.21,35.38,0.0,0.0,0.0,0.0,0.0,0.0,0.0,0.0,
0.0,0.0,0.0,0.0,0.0,0.0,0.0,0.0,0.0,0.0,
318.98,235.83,152.68,69.53,0.0,0.0,0.0,0.0,0.0,0.0,
0.0,0.0,0.0,0.0,0.0,0.0,0.0,0.0,0.0,0.0,
0.0,0.0,0.0,0.0,0.0,0.0,0.0,0.0,0.0,0.0,
0.0,0.0,0.0,0.0,0.0,0.0,0.0,0.0,0.0,0.0,
605.73,595.15,584.57,573.98,563.4,552.82,542.24,531.65,521.07,510.49,
449.4,426.04,402.69,379.33,355.97,332.61,309.26,285.9,262.54,239.19,
762.79,789.39,815.98,842.58,869.17,895.77,922.36,948.96,975.55,1002.15,
842.22,873.91,905.61,937.3,968.99,1000.68,1032.38,1064.07,1095.76,1127.45,
854.65,884.49,914.34,944.19,974.04,1003.88,1033.73,1063.58,1093.43,1123.27,
736.86,755.05,773.25,791.44,809.63,827.82,846.01,864.21,882.4,900.59,
601.59,607.55,613.5,619.45,625.4,631.35,637.31,643.26,649.21,655.16,
662.61,669.7,676.79,683.88,690.97,698.06,705.15,712.24,719.33,726.42,
615.35,623.58,631.81,640.05,648.28,656.51,664.75,672.98,681.21,689.45,
463.15,456.92,450.7,444.48,438.25,432.03,425.8,419.58,413.35,407.13,
360.97,344.05,327.13,310.22,293.3,276.38,259.46,242.55,225.63,208.71,
214.79,183.62,152.45,121.29,90.12,58.95,27.78,0.0,0.0,0.0,
85.69,42.31,0.0,0.0,0.0,0.0,0.0,0.0,0.0,0.0,
0.0,0.0,0.0,0.0,0.0,0.0,0.0,0.0,0.0,0.0,
106.56,63.53,20.5,0.0,0.0,0.0,0.0,0.0,0.0,0.0,
0.0,0.0,0.0,0.0,0.0,0.0,0.0,0.0,0.0,0.0,
270.66,260.84,251.03,241.22,231.4,221.59,211.78,201.96,192.15,182.34,
175.29,156.35,137.41,118.47,99.53,80.59,61.65,42.72,23.78,4.84,
111.81,86.18,60.55,34.91,9.28,0.0,0.0,0.0,0.0,0.0,
105.72,83.41,61.11,38.8,16.49,0.0,0.0,0.0,0.0,0.0,
459.02,467.37,475.72,484.07,492.42,500.77,509.12,517.47,525.82,534.17,
377.58,377.77,377.95,378.14,378.32,378.51,378.69,378.87,379.06,379.24,
286.25,278.13,270.02,261.9,253.78,245.66,237.54,229.42,221.3,213.18,
337.84,337.57,337.3,337.03,336.75,336.48,336.21,335.94,335.66,335.39,
360.0,364.63,369.26,373.89,378.51,383.14,387.77,392.4,397.03,401.66,
498.65,512.36,526.07,539.78,553.49,567.2,580.91,594.62,608.33,622.04,
455.92,464.42,472.92,481.42,489.92,498.42,506.92,515.43,523.93,532.43,
1014.77,1068.65,1122.52,1176.39,1230.27,1284.14,1338.02,1391.89,1445.76,1499.64,
1350.42,1424.92,1499.42,1573.92,1648.42,1722.92,1797.42,1871.93,1946.43,2020.93,
1226.09,1287.78,1349.46,1411.14,1472.82,1534.5,1596.18,1657.86,1719.54,1781.22,
1125.53,1177.78,1230.02,1282.27,1334.52,1386.76,1439.01,1491.25,1543.5,1595.74,
977.63,1015.73,1053.84,1091.94,1130.04,1168.15,1206.25,1244.35,1282.46,1320.56,
826.55,850.48,874.4,898.32,922.25,946.17,970.1,994.02,1017.95,1041.87,
666.57,675.27,683.96,692.66,701.36,710.05,718.75,727.45,736.14,744.84,
657.14,669.86,682.57,695.28,708.0,720.71,733.42,746.14,758.85,771.56,
590.46,595.61,600.76,605.91,611.06,616.21,621.36,626.51,631.65,636.8,
464.74,457.9,451.07,444.23,437.4,430.56,423.73,416.89,410.06,403.23,
327.4,307.29,287.17,267.06,246.94,226.83,206.71,186.6,166.49,146.37,
214.34,183.77,153.21,122.65,92.08,61.52,30.96,0.39,0.0,0.0,
67.17,22.53,0.0,0.0,0.0,0.0,0.0,0.0,0.0,0.0,
233.11,208.99,184.87,160.76,136.64,112.52,88.4,64.28,40.17,16.05,
159.52,127.57,95.63,63.69,31.75,0.0,0.0,0.0,0.0,0.0,
49.72,6.63,0.0,0.0,0.0,0.0,0.0,0.0,0.0,0.0,
0.0,0.0,0.0,0.0,0.0,0.0,0.0,0.0,0.0,0.0,
0.0,0.0,0.0,0.0,0.0,0.0,0.0,0.0,0.0,0.0,
0.0,0.0,0.0,0.0,0.0,0.0,0.0,0.0,0.0,0.0,
386.71,367.42,348.13,328.84,309.55,290.26,270.97,251.68,232.39,213.11,
766.61,790.64,814.66,838.68,862.71,886.73,910.76,934.78,958.81,982.83,
930.94,980.77,1030.6,1080.43,1130.25,1180.08,1229.91,1279.74,1329.56,1379.39,
848.53,891.28,934.04,976.79,1019.55,1062.3,1105.06,1147.81,1190.57,1233.32,
866.57,909.48,952.39,995.3,1038.21,1081.12,1124.04,1166.95,1209.86,1252.77,
770.08,803.83,837.57,871.31,905.05,938.79,972.53,1006.27,1040.02,1073.76,
663.99,687.65,711.31,734.97,758.63,782.29,805.95,829.62,853.28,876.94,
571.04,585.45,599.85,614.26,628.67,643.08,657.49,671.89,686.3,700.71,
496.82,504.03,511.23,518.44,525.65,532.85,540.06,547.27,554.48,561.68,
422.24,424.0,425.77,427.53,429.3,431.06,432.83,434.59,436.36,438.13,
354.85,349.81,344.77,339.73,334.69,329.66,324.62,319.58,314.54,309.5,
260.43,246.46,232.49,218.53,204.56,190.59,176.62,162.65,148.68,134.72,
251.94,235.47,219.01,202.55,186.08,169.62,153.16,136.69,120.23,103.77,
171.16,146.29,121.42,96.55,71.68,46.8,21.93,0.0,0.0,0.0,
120.66,94.18,67.7,41.22,14.74,0.0,0.0,0.0,0.0,0.0,
52.55,20.58,0.0,0.0,0.0,0.0,0.0,0.0,0.0,0.0,
0.0,0.0,0.0,0.0,0.0,0.0,0.0,0.0,0.0,0.0,
80.74,47.2,13.67,0.0,0.0,0.0,0.0,0.0,0.0,0.0,
33.5,0.0,0.0,0.0,0.0,0.0,0.0,0.0,0.0,0.0,
386.55,369.52,352.5,335.48,318.45,301.43,284.4,267.38,250.35,233.33,
724.52,752.66,780.8,808.95,837.09,865.24,893.38,921.53,949.67,977.82,
770.77,808.34,845.91,883.47,921.04,958.61,996.18,1033.75,1071.32,1108.88,
2132.83,2266.76,2400.69,2534.63,2668.56,2802.49,2936.42,3070.35,3204.28,3338.22,
1934.47,2049.42,2164.38,2279.33,2394.28,2509.24,2624.19,2739.15,2854.1,2969.06,
1815.36,1920.67,2025.99,2131.3,2236.62,2341.93,2447.25,2552.56,2657.88,2763.19,
1635.51,1723.46,1811.42,1899.37,1987.32,2075.28,2163.23,2251.18,2339.14,2427.09,
1426.5,1494.76,1563.01,1631.27,1699.53,1767.79,1836.04,1904.3,1972.56,2040.81,
1233.95,1284.26,1334.57,1384.88,1435.19,1485.5,1535.81,1586.12,1636.43,1686.74,
