30.640024,23.917313,471.301,46.45517,416.21783
5.6495333,900.0685,591.6653,269.50812,608.288
3877.4915,375.8695,4637.9736,4293.0146,24.845112
721.0801,22.30594,1003.1896,60.014782,121.01423
401.3504,994.8685,2267.5544,21.492064,172.60342
51.033546,535.9555,363.96896,96.597946,252.8044
78.976616,14.251323,1795.1342,20.353941,4088.9622
4.00488,182.4442,1655.547,167.70686,36.03348
4538.8047,4.039917,4.07928,15.582267,285.9519
1871.6453,5.8393393,161.01761,206.86545,352.61942
18.653923,11.674043,94.149895,410.54617,231.88098
341.47507,14.860157,43.965458,767.3825,90.76873
25.799559,11.574007,64.05384,27.988388,107.10815
15.524892,1244.3561,571.1264,50.535355,23.816622
24.641533,82.381744,122.50261,239.18413,229.68965
270.79932,5.1437526,143.26971,96.21155,276.4696
213.48895,12.450894,5.5519676,4225.821,3661.106
23.294722,5.7932796,4861.3174,3889.4731,35.07063
73.90173,146.91602,642.51483,137.3933,1463.7408
3657.8535,4.406282,75.88416,4930.7485,4707.474
1845.4597,428.96594,30.482988,2193.3416,23.205757
177.3937,50.88614,1358.6343,201.16737,1668.3993
522.8762,351.5278,360.07318,405.0151,387.5079
3026.9539,3999.475,4414.727,81.631805,8.488375
9.401539,22.32964,83.445984,358.61414,637.3485
10.172439,359.04987,5.790397,1094.6282,4565.0986
48.835304,99.98469,1209.6859,246.94127,1459.7191
3544.5918,8.374861,407.2477,195.9082,938.92596
16.210245,10.725761,14.776376,215.96768,586.77246
161.44366,3152.799,302.43024,3063.0242,424.96973
680.7353,28.279114,352.43396,56.117943,164.84659
585.5984,45.58875,244.70485,145.30257,155.6044
242.34262,6.610881,665.57495,866.1134,1976.6119
462.7,45.96145,192.23422,3682.082,4803.549
118.38313,53.37251,4664.4277,72.95287,178.04045
372.2551,122.272156,186.98201,221.48628,445.03647
609.2581,1063.0652,17.2789,142.04797,344.687
307.33508,187.89612,288.78168,135.55305,60.896458
752.2798,4525.4097,680.7063,35.193977,4.6194425
323.87314,439.1691,498.40735,464.36774,350.46533
21.482857,4.8269944,4929.8535,562.1271,68.03052
21.675766,1008.1321,17.456331,188.84482,147.14577
197.55428,147.74438,1829.4019,1131.7876,76.72748
1432.404,515.0242,224.14917,9.325361,1112.3153
5.4996023,2138.0466,2240.6829,962.76416,177.3681
2545.9978,4349.0596,15.613627,4.463286,930.3956
213.89612,298.10913,338.90375,356.65097,427.67847
193.77386,692.5419,2518.693,126.02236,126.71651
11.683548,200.3736,1303.0267,52.6795,4930.6997
4382.028,805.98096,3651.6858,131.09033,39.013817
71.42599,117.08338,340.9028,360.2807,401.04575
166.16708,76.82413,4.0324354,257.4085,100.36
28.989119,74.37017,178.05519,61.99007,258.8633
6.0577383,4723.7646,357.4862,20.6977,3008.224
95.34166,4908.203,2498.3787,906.3397,189.61928
107.38992,473.63354,53.86257,312.78262,297.7021
255.84077,58.36781,32.285576,35.115913,138.47435
12.813429,787.98425,20.943336,393.57867,1772.7627
4.4237633,4795.179,4.53507,10.315993,69.04529
11.705252,31.154196,30.830069,444.04684,100.75181
1570.9061,1467.6321,11.777812,2368.165,3516.623
27.811783,4.019848,17.355705,219.7728,1036.9547
12.04626,127.756905,116.6989,2937.4958,135.73378
1916.1,15.731539,806.6925,971.8935,31.430489
44.35191,690.988,1391.9331,290.45282,282.3918
66.247894,148.64717,813.0185,7.9335747,32.29978
203.95102,100.635956,17.28324,83.53962,88.18129
2918.796,27.528347,266.34985,1411.0417,55.32539
1351.1559,14.804228,538.21783,226.78593,2200.4639
33.26471,24.854338,4728.128,4880.553,4.2430177
124.73461,5.1683745,99.45822,2430.0764,28.357416
91.623436,524.46625,1634.5651,322.38998,233.98068
26.995588,50.81361,424.1854,166.58504,634.2668
681.87866,286.49304,91.673836,282.72495,1567.0483
57.36924,18.458128,133.97758,75.38469,756.805
27.523712,57.19407,256.31537,213.76051,300.15833
454.14047,4.0089283,70.22946,270.48376,242.73874
4.749251,80.11038,712.60535,419.48843,211.85461
1287.8403,367.34747,636.22955,56.89534,130.61841
1388.1327,3777.5972,542.03186,12.418268,1675.2053
214.36946,40.921333,2642.5833,308.93887,568.418
4240.3086,6.5583935,6.2670455,1608.816,1550.2415
364.24268,360.4569,287.27618,300.1736,393.38385
3551.8,685.0725,8.239179,32.630566,100.33666
856.3202,164.91078,101.02445,472.85028,752.3458
4.9304104,628.4967,6.8915567,575.4812,529.11255
46.71733,184.12032,106.8394,115.48619,220.63847
2787.6555,1493.1632,245.33368,184.73586,19.121939
7.5582256,28.429108,40.574257,34.352192,1595.5122
582.2772,89.44327,3456.2026,3508.7786,67.07685
18.205963,24.317963,48.105034,166.69849,5.130947
16.719635,17.727337,362.43588,56.679947,131.6275
4159.467,4.340423,40.30098,381.14346,292.9601
1739.1044,4760.293,34.13275,10.852655,689.1946
560.09406,24.46532,161.39221,4922.9272,550.40546
338.76663,22.891996,21.517391,152.6702,3563.2593
8.096849,213.18163,53.437298,133.03673,375.01474
4719.667,1190.7993,2108.513,228.81413,1900.3997
13.50502,3038.523,4928.5957,721.73755,71.34098
394.0129,4926.498,7.684772,7.0800824,35.908
12.5699415,517.3656,396.68524,70.63528,18.895103
1164.4801,46.63102,680.37646,750.59973,52.844395
1165.4803,35.30551,130.94826,327.02582,251.79935
106.2059,30.9331,6.1857967,22.037874,18.93716
143.50082,1487.3778,29.427567,3559.7368,36.925423
3279.59,139.1865,1415.6849,3880.8198,41.93009
95.17083,33.56745,776.637,345.6544,257.5626
8.080494,498.58505,763.11926,21.569746,3246.5923
122.052505,17.60038,41.12667,173.02446,1165.9729
472.69452,4.630914,4928.3,271.6249,7.190815
54.29697,33.389236,4929.702,11.254424,21.695839
8.817317,410.89365,2212.86,9.264887,3454.2976
7.1464205,1839.335,153.02913,325.0536,4930.9717
13.744429,963.1264,4.3487844,169.41928,448.5192
500.46097,101.35764,302.8292,683.27545,215.83269
71.25315,1640.1973,2254.753,23.51263,282.4205
85.479935,104.68175,738.3263,184.56488,211.9682
4.954064,150.4448,3887.1086,4655.178,1640.8374
4397.18,5.9169416,617.92316,4930.977,173.90413
4.3242564,4683.5312,4.2051983,24.028557,4356.292
9.036349,48.14603,163.23976,1696.2257,19.122894
417.27063,4648.2505,1481.5425,83.97421,182.0018
1048.9855,19.749683,28.33138,511.98447,2185.671
1401.8295,931.9924,2232.3938,151.60385,205.41354
1479.2263,40.27815,1867.052,413.7303,251.44969
24.142025,4927.509,130.42615,346.1575,127.28265
659.2041,639.2612,11.951329,236.32413,127.938484
4463.7812,140.51328,11.047425,898.851,49.930435
602.30316,11.166371,160.3319,92.09139,172.12344
276.87622,767.33234,251.01399,64.48636,1008.6363
15.092213,4.00204,41.057735,178.68573,1355.3782
2511.2798,27.655281,4.0116105,4625.012,83.84642
16.394785,4.3480964,101.95584,2182.6692,1644.6366
3912.0828,1662.2592,4930.9727,2148.8962,4.3988605
2810.509,99.48844,8.621237,33.879055,520.9873
1764.1415,39.00538,404.5619,1154.663,91.6403
28.820396,485.43723,3790.295,3921.4177,4930.51
4926.124,488.25964,4.141817,68.25693,4851.1396
409.1894,2243.811,18.295067,117.80981,1983.2355
249.51244,49.164967,184.69353,70.58949,4699.1587
95.73525,2131.2678,4573.0146,242.5033,705.7206
2174.6853,4830.397,4928.373,2744.7793,147.53636
3765.7993,286.06308,18.798063,43.613926,798.72235
17.462276,211.91782,494.92184,4.7858953,21.994972
989.322,16.948689,2593.7585,1907.4717,4899.206
232.76208,668.4501,15.4182005,2774.081,1287.0422
4.486305,40.873627,531.40967,66.95511,1543.0118
632.13824,1005.9326,6.453226,48.572113,29.096308
24.303436,547.5541,1898.6022,508.75488,7.06356
22.488523,4.3189697,4516.486,7.7672296,17.332697
4450.371,532.9228,4818.0786,5.6369567,34.966187
561.8121,4.2977695,4.0095644,11.1632395,1701.6912
1288.7383,87.82591,4834.4165,20.118675,9.277928
323.87314,439.1691,498.40735,464.36774,350.46533
399.54916,6.2022753,154.08173,1254.724,349.49066
456.34006,689.3337,197.9577,223.38527,471.60486
1205.0502,4.809614,718.9702,50.18813,1224.8606
490.53033,90.45505,4214.6147,79.53227,296.28302
3231.1677,4.319146,322.42422,142.61444,31.759092
43.1972,88.34249,449.68042,1481.9321,927.14886
1966.7291,12.571059,489.89005,3560.4683,433.80698
15.977785,58.839542,4895.82,41.182354,1454.3654
287.67798,389.7966,845.80676,118.35426,136.53882
591.77295,447.15347,2367.8528,99.66071,610.24976
4057.503,4.4423175,59.709896,70.38876,4921.231
619.6218,7.887313,504.9848,13.97639,282.01126
203.6318,1280.305,1233.9946,45.231186,927.7865
27.590555,4482.9946,111.58931,216.12103,485.88425
32.123295,54.702927,183.59523,3285.504,109.15932
39.280266,1768.318,4728.0,4.629041,81.39701
3407.5042,16.308594,55.07972,326.25598,104.976135
185.171,214.46715,264.9124,581.6917,231.77405
757.90643,7.750804,51.818985,105.326996,282.46957
881.19446,534.72,8.450464,232.16739,169.14143
34.80482,243.21309,710.5099,123.95944,45.944332
10.812112,1301.2993,4.8291006,50.933514,65.80324
4.6033044,77.729645,453.3862,17.745758,33.412758
12.534955,4.4883466,8.1801405,4929.4077,85.41271
2279.8108,602.3226,96.101974,4489.4907,169.43736
415.02008,140.07318,241.06812,133.65694,94.09906
81.49087,101.76672,139.18875,124.428345,22.585953
262.4159,602.21594,3377.2114,42.324764,86.2516
10.7690115,169.39062,2798.051,1092.324,46.59454
361.55542,102.03366,173.88004,102.0821,882.57074
695.10785,156.39035,1238.5054,570.0067,1992.4281
89.653915,10.560161,338.8249,291.75278,521.1826
167.01965,11.71657,44.160496,957.7869,1403.841
1557.218,16.036596,619.8335,1508.0635,16.245003
1625.6355,4.0347977,50.29476,99.89977,124.6624
308.0529,102.65399,133.11356,4.7172737,11.811778
172.37358,351.40607,554.11005,485.5492,331.95056
8.567853,4817.2534,6.189597,222.81,133.02498
21.971409,187.19872,178.45088,513.31067,63.702747
3372.8342,7.2514763,241.40077,105.12106,179.80028
1845.5746,7.6869545,189.10825,2287.136,83.777115
402.88397,241.95764,2947.254,117.020485,144.32292
140.52402,68.78354,189.75786,22.692896,4631.4995
64.11392,149.16618,909.33966,812.297,9.661976
9.683266,61.71837,186.09198,252.9766,299.32483
33.322403,40.5619,272.6866,62.741337,61.501934
117.85826,3237.7893,10.626964,63.51007,11.999751
706.7381,97.11771,188.34412,283.3847,1016.5584
3647.7727,4930.8745,23.501995,8.152763,389.37906
5.2481117,1360.5721,37.472378,17.379475,3769.527
3585.1667,20.853704,262.82516,11.307739,4307.747
276.81607,4852.743,66.849724,60.63732,71.14351
84.500175,68.77854,3467.845,1990.3822,17.24938
23.021984,2653.0254,6.4846,25.115585,318.81287
296.50775,4.0703635,143.65953,478.13876,17.057005
133.41042,47.112183,22.552282,1881.3485,443.0552
1616.278,877.1601,1308.007,912.28455,360.49066
234.25705,165.7663,49.274117,998.1788,192.26155
6.012445,401.07196,4919.471,255.59499,114.62808
247.0742,108.66335,11.947224,156.22852,112.15601
5.1542506,8.17376,175.67137,4425.54,1548.8129
248.66133,56.00169,4806.539,690.88196,198.55429
220.68741,48.103096,413.0514,1804.4404,162.04953
20.33991,4.22752,1135.6978,1038.2181,769.3434
661.3832,14.047637,1331.4371,26.43651,449.63202
686.2398,5.3093166,76.568596,847.2625,85.65478
4930.9883,4.1073556,126.15557,15.97963,236.81108
4.07487,48.348827,2995.101,997.6261,1056.0554
41.24478,58.52928,111.86918,4648.1963,301.86652
7.3603053,85.68844,3284.0967,191.25299,194.28664
32.914116,18.654697,638.10114,9.593416,52.259247
148.17787,1012.3873,4.008832,52.6204,261.65475
14.679913,4365.3853,12.863597,9.941388,18.180487
4.522263,179.47285,529.8464,1159.6572,608.07245
2787.0154,4.0004296,93.43013,21.39301,148.33014
17.352264,6.6704597,4790.2456,4916.1763,4262.657
59.827236,788.936,108.260826,417.0302,44.554356
848.36743,1461.8124,23.235163,303.57285,305.18384
3922.2866,378.76883,164.69818,1220.9757,41.32929
2254.4084,413.55908,273.78027,5.0805955,20.219444
2800.3198,3145.8113,64.81707,318.1647,262.1616
35.87023,1474.9973,4344.624,386.62668,697.7592
149.00545,2019.8231,22.870003,2150.8425,19.600588
312.46753,672.3421,9.372285,138.22308,96.42433
323.87314,439.1691,498.40735,464.36774,350.46533
132.3373,365.13928,25.864199,69.55972,284.66116
19.99879,4.818651,47.687855,413.01797,4824.576
4907.1274,115.954414,18.941437,16.638311,1542.1881
61.042904,95.31033,1592.507,511.07468,124.10683
1839.5219,2012.851,4.241914,81.2364,4367.5454
19.354404,5.4235907,21.195213,78.95754,150.42834
786.6237,362.04825,4.1501083,85.031456,790.0407
41.007328,244.38115,87.09222,91.317566,3248.0146
2820.9563,61.002968,117.92341,55.502056,4830.2046
4095.801,6.292829,10.218246,6.247002,375.85556
1614.4652,36.125504,977.3661,474.8515,191.50385
2379.0579,164.38866,16.892702,370.53253,385.7966
774.2891,240.7297,6.1810393,1041.056,3366.1577
121.92654,17.502956,541.0138,37.32475,3071.0486
21.373638,148.55261,242.23206,142.79892,226.36816
12.219577,17.534895,26.868725,680.60864,1531.2179
14.754325,20.027279,69.05538,2957.857,284.12527
1974.2996,45.039494,1265.9385,599.0802,57.825603
6.9401526,405.3272,4.923482,55.981968,4873.1665
5.981875,9.090503,94.585335,284.21417,881.5619
4904.711,4.013589,5.4288325,27.949675,119.89572
19.245108,484.2529,428.18835,1024.837,171.32387
70.931755,17.520716,102.42183,23.898518,75.29616
101.794464,4875.108,41.472134,51.65821,1094.6246
879.11017,364.14807,4642.2793,506.41882,102.80569
35.863483,15.015849,229.66559,2030.9451,17.51177
8.069153,77.1579,1378.8176,1878.4865,115.695984
66.51156,60.816116,2470.1624,3351.9265,348.67978
7.4706893,7.4443326,83.22786,537.90814,9.600564
21.716156,15.417674,100.79954,4530.5586,159.37016
170.58916,1565.2175,585.35205,606.2539,75.04277
67.81207,1077.8367,312.18228,126.39631,116.60016
59.18633,154.43695,563.2902,688.52747,361.75156
71.92841,124.51487,238.6127,1121.5676,388.03415
755.5408,22.338446,423.113,961.2561,647.7633
1122.9229,2690.0815,1117.087,828.909,417.96005
2617.8035,189.29991,64.48852,476.18735,115.68995
38.549553,230.01505,19.37701,447.30582,245.8199
999.8304,2762.1045,66.734856,112.165085,3232.6833
114.831696,5.241507,6.2353973,440.1451,84.16637
370.47964,44.962776,47.90309,177.81578,222.19283
21.633514,3072.4626,1343.4486,279.60043,257.77393
777.121,569.9722,94.95215,359.85114,399.68735
46.55642,14.653041,126.21215,360.75677,459.22205
1217.3696,6.5599766,259.68906,176.57274,131.0721
6.486216,337.49582,5.9399924,21.741621,4797.151
480.65833,8.297703,24.387453,686.5295,316.31833
520.6519,70.135124,1054.2076,4844.1655,268.1576
55.860977,323.0884,4.5076036,517.905,143.62143
84.98989,999.3157,559.2697,196.13171,527.48596
4904.742,2771.531,1133.2007,1133.7795,2477.3208
42.310585,37.974224,115.9815,27.156847,140.8826
6.503887,2646.195,437.64957,20.38999,2801.7961
290.4056,46.418114,8.84057,4749.4434,9.531043
126.89185,320.7823,4925.5244,31.121534,775.63055
64.33061,79.137726,230.67717,304.07187,263.75455
127.47825,5.477364,1181.0675,4214.5957,496.95007
4181.683,4.041087,10.147837,1608.9603,66.02549
15.047393,407.6446,1211.0889,131.42752,69.97518
2459.4082,76.77204,3168.6875,171.35732,339.3949
91.1947,18.45601,1969.7311,439.48254,134.19016
10.98793,778.67224,131.16544,109.822876,99.92229
173.05487,277.6561,32.90885,622.10065,1309.7358
45.102867,118.94933,76.95524,97.24142,261.19614
211.413,39.4341,50.780766,111.651344,29.495758
63.291443,110.20885,256.13538,432.1118,185.22495
4710.187,4.0534515,4.262381,64.880806,833.6401
7.1416097,5.160144,63.542347,456.15744,386.56375
2791.714,252.63231,35.509247,479.42126,596.25226
15.886003,2533.4482,506.42056,446.84515,4766.8623
4428.886,4.7833705,4740.6543,1112.4021,106.539215
296.3181,4.6179695,122.95041,1310.6732,422.9852
297.30774,254.45206,176.28165,20.541328,203.2047
47.063446,407.92548,12.191862,1180.277,119.429855
91.09682,1463.338,1137.5923,10.584951,184.91563
2568.4841,4.3320956,164.32005,293.2273,1537.8606
4791.0874,4497.6606,466.42984,131.74742,4930.823
654.28076,91.0334,240.9415,95.93767,45.707
14.576986,4890.1772,4.138137,539.2744,60.329277
1976.3328,4597.0635,6.880106,739.05695,124.42314
646.4673,4421.44,73.64757,207.59929,38.00798
532.8903,4905.6265,29.056833,75.189156,476.89706
4.896273,4.930299,238.64473,1374.1261,4723.401
4.1286726,189.59163,5.270649,534.21875,328.6398
3563.5652,4813.738,5.122732,29.153687,2044.3828
494.27707,134.327,45.61806,851.4273,34.87612
18.231186,1031.1447,275.13974,66.77415,838.2852
16.896837,88.24049,14.296396,51.529472,256.43683
36.24583,3576.7197,2075.0085,4.9138265,10.8818245
4679.5024,1433.8323,4755.1426,208.48224,358.02646
7.5332613,8.229121,274.26068,210.14578,172.92883
71.076096,966.2709,147.65886,9.12394,28.681257
5.88105,162.6944,12.666608,20.852657,162.26003
6.9789886,3734.1704,4635.0063,91.86161,23.701584
1978.7559,1606.22,229.16104,4405.247,96.42866
62.67056,2811.8945,11.212505,521.7712,428.83154
83.888306,4415.244,405.05225,333.05377,2901.092
232.01756,85.32682,373.17664,251.2709,58.034824
126.12057,4855.7847,7.8606725,23.864376,588.3139
11.753952,6.385346,629.72437,27.567772,41.017895
56.9639,125.7845,66.246956,230.62592,270.9039
101.508484,3318.8933,40.301662,96.833534,167.27235
6.503367,1864.3481,141.0526,124.39732,2964.6763
211.80173,4505.0947,208.20541,6.551507,46.18249
2395.1643,119.46082,4.446772,41.9279,1534.8468
3740.1487,386.95966,425.99908,502.75522,715.88666
367.11322,1038.3674,8.260666,475.003,437.34332
1892.8002,327.84988,4.9938383,242.29662,169.15884
365.18967,10.307644,467.73663,1340.8148,100.422005
383.0903,4.0007734,23.42404,182.24864,799.4225
85.15967,24.038221,359.29535,312.61456,194.54681
27.429268,39.081963,4783.7397,19.635733,15.113437
64.854126,4.3121576,482.62857,3607.0107,690.02106
256.50912,5.65328,3691.8757,172.55391,103.07795
1422.8851,487.4188,102.76981,40.85011,666.14417
434.80255,82.81554,59.350338,168.4223,631.7642
99.55571,532.76697,242.07304,303.5133,266.99826
733.624,4930.873,71.1354,88.2538,27.60613
891.1549,4.2242956,25.869627,698.00635,193.20177
514.78656,120.32464,314.20575,494.15213,987.09796
3896.3372,133.3387,45.963173,213.77834,1062.2417
6.173704,329.06116,176.26349,675.2487,370.6668
23.273336,684.1443,151.02484,11.373688,112.545944
56.438763,25.604036,189.43883,80.596855,276.45413
6.1408796,64.34419,3268.0417,88.55665,30.795649
4.456728,4822.3145,115.765175,4.5451593,2581.2632
2991.7383,12.03202,194.2299,30.552687,101.93616
745.66046,1781.8752,50.76252,459.41458,17.181442
839.23535,4.197924,4.049212,54.723938,172.21613
884.13794,3064.037,14.787205,160.72684,207.06851
159.99005,299.42123,55.89184,123.14828,1195.1677
134.50455,65.85815,26.23013,4930.9233,1967.8778
657.9343,855.5431,676.39276,167.92737,97.09728
341.7924,9.7322445,12.086662,27.185196,36.919823
16.308687,33.95491,22.18603,1571.5997,424.87756
42.51902,418.70004,368.91132,54.728752,1150.7206
134.34805,183.75926,735.14124,923.16016,2130.278
13.977184,4627.8926,294.07797,329.81012,310.78445
255.43257,978.574,42.696136,147.05211,757.8995
43.30106,11.784817,336.1137,59.704956,197.96675
54.616856,14.37013,150.6749,2242.6616,6.87664
3003.5396,4.0653157,338.94305,26.03503,101.780846
3351.3462,74.21435,23.32263,265.94107,1332.6709
2578.8997,392.33093,9.380216,817.6485,1490.8273
216.17197,55.177383,868.56793,59.134045,182.51814
65.20461,4.7285676,4448.5747,29.273178,406.74362
737.2323,2039.6855,1354.6674,3270.436,756.70905
22.864035,2923.3186,4855.103,468.9129,42.242477
10.5482435,266.2034,4.112299,30.407856,258.4207
18.53088,1304.9917,94.25111,178.15665,627.5002
125.31148,535.7483,177.91928,273.48325,271.15952
686.72736,387.3646,4593.367,4180.986,4.963278
109.51781,393.61505,710.06226,226.73715,1046.1417
12.273713,338.2279,205.4187,82.93041,3817.346
2408.784,248.54936,4570.8784,33.04286,59.485104
77.87447,27.686846,372.65936,78.28949,289.3121
380.9218,44.455322,28.372725,358.18994,62.18106
13.8186455,68.05777,186.17177,66.77988,58.534634
107.30994,146.5572,73.18626,44.081898,166.99127
33.23633,4.503504,1089.6622,37.16916,1745.2329
121.490814,342.33167,781.77295,276.01025,1081.9796
153.44493,2808.2563,483.45807,72.20426,456.94055
573.6398,758.56146,150.87729,841.1134,2347.6206
690.95483,54.059547,303.24106,429.37607,4129.013
487.27094,278.62646,493.7402,52.508526,289.5723
54.68761,159.75615,4593.5986,124.60052,144.26036
2112.451,18.524876,651.05817,104.776505,379.54657
36.86537,2945.2837,4398.2417,153.80702,528.7248
248.81369,282.87247,401.41077,141.21965,159.34985
29.137486,222.6045,165.35132,415.6804,198.23769
299.84525,2084.1885,588.11835,4770.385,151.8123
24.393417,322.79025,274.73447,190.69316,218.95047
309.14124,4748.1045,14.718914,345.14954,740.4018
575.8286,121.388374,97.40426,20.892319,40.310307
32.442074,16.227634,868.9218,940.73706,2980.349
4.0060267,4.869925,281.87177,256.3611,238.30754
4718.733,23.09289,804.98175,2186.5173,4443.5557
477.4451,6.754565,59.703434,62.7824,483.05054
251.81664,37.801067,469.72372,43.118828,360.28717
4.455305,303.14523,5.902839,449.1236,465.29718
342.98547,57.18682,2313.5442,233.58247,231.32097
199.57303,4884.5635,6.6841745,148.92647,63.444115
43.860195,33.53799,105.70162,99.15378,231.55008
5.827229,4892.43,367.16055,365.5122,9.702354
279.77948,1999.2446,213.3885,267.2919,85.50432
24.7806,712.5458,531.6112,227.05377,316.90775
8.470803,1955.8953,20.296976,175.50414,310.7761
11.420502,12.745175,75.6201,31.479206,4548.1147
14.443691,347.38107,4400.1797,18.230042,169.0489
88.37566,273.47665,180.90974,33.251812,1802.2649
94.5385,33.00069,46.104233,2991.3564,1335.4968
447.99554,1973.4146,49.26169,130.64542,232.73256
46.29585,117.50489,504.22003,226.36736,526.065
129.37245,8.903167,59.482147,1043.8729,33.877834
323.87314,439.1691,498.40735,464.36774,350.46533
1009.26764,92.89087,355.49765,469.10074,434.83078
4300.3213,256.05832,5.780423,340.62817,3368.9968
3848.7415,4.0792804,5.7863927,81.45301,3608.603
923.0196,32.005886,196.06006,70.826,47.68546
7.7799134,605.9684,204.04651,1965.7122,70.33135
402.12506,1240.9249,3286.0996,1933.4202,4907.797
484.6753,749.20734,50.147804,56.912163,341.66324
3596.1926,2717.8157,60.77136,163.60277,759.6262
152.21388,69.46294,174.19167,94.08072,45.941715
232.51643,4.1882095,7.4972396,53.29487,90.9354
20.301817,729.03217,460.81754,18.64872,4930.9487
33.441715,37.874683,14.015319,52.98328,5.55419
6.086743,760.97125,74.45787,125.99162,702.17847
1722.6323,128.10112,197.46451,429.8055,109.49187
253.85507,5.275297,233.33502,3026.505,54.829586
34.961037,96.971016,55.59621,198.55412,587.69586
67.55352,908.35175,219.45421,65.96851,1686.8969
5.6177177,851.3224,140.07918,404.30746,176.23622
4.7529173,2294.475,639.5889,4917.204,1616.1138
5.83396,257.81458,384.09854,2345.0022,552.8579
124.18814,6.905461,6.8748546,313.16064,349.74182
7.802064,48.462727,125.41607,2318.2732,174.17471
19.551826,753.8257,1164.3784,75.320656,676.1367
301.76895,38.00511,4788.962,15.274704,29.45269
329.24142,11.120644,278.5023,2265.0186,372.90604
40.345093,368.66928,152.70854,178.76152,4785.2275
4.1249638,366.69162,2236.944,174.07207,286.08786
3199.2864,2104.0889,75.46807,121.96337,395.66885
150.66055,4182.775,252.35648,177.15527,46.985195
166.54645,760.8579,25.90146,109.2696,260.61603
41.09402,35.088505,38.210087,22.473396,96.86177
677.4271,211.7155,40.453648,123.39257,81.39853
967.6645,551.2447,88.36582,60.07449,490.67548
7.590288,57.97266,2570.1147,862.3904,23.173811
4822.6025,4.9690323,4928.157,347.81332,36.538353
302.7581,7.0324244,374.54547,354.1726,228.47887
2422.6543,1067.7731,18.953373,425.0132,1822.0114
33.813374,764.773,145.36871,21.429234,357.1857
4930.494,2037.1506,4.527579,4905.534,4794.109
46.949326,347.99667,105.54325,26.821514,375.0589
90.243484,452.62354,2653.901,77.13396,115.62734
3403.5828,123.62566,1798.4038,1063.275,90.39926
98.034744,45.94818,80.78788,1091.8602,1054.704
10.824348,1560.3922,1542.4867,2291.6655,4930.6807
250.5875,249.32541,209.18217,89.63436,507.82718
5.1606646,63.813545,120.65005,59.63166,155.22803
7.4199367,374.99445,495.29703,129.15329,696.84503
302.52655,238.04875,285.2074,361.893,375.07986
124.93577,207.00534,23.132454,623.48126,73.92069
27.295958,3651.8162,66.68827,366.32104,105.85923
987.4892,232.77318,112.28875,133.23448,3980.3308
995.26825,41.739967,134.03812,169.03772,220.87582
226.89404,68.54536,1695.371,192.7129,4930.8555
152.34956,961.563,24.636124,95.70001,289.42017
463.89212,15.405986,108.73615,46.5498,158.87578
78.1142,1850.0161,2539.9211,101.675415,1022.87274
182.9734,39.007866,13.706027,35.23444,674.2486
3703.429,1285.3333,66.569595,1196.7887,3540.8762
40.701885,853.0426,1175.8131,561.0911,4883.671
71.2985,4312.754,61.01237,269.5076,325.4941
45.674057,615.3177,100.83637,2104.9172,428.1869
8.783937,127.2544,291.8407,123.60312,54.558437
514.90967,651.81055,122.688995,16.8583,4221.0527
8.487753,3038.1914,35.33236,1763.7421,105.89168
17.828306,108.04052,140.94612,150.98105,198.48547
4.655326,17.055626,96.84838,108.744865,1013.5343
89.272285,559.89734,4184.437,47.40507,400.37427
126.25745,44.64844,19.719612,1843.7051,1502.0935
15.002085,8.130182,1182.7267,630.8575,149.4787
166.50165,713.6984,256.92755,468.68396,134.75992
60.641193,4.7737656,465.74774,138.95032,145.14244
3716.8733,201.89137,207.63884,118.61085,237.28897
842.30396,1215.2336,98.1933,154.81697,84.46602
393.63846,4.009974,119.041504,1723.5657,270.64197
117.46783,1788.471,315.98734,5.849821,302.13007
4.036978,36.82258,4.5291324,146.09363,543.101
62.082424,15.160243,2842.3757,1452.0522,287.2715
375.6216,1200.2078,422.0111,512.72974,171.3545
17.68148,1828.024,4.5060954,7.34604,1107.4412
1297.2126,24.176853,8.0909,276.4911,165.20554
3398.149,4.0264344,88.46323,1975.5798,4863.921
6.8527236,456.63535,45.848125,617.09784,46.039726
131.5376,479.36227,170.40443,4915.272,53.67722
7.9683886,595.4896,1371.1495,78.82657,558.7165
150.86273,123.82296,37.022457,97.47201,210.71503
25.771076,6.370052,8.543266,2539.526,210.44107
196.21461,7.061153,16.175024,119.55469,37.12467
44.958515,788.85364,27.107838,120.37221,327.0647
44.431755,125.743614,205.26842,225.28723,264.2399
203.36107,463.52347,2713.345,131.97737,52.49225
119.27291,792.2174,339.45508,359.00964,8.825615
50.863274,4.268103,181.89041,341.70813,367.22574
1558.8396,216.15096,87.3422,226.95645,4389.13
124.82831,43.24687,20.42913,263.05182,2336.8362
1239.6676,18.293314,17.162037,919.24915,328.84436
586.86237,4785.38,7.3611107,39.63762,156.38104
6.500701,8.601678,91.04837,16.093199,4929.512
4246.3843,36.382084,163.32828,50.603146,163.50673
1026.8135,10.345282,943.3971,62.121326,455.7724
154.6328,136.10625,67.43329,54.63451,103.25281
4841.9116,7.5655274,14.453127,655.5383,1191.8297
507.48578,13.822179,29.092567,4791.991,138.78569
19.484623,233.714,1132.4111,255.50027,28.406874
64.749435,16.815832,1491.221,105.54738,105.50732
18.439499,269.03143,133.5443,1292.064,433.53955
53.856125,1559.9186,159.22614,41.19589,76.51192
399.01614,4.174181,426.8173,965.9993,1344.829
323.87314,439.1691,498.40735,464.36774,350.46533
3380.8252,8.27607,3205.3008,1830.2682,113.728226
1232.0278,6.4250865,535.0895,519.1313,41.963882
44.45203,444.12616,190.89423,163.90788,862.25287
290.07556,25.567215,202.96794,781.7355,117.64515
11.264476,107.547195,1511.2039,104.62386,117.04308
298.26874,179.50612,292.4188,281.5079,395.1455
187.01378,308.2807,212.53474,401.44736,227.11977
6.12094,56.090805,4593.304,174.97675,9.42806
38.297478,31.417889,579.2128,95.14612,4929.4033
323.87314,439.1691,498.40735,464.36774,350.46533
105.56407,916.27856,4.7680116,16.769058,4109.8745
148.21162,4787.607,84.235016,247.89923,571.45685
578.3729,5.3120093,112.66401,175.2017,4916.392
5.3357096,83.15036,143.99103,10.321822,767.5969
369.33978,176.26825,75.16962,204.28798,23.664742
1163.497,2432.7307,48.32723,2269.4233,120.809814
13.942953,142.92711,166.77798,123.11807,190.49968
4892.6343,768.9593,286.9532,194.92415,1373.705
232.08595,34.076637,565.01276,71.37112,113.30208
3520.7988,4837.3525,144.75262,4.7967706,2572.2214
4929.2383,281.34198,31.286179,4911.1504,4927.3354
4752.395,4.029942,1662.3611,18.428257,564.9894
164.03603,34.21409,1097.3691,66.83611,4422.7993
1605.5099,3440.097,223.27818,115.90887,60.80913
53.346157,244.03462,21.26309,151.65172,311.67514
116.463,74.462074,475.17307,272.85776,680.58856
316.7532,3474.8828,26.788027,25.878973,31.379614
508.9955,4930.0503,9.90143,3403.0034,14.829528
142.51924,116.2665,292.71472,131.05798,2676.0283
4.0889215,22.257072,6.184543,955.87823,4.1189904
97.46899,131.6543,43.335934,26.881905,217.93259
30.473166,501.25702,170.13928,13.158727,506.2437
966.7788,5.7380424,191.87772,448.10327,41.447227
744.3663,343.53207,92.19867,179.29512,151.97443
449.5577,38.863834,1692.0914,107.803116,286.3154
10.14947,2568.3657,4930.922,43.03056,144.40215
4630.6304,4501.2925,4880.622,3013.8142,4749.273
4.8121142,9.187216,655.32245,23.843452,549.34454
310.67148,1611.9609,5.654892,20.172306,56.210575
220.66284,3891.6223,553.32855,328.56403,217.60506
4853.5933,1949.9388,80.0837,75.08689,4920.7827
76.153114,8.585131,1284.8556,765.69525,4527.559
734.8114,150.92607,5.9356103,810.81616,834.10175
523.9554,61.475925,23.339045,228.65402,438.40723
284.93478,3215.734,4803.3003,132.84991,1243.7109
325.7566,219.49129,6.3971124,373.89044,44.07928
187.09702,117.679726,663.069,216.75555,420.67517
2612.0364,62.014587,42.70207,4930.2812,477.7864
1242.6351,9.167858,164.61734,135.40254,45.107452
1803.0367,555.13934,1226.5316,242.86777,1179.6931
6.1333456,17.699167,111.766594,14.072166,1835.5852
10.655248,1130.8545,400.9356,401.9271,132.5979
4.01104,636.9891,88.26474,555.9076,121.97567
2657.1055,175.3367,50.39774,277.80014,337.58148
2085.1084,258.8246,4846.5093,9.949102,18.845684
955.772,269.64465,434.67023,1062.5677,118.41718
160.98463,2453.4763,171.71144,16.04104,2404.3809
6.974278,10.637119,391.3057,249.23311,225.30234
4312.1304,794.1474,2700.6765,5.0437374,3835.5305
3365.1775,28.107153,29.00124,663.91565,26.502485
4663.646,4412.984,4760.519,4.351046,46.289734
62.485474,575.5664,485.51474,16.356771,392.02625
50.380608,4864.518,10.134927,105.14771,644.0585
23.92402,133.79536,171.48044,4342.006,100.576614
429.63458,1605.6058,407.53583,960.76776,77.4995
14.717571,41.827553,646.74146,785.9002,10.194418
9.704677,6.8465085,72.89506,44.3093,11.826407
16.458033,816.1902,5.350198,15.786861,18.294794
195.89091,706.33295,4915.0723,464.19308,221.96031
379.79437,6.130525,614.0752,4731.3477,326.8259
1986.537,10.776081,15.301013,136.26732,1241.3818
3733.0688,3992.1372,52.861008,12.504968,112.56716
7.6458387,648.52356,25.0054,763.9403,367.0389
348.439,3908.4917,5.114987,247.99283,190.883
2738.59,29.16727,91.27814,4926.7905,4779.592
1004.6392,9.257929,3568.6194,2787.8403,93.60158
11.47485,476.44183,55.894432,9.399939,68.09788
357.35315,24.199507,42.170563,4930.9917,71.01775
495.30017,335.8607,335.44724,872.7797,163.37726
72.934265,17.137527,233.95496,154.41261,233.10335
552.63947,90.70184,20.11659,110.34614,1286.7228
4.58436,2236.767,47.739544,72.37519,764.3826
69.52346,13.628043,71.685585,557.24744,3122.1885
6.960719,173.62965,26.868715,347.6936,450.0377
1787.3143,39.779762,242.06601,511.8966,1550.8702
130.42244,5.0125074,2088.9536,35.963116,731.74066
179.84642,693.20013,93.54082,169.75908,440.31375
334.1262,2644.479,64.981705,25.889778,300.21805
304.9808,6.1604786,20.889189,14.083916,2420.4834
3326.1768,600.44666,27.547905,1241.3186,4295.1836
41.33505,37.381,257.85062,606.0689,64.68867
889.46106,24.048595,264.90762,22.507751,282.9346
309.00293,27.660559,281.75763,41.67347,277.3292
69.80605,126.43245,721.0075,22.449839,110.51189
6.7134566,450.51993,155.54808,865.394,279.78683
122.19451,71.41593,13.733375,201.31049,2328.8772
4.190109,3301.6274,26.246164,64.704216,88.10305
84.651886,18.040369,393.93286,2131.7349,116.45431
104.18454,237.75142,206.49986,75.938156,4449.8438
20.436457,4.253404,911.5051,1018.5998,2765.2031
260.08102,3184.406,56.832577,25.320427,78.02931
78.628334,62.678547,70.99043,211.97409,456.31683
1173.0139,4.059601,13.6632805,541.0725,126.20255
657.1507,47.791046,230.71078,122.66668,65.91342
4923.9854,52.84101,4.006787,86.77565,4893.1294
2373.1687,31.905123,16.930628,211.2695,242.77496
4.026247,10.158688,60.756004,636.4855,235.54771
2517.499,21.582497,121.87638,144.71732,350.09006
20.817934,4849.8687,6.779371,20.773079,468.35715
22.702034,140.75441,34.37625,93.15972,763.3523
4.1948023,22.073341,213.58553,27.403522,462.95514
744.05273,5.4663024,182.87527,706.35175,44.731007
74.61943,1159.9824,188.76091,129.7873,471.1433
269.97098,4830.5767,3749.1816,4915.3887,7.160284
323.87314,439.1691,498.40735,464.36774,350.46533
43.93181,92.432014,82.99413,34.787453,356.18143
57.08606,61.88621,22.91032,787.80206,315.4733
12.445912,347.63992,4580.794,217.14969,177.22957
11.0033455,70.57997,64.52351,285.48605,100.94762
786.2065,1014.8352,1247.5265,2390.684,2185.7988
111.028046,66.08597,65.5495,270.46982,717.6242
4260.079,19.9054,5.7102027,7.7346597,45.97363
3501.9204,4.0725718,4.0173116,8.124166,459.69083
1248.6448,7.950633,63.03059,293.77502,143.98427
68.45812,171.9118,51.11798,43.802246,4911.5615
14.584095,11.824928,161.21715,2212.9666,488.25415
2078.4473,5.5644,88.409996,620.56244,853.61304
4271.394,2877.7512,550.0033,4930.9224,4304.4165
720.94543,4.000581,295.04315,52.75763,378.81323
4.1338377,13.332062,4923.7056,100.4358,4.2296705
712.40967,212.82507,41.5531,4.218257,64.27415
62.92478,14.760355,260.31775,302.51917,51.989223
315.2353,36.723213,200.04135,318.96622,59.957718
331.59546,42.509724,309.07956,2357.9219,545.96576
4025.7556,4.0185885,23.401846,100.48175,158.05353
37.110176,94.75391,97.21324,289.23727,188.20871
24.031351,62.69403,38.529095,347.4136,372.1971
326.94156,37.959408,1634.8303,568.3389,53.399113
136.92712,346.41144,4726.437,110.14886,2495.3882
2730.301,923.4949,19.846329,2446.3337,439.46912
26.962858,60.13251,42.100357,173.31944,430.59558
175.3207,210.40697,307.96936,35.79475,515.1747
5.7238197,428.56265,80.24031,129.89325,198.45103
4771.959,33.740288,149.01996,632.0512,845.9842
5.6184406,3867.7222,192.16043,905.19836,117.07479
553.6723,101.99697,415.7767,4930.5454,963.2059
3834.337,1133.662,42.232025,5.186604,1022.5616
995.2052,2439.8074,155.10765,71.65087,407.41528
3805.5027,2892.722,28.383898,143.71953,344.59747
319.41458,78.385216,26.389954,4711.013,243.54395
67.35057,159.62932,69.1064,408.46127,329.1715
534.7887,45.068497,72.10721,931.0833,938.52686
8.677128,339.2024,3131.2234,73.69844,887.56757
4480.23,4.5225453,4.07229,12.103422,423.17117
67.90248,1223.1987,663.90857,274.41956,87.56213
532.739,139.68738,1363.4595,3853.9556,93.551636
175.47745,119.96094,161.26146,530.8831,186.94052
177.05594,19.802752,65.24526,79.01215,11.043883
88.30997,4.6000075,224.62143,1076.0935,101.8539
10.4695835,142.56903,44.176907,70.20899,640.43445
5.609323,4.3330436,173.58986,56.038136,848.4547
8.263071,342.33072,480.03012,95.942566,337.33334
54.5665,24.966312,2107.4658,2409.3945,257.04227
58.485126,222.91588,532.39264,46.852573,177.9785
838.34955,3478.6028,4922.8877,43.692436,975.00256
4.0101647,7.9262156,10.211273,624.23395,778.8397
4224.2256,1477.2584,15.195457,683.47485,155.78801
163.64728,222.73029,1127.4231,351.98416,455.25568
8.920135,3906.2913,4.513411,33.76231,18.353556
7.468785,4928.0425,844.0202,76.91316,372.95782
135.49805,15.355682,526.286,40.495895,1644.5333
5.9941444,79.688866,3601.628,37.08215,136.007
4046.7744,1031.6842,13.113725,473.30197,296.08777
136.45816,111.97956,917.0012,6.138907,4920.93
1024.8506,3305.8887,19.818743,2606.2058,110.47771
30.085318,23.50859,1207.8727,486.6217,956.6593
8.924571,2666.6047,12.755656,17.428684,292.85492
1689.4592,13.805898,270.0652,284.00122,95.05143
30.28682,1291.779,3105.45,276.6883,187.69193
158.99046,14.3846035,70.06491,103.88817,121.61689
230.4974,18.458368,21.26899,2355.638,462.23105
9.405131,1395.0977,782.6275,547.17975,388.0737
14.672228,197.11412,425.81433,294.83994,355.34302
1421.7834,863.7155,4925.588,4613.877,131.47542
10.139287,1516.5062,123.11513,220.60567,303.4148
58.18058,7.59164,310.19238,618.6521,335.1646
880.0766,64.46903,439.51306,160.51538,1047.8088
77.183365,96.891014,52.23023,481.20123,69.91645
1325.8878,5.882101,132.78525,226.93692,681.5987
304.28195,5.019737,258.0294,128.88026,734.52673
97.68226,9.311812,177.35307,175.28796,4411.507
496.40045,2355.3933,54.863667,617.3582,237.49991
635.2917,1690.1422,1168.8538,105.59482,122.81183
586.0929,5.6926246,521.0575,79.244804,146.22987
118.332634,60.041668,1282.9099,146.26451,2541.36
26.356152,31.549763,16.987425,261.9868,5.1359525
9.022188,235.63866,253.16754,16.460812,44.60663
3322.6187,22.029818,19.909378,1035.929,97.39945
96.32545,112.521454,46.61337,184.23746,264.53583
76.185425,11.1413765,805.16376,131.88683,163.0693
17.205076,538.3887,6.5399294,352.3583,129.09055
12.407022,22.677973,857.67926,26.544256,2069.475
