126.23374,0.0027397207,8.371794e-05
129.76784,0.002782791,8.367164e-05
154.14943,0.0034706148,8.43192e-05
145.4144,0.0029562204,8.3721294e-05
106.18385,0.0018115625,8.254539e-05
115.71742,0.0021415092,8.301718e-05
111.86304,0.0019903409,8.273281e-05
116.94877,0.002154817,8.293867e-05
123.614914,0.0023355947,8.3140774e-05
124.14653,0.0023024918,8.306502e-05
120.85406,0.002308459,8.333987e-05
113.36384,0.0019045798,8.2586346e-05
106.463875,0.0017707456,8.2547915e-05
110.77614,0.00190146,8.2656945e-05
105.77434,0.0018084674,8.2623206e-05
104.65581,0.0018212997,8.261942e-05
103.26125,0.0018755224,8.27497e-05
120.053116,0.0023072748,8.309132e-05
144.63838,0.0029694724,8.380549e-05
107.07673,0.0018540256,8.272003e-05
109.14675,0.0018724806,8.259706e-05
115.004616,0.0020354216,8.2795006e-05
101.44689,0.0017043262,8.252825e-05
128.30322,0.0026613437,8.357834e-05
133.46786,0.0030193198,8.432934e-05
116.88507,0.0020548177,8.264276e-05
117.982864,0.0020647554,8.27396e-05
116.072,0.0019246594,8.262606e-05
89.36614,0.0018101707,8.507118e-05
148.65402,0.0021664633,8.474243e-05
231.58142,0.001792933,8.15607e-05
234.6315,0.0017953115,8.343435e-05
186.71759,0.0034205737,9.124439e-05
65.15734,2.48526,0.0009484442
4.0772095,0.20992544,0.002115793
275.5922,0.016037337,0.00025946245
1104.1755,7.600178,0.0019222472
203.64612,0.7498659,0.00026345742
52.242126,0.041505963,0.00013424197
70.235596,0.0012472855,8.225605e-05
87.18533,0.0020052742,8.32582e-05
200.32419,0.006697545,8.713943e-05
136.09695,0.0026492036,8.3387255e-05
109.27964,0.0019062952,8.280322e-05
96.683716,0.0015790411,8.247836e-05
97.82723,0.0016965958,8.253454e-05
93.37031,0.0016754343,8.2477105e-05
120.20399,0.0025042985,8.345058e-05
134.93602,0.0029671341,8.402461e-05
131.95876,0.002671808,8.3573876e-05
95.52776,0.0016680543,8.266294e-05
90.35993,0.0019078429,8.375547e-05
133.75916,0.0023873178,8.2681225e-05
116.76482,0.0017125966,8.2125465e-05
102.360985,0.001195461,8.222735e-05
85.22929,0.0010630685,8.31154e-05
47.13604,0.0009956982,8.3990475e-05
126.24546,0.0026409728,8.3625055e-05
138.66756,0.0028506634,8.3632876e-05
131.34103,0.0025361392,8.327775e-05
126.15595,0.0023340848,8.310083e-05
115.01728,0.002001264,8.283639e-05
105.01204,0.0016738677,8.237915e-05
97.72175,0.0015821086,8.230078e-05
100.607254,0.001974626,8.33038e-05
117.79313,0.0021726147,8.281759e-05
130.17673,0.002472874,8.318901e-05
107.81126,0.0017861747,8.250227e-05
101.00218,0.0016309124,8.244453e-05
90.87225,0.0014757595,8.246169e-05
75.8404,0.0013021161,8.232668e-05
65.847305,0.0013888661,8.248905e-05
184.00629,0.005844831,8.634166e-05
246.06151,0.009148,8.893593e-05
111.542305,0.0020362367,8.287385e-05
118.47393,0.0022174693,8.303364e-05
119.72264,0.0022348166,8.303618e-05
107.146965,0.0016608415,8.2356375e-05
103.23392,0.0016487781,8.235118e-05
103.92814,0.0017862157,8.2569335e-05
113.59049,0.0021322328,8.302889e-05
126.23955,0.0023980925,8.315219e-05
130.9476,0.0025364875,8.341509e-05
112.93249,0.0018785225,8.253469e-05
113.522995,0.0018931008,8.258036e-05
112.74565,0.0018965413,8.27213e-05
97.74191,0.0014582061,8.21659e-05
88.140434,0.00145265,8.23485e-05
104.301315,0.0020038786,8.289946e-05
128.28984,0.0028380824,8.3985025e-05
78.00063,0.0023939658,8.578519e-05
158.18585,0.0025345867,8.219489e-05
160.47556,0.001602134,8.144378e-05
193.68372,0.0013875329,8.2338775e-05
178.19765,0.0027792107,8.944492e-05
22.49961,0.13924575,0.0002476559
3.109038,1.3674284,0.018263238
87.47764,0.016615389,0.00022353201
91.96565,0.2741157,0.0002085758
52.78522,0.046043888,0.00013602816
122.8327,0.0020620045,8.263488e-05
113.58233,0.0017107342,8.228823e-05
104.54434,0.0014993752,8.2344115e-05
463.41797,650.1293,0.037217125
51.274994,0.0038621838,0.000169304
132.17433,0.055922672,0.00033226382
349.9092,2.0726075,0.00040248389
58.0221,0.06940357,0.00014752008
97.8232,0.0018490002,8.293962e-05
130.15361,0.002617154,8.3381856e-05
151.03369,0.0031057599,8.3883046e-05
104.224915,0.0016536219,8.267081e-05
101.40732,0.0014636691,8.209822e-05
91.04651,0.0013686148,8.2250095e-05
79.64679,0.0014831258,8.355794e-05
76.27138,0.001192852,8.18821e-05
84.41116,0.0016754328,8.2562095e-05
111.55892,0.002625909,8.400249e-05
54.510246,0.0010936678,8.291147e-05
38.123634,0.00117507,8.393137e-05
44.331,0.8445511,0.00039231387
36.12217,41.3282,15.565507
451.9627,0.6924125,0.0012706311
671.0897,0.121464394,0.00054215104
1653.8207,6.023092,0.0025283871
1031.9338,13.573325,0.0010755031
73.709656,0.11513852,0.00016387206
55.615433,0.0012972252,8.275064e-05
159.50752,0.0060384395,8.697936e-05
234.63986,0.010474654,8.949902e-05
215.42006,0.0064613554,8.6763794e-05
132.68535,0.0026312764,8.341844e-05
63.569252,0.002001848,8.623106e-05
159.73076,0.0021407413,8.185929e-05
198.69276,0.0016197911,8.126782e-05
263.15256,0.001741387,8.318901e-05
150.99884,0.011762305,0.00010647363
16.73919,0.10287257,0.00021394847
25.399775,27.141214,6.5774417
72.38309,0.0041661784,0.00021045322
610.90485,5.3396387,0.0006528448
64.07573,0.09042193,0.00015573976
224.61263,0.0067024273,8.691932e-05
125.92016,0.002382305,8.3179795e-05
129.01842,0.002337774,8.3052655e-05
99.65521,0.00179147,8.353355e-05
113.30809,0.0016943804,8.240791e-05
115.35543,0.0015070018,8.181153e-05
103.05897,0.001192645,8.188178e-05
83.88046,0.0010342727,8.235291e-05
51.52824,0.0009306533,8.3287596e-05
28.909624,0.0012046305,8.544878e-05
