2.977131,0.048711408,2.663873e-18
201.5498,346.08218,6.8852483e-18
21.870897,76.65657,1.951922e-18
2.587472,0.039865516,2.0498226e-18
23.513607,865.80035,1.1455388e-17
23.939129,8.865451,1.3406865e-17
154.44086,1165.5033,1.6554194e-17
99.940865,1298.4729,2.480126e-17
33.57869,42.02292,1.4673367e-17
19.127728,30.986025,1.6856632e-17
213.95493,0.08288203,1.4426988e-17
104.2133,14.160939,1.7367585e-17
24.223757,3.156422,1.4012484e-17
31.973833,97.19226,2.2858888e-17
30.450289,27.986492,1.3522175e-17
716.0913,1.1113553,8.597578e-18
146.53152,7.557283,4.2842437e-17
110.34322,12.816817,2.9367842e-18
3.5292897,1.3290848,2.5582862e-18
25.267054,0.97381854,1.0384673e-17
20.217422,130.82361,1.48908e-17
31.692764,1.0030341,1.2876888e-17
1804.8629,0.017957306,3.1179016e-18
170.80336,10.426845,2.5144572e-18
2.4491696,9.771967e-05,1.3481735e-18
282.97702,112.84138,1.529215e-17
32.18522,5.0593433,8.921261e-18
112.09331,0.058632113,7.762052e-18
1.2884557,14.35064,2.0090037e-17
879.05426,4.453924e-09,9.853068e-19
94.57401,3.5280125,1.4868783e-16
118.56263,97.23144,7.186975e-17
83.05835,296.50388,6.1716415e-17
30.111403,2204.7231,4.1130522e-16
0.08000574,31.578014,0.3385965
36.388577,41.351326,4.3829484
860.995,2317.847,8.070938e-13
162.10388,68.27001,1.7347315e-18
293.7506,9.063451,7.9755457e-19
25.77247,0.0276879,4.8156185e-17
22.839703,383.23932,9.13112e-17
0.020051822,0.004988577,1.2746636e-18
10.361177,0.00042934457,1.5332622e-18
48.06374,140.48608,3.745818e-17
341.3136,211.05304,1.6361459e-17
1.5254202,0.0053698653,8.512986e-18
40.23925,3.5559533e-05,5.8203646e-18
189.93022,52.29327,6.8144884e-18
28.309599,18.89099,1.6391498e-18
13.301155,1.4899782e-05,9.98558e-19
45.155804,0.22393064,3.306442e-17
95.68274,0.00015057808,3.1800028e-18
27.860592,1787.5312,5.3007756e-18
63.249996,3.0053524e-09,8.990472e-19
13.118445,6.3928023e-09,2.266585e-18
74.62259,48.334343,7.883478e-17
55.43813,165.58658,7.6544945e-17
109.62362,6.895503,3.775987e-18
107.65243,30.220078,7.535531e-18
24.288847,5.3558087,7.569701e-18
402.3759,0.0004511046,3.61647e-18
30.038256,36.826603,2.434393e-17
97.92334,1.0239689,7.800997e-18
47.38123,16.01288,1.0773088e-17
183.41121,2.380212,1.6202579e-17
84.01117,3.4577947,4.0422898e-18
17.81258,3.4894617e-06,1.4822443e-18
616.9424,9.190165,8.665472e-18
48.458424,76.57645,1.8334662e-17
0.8976827,0.016409462,6.0070013e-18
1.496022,1.5343032e-11,1.7608467e-18
24.015875,1.7109,1.3770379e-16
105.41608,1.6704528,1.0764473e-15
72.01319,203.90346,2.4526145e-18
165.96552,155.06905,2.0954581e-17
102.64255,524.6091,1.6080537e-17
69.358894,626.87476,1.6671817e-17
46.569687,0.0029147966,3.3695196e-18
84.37118,0.5549081,8.4118495e-18
134.49641,19.47017,8.2803e-18
128.57065,24.75268,2.3011294e-17
10.007491,19.912603,1.0655868e-17
0.68313986,14.364036,1.3998487e-17
84.632515,37.20649,2.7531251e-17
9.188785,3.3929603,2.0264681e-17
1.5620837,14.562238,1.1152183e-17
116.55552,0.014002199,3.4481493e-18
25.302357,0.9640235,2.6904895e-16
218.95662,0.027682832,4.4098632e-18
6.2334423,1.1421871,3.8232673e-18
1.5567095,24.843452,1.8862106e-18
12.581425,0.038688116,1.3359023e-18
93.862,6.7351985,3.5235293e-18
12.3020525,8.49705e-12,9.837519e-19
33.582718,0.036399405,3.8369153e-17
1.7741786,6.416694e-10,2.0754832e-16
6.965071,0.0002525559,5.7185534e-11
80.4325,105.31685,0.000206439
1.0963129,2483.701,1.0569416e-09
1.0365776,29.548027,1.2750234e-18
66.18542,48.19322,2.5251764e-17
127.04469,76.03136,1.9513273e-17
200.10988,8.571551,1.1962081e-17
15.832298,99.89793,2.0006848e-15
1037.917,1.5414094,4.458794e-13
104.16863,41.972088,3.5157682e-11
3.56744,2484.8357,2.8539944e-08
8.980236,28.040985,1.0687248e-18
43.436256,0.0061364793,2.4792274e-17
39.810833,110.16455,2.5790005e-18
3.2212565,371.9117,2.4250768e-18
324.7454,2.417913,1.5358444e-17
135.66278,64.917244,1.2480232e-17
50.21094,0.00097134616,7.023191e-18
4.6670184,3.8681714e-11,1.1564799e-18
77.89835,152.13972,1.283423e-16
151.56723,228.532,6.553808e-17
1.815966,0.95714957,2.1840484e-18
64.37791,91.045166,6.584882e-17
107.628075,45.985077,6.327235e-17
1.4775339,182.25874,5.5305227e-14
1.1785953,2185.6597,1.3494215e-14
306.99316,233.85034,0.089431174
498.39273,337.4145,8.138585e-13
544.1276,2484.9885,1.3431082e-09
80.995865,67.36634,1.4127228e-18
305.3726,9.338159,7.9098577e-19
57.186584,20.94345,1.0887534e-16
40.156197,21.893661,6.772432e-17
43.141922,1959.8467,1.6072583e-15
6.4480987,12.793758,4.4861317e-18
118.55425,0.01293056,2.5266974e-18
6.194844,3.3809547,1.1768812e-17
8.597675,13.382377,7.111781e-18
23.93766,1.0693818e-06,2.1242379e-18
7.31314,4.019346e-08,1.3942097e-18
133.08191,370.16034,1.6381887e-16
187.31201,0.00022706945,5.4082202e-15
0.055462096,4.8776295e-05,3.7774412e-11
10.294349,0.5075484,2.5250124e-06
4.2049594,2484.9634,2.3317149e-07
5.131907,29.888535,1.1733169e-18
606.17,54.316116,1.7506463e-18
10.861084,112.09012,1.0459295e-17
0.109552935,106.26362,1.1418566e-17
160.35857,0.009305885,1.2865644e-17
2.206252,1.7684073,8.8265465e-18
36.395893,0.0014360603,2.5712008e-18
43.935223,7.409317e-06,7.0740635e-18
84.958984,130.3018,4.794905e-17
36.523205,235.5358,6.2254824e-17
74.239204,26.19361,9.157912e-17
