548.4095,567.81683,567.81683,567.81683,567.81683
567.8042,567.81683,567.81683,567.81683,567.81683
567.81775,567.81683,567.81683,567.81683,567.81683
567.6881,567.81683,567.81683,567.81683,567.81683
567.6452,567.81683,567.81683,567.81683,567.81683
567.8071,567.81683,567.81683,567.81683,567.81683
559.9624,567.81683,567.81683,567.81683,567.81683
567.8134,567.81683,567.81683,567.81683,567.81683
567.8143,567.81683,567.81683,567.81683,567.81683
567.63,567.81683,567.81683,567.81683,567.81683
160.00693,567.8173,567.81683,567.81683,567.81683
567.7442,567.81683,567.81683,567.81683,567.81683
567.2672,567.81683,567.81683,567.81683,567.81683
567.9424,567.81683,567.81683,567.81683,567.81683
567.67804,567.81683,567.81683,567.81683,567.81683
567.6442,567.81683,567.81683,567.81683,567.81683
566.78784,567.81683,567.81683,567.81683,567.81683
568.0619,567.81683,567.81683,567.81683,567.81683
495.38788,567.81683,567.81683,567.81683,567.81683
6.669617,567.84186,567.81683,567.81683,567.81683
567.8159,567.81683,567.81683,567.81683,567.81683
567.80786,567.81683,567.81683,567.81683,567.81683
488.972,567.81683,567.81683,567.81683,567.81683
567.83826,567.81683,567.81683,567.81683,567.81683
567.9904,567.81683,567.81683,567.81683,567.81683
430.48502,567.81683,567.81683,567.81683,567.81683
567.4692,567.81683,567.81683,567.81683,567.81683
567.2982,567.81683,567.81683,567.81683,567.81683
567.4526,567.81683,567.81683,567.81683,567.81683
567.8173,567.81683,567.81683,567.81683,567.81683
567.3116,567.81683,567.81683,567.81683,567.81683
87.95343,567.81683,567.81683,567.81683,567.81683
567.6562,567.81683,567.81683,567.81683,567.81683
567.82324,567.81683,567.81683,567.81683,567.81683
566.6942,567.81683,567.81683,567.81683,567.81683
567.80554,567.81683,567.81683,567.81683,567.81683
567.46686,567.81683,567.81683,567.81683,567.81683
572.5184,567.81683,567.81683,567.81683,567.81683
567.79865,567.81683,567.81683,567.81683,567.81683
567.9056,567.81683,567.81683,567.81683,567.81683
569.31903,567.81683,567.81683,567.81683,567.81683
434.9888,567.81683,567.81683,567.81683,567.81683
108.96016,567.81683,567.81683,567.81683,567.81683
567.79456,567.81683,567.81683,567.81683,567.81683
567.96094,567.81683,567.81683,567.81683,567.81683
553.9242,567.81683,567.81683,567.81683,567.81683
568.6393,567.81683,567.81683,567.81683,567.81683
542.64935,567.81683,567.81683,567.81683,567.81683
567.81616,567.81683,567.81683,567.81683,567.81683
567.7233,567.81683,567.81683,567.81683,567.81683
567.70306,567.81683,567.81683,567.81683,567.81683
567.8143,567.81683,567.81683,567.81683,567.81683
567.8577,567.81683,567.81683,567.81683,567.81683
567.8159,567.81683,567.81683,567.81683,567.81683
567.8375,567.81683,567.81683,567.81683,567.81683
539.0952,567.81683,567.81683,567.81683,567.81683
567.93036,567.81683,567.81683,567.81683,567.81683
566.60565,567.81683,567.81683,567.81683,567.81683
567.81616,567.81683,567.81683,567.81683,567.81683
567.2599,567.81683,567.81683,567.81683,567.81683
567.6222,567.81683,567.81683,567.81683,567.81683
567.54065,567.81683,567.81683,567.81683,567.81683
567.72925,567.81683,567.81683,567.81683,567.81683
568.02216,567.81683,567.81683,567.81683,567.81683
567.8387,567.81683,567.81683,567.81683,567.81683
567.65137,567.81683,567.81683,567.81683,567.81683
569.41907,567.81683,567.81683,567.81683,567.81683
567.80096,567.81683,567.81683,567.81683,567.81683
567.72174,567.81683,567.81683,567.81683,567.81683
566.924,567.81683,567.81683,567.81683,567.81683
567.59735,567.81683,567.81683,567.81683,567.81683
567.8184,567.81683,567.81683,567.81683,567.81683
567.824,567.81683,567.81683,567.81683,567.81683
567.82166,567.81683,567.81683,567.81683,567.81683
567.88654,567.81683,567.81683,567.81683,567.81683
567.89453,567.81683,567.81683,567.81683,567.81683
567.5804,567.81683,567.81683,567.81683,567.81683
541.8895,567.81683,567.81683,567.81683,567.81683
567.4533,567.81683,567.81683,567.81683,567.81683
567.7948,567.81683,567.81683,567.81683,567.81683
567.93866,567.81683,567.81683,567.81683,567.81683
568.4101,567.81683,567.81683,567.81683,567.81683
567.7203,567.81683,567.81683,567.81683,567.81683
567.6842,567.81683,567.81683,567.81683,567.81683
567.72235,567.81683,567.81683,567.81683,567.81683
557.9761,567.81683,567.81683,567.81683,567.81683
567.9191,567.81683,567.81683,567.81683,567.81683
483.6825,567.8173,567.81683,567.81683,567.81683
567.98926,567.81683,567.81683,567.81683,567.81683
567.7941,567.81683,567.81683,567.81683,567.81683
567.9173,567.81683,567.81683,567.81683,567.81683
567.80786,567.81683,567.81683,567.81683,567.81683
567.8817,567.81683,567.81683,567.81683,567.81683
559.2145,567.81683,567.81683,567.81683,567.81683
567.81683,567.81683,567.81683,567.81683,567.81683
549.88025,567.81683,567.81683,567.81683,567.81683
567.8835,567.81683,567.81683,567.81683,567.81683
567.78094,567.81683,567.81683,567.81683,567.81683
567.6201,567.81683,567.81683,567.81683,567.81683
567.7242,567.81683,567.81683,567.81683,567.81683
567.7826,567.81683,567.81683,567.81683,567.81683
567.94257,567.81683,567.81683,567.81683,567.81683
190.89355,567.8173,567.81683,567.81683,567.81683
567.8164,567.81683,567.81683,567.81683,567.81683
567.7477,567.81683,567.81683,567.81683,567.81683
567.9111,567.81683,567.81683,567.81683,567.81683
567.77106,567.81683,567.81683,567.81683,567.81683
567.81934,567.81683,567.81683,567.81683,567.81683
567.83594,567.81683,567.81683,567.81683,567.81683
567.7325,567.81683,567.81683,567.81683,567.81683
558.8153,567.81683,567.81683,567.81683,567.81683
567.8805,567.81683,567.81683,567.81683,567.81683
567.89636,567.81683,567.81683,567.81683,567.81683
558.0411,567.81683,567.81683,567.81683,567.81683
567.99316,567.81683,567.81683,567.81683,567.81683
567.84515,567.81683,567.81683,567.81683,567.81683
553.81757,567.81683,567.81683,567.81683,567.81683
567.8212,567.81683,567.81683,567.81683,567.81683
567.814,567.81683,567.81683,567.81683,567.81683
7.386037,567.818,567.81683,567.81683,567.81683
567.9833,567.81683,567.81683,567.81683,567.81683
567.8506,567.81683,567.81683,567.81683,567.81683
566.8395,567.81683,567.81683,567.81683,567.81683
567.0987,567.81683,567.81683,567.81683,567.81683
567.814,567.81683,567.81683,567.81683,567.81683
6.707145,567.8387,567.81683,567.81683,567.81683
567.85706,567.81683,567.81683,567.81683,567.81683
567.5762,567.81683,567.81683,567.81683,567.81683
567.85156,567.81683,567.81683,567.81683,567.81683
567.7938,567.81683,567.81683,567.81683,567.81683
560.3532,567.81683,567.81683,567.81683,567.81683
567.8219,567.81683,567.81683,567.81683,567.81683
567.82965,567.81683,567.81683,567.81683,567.81683
567.7743,567.81683,567.81683,567.81683,567.81683
567.8065,567.81683,567.81683,567.81683,567.81683
567.77045,567.81683,567.81683,567.81683,567.81683
567.8373,567.81683,567.81683,567.81683,567.81683
567.81525,567.81683,567.81683,567.81683,567.81683
567.70624,567.81683,567.81683,567.81683,567.81683
567.814,567.81683,567.81683,567.81683,567.81683
567.0447,567.81683,567.81683,567.81683,567.81683
566.235,567.81683,567.81683,567.81683,567.81683
567.49603,567.81683,567.81683,567.81683,567.81683
567.81616,567.81683,567.81683,567.81683,567.81683
567.866,567.81683,567.81683,567.81683,567.81683
566.8804,567.81683,567.81683,567.81683,567.81683
567.7955,567.81683,567.81683,567.81683,567.81683
567.8171,567.81683,567.81683,567.81683,567.81683
567.81683,567.81683,567.81683,567.81683,567.81683
567.8088,567.81683,567.81683,567.81683,567.81683
567.9966,567.81683,567.81683,567.81683,567.81683
567.84717,567.81683,567.81683,567.81683,567.81683
567.6738,567.81683,567.81683,567.81683,567.81683
568.9881,567.81683,567.81683,567.81683,567.81683
567.81525,567.81683,567.81683,567.81683,567.81683
566.9093,567.81683,567.81683,567.81683,567.81683
570.2891,567.81683,567.81683,567.81683,567.81683
567.68286,567.81683,567.81683,567.81683,567.81683
567.815,567.81683,567.81683,567.81683,567.81683
567.9196,567.81683,567.81683,567.81683,567.81683
567.7989,567.81683,567.81683,567.81683,567.81683
567.66327,567.81683,567.81683,567.81683,567.81683
567.98444,567.81683,567.81683,567.81683,567.81683
562.29,567.81683,567.81683,567.81683,567.81683
567.7327,567.81683,567.81683,567.81683,567.81683
567.8157,567.81683,567.81683,567.81683,567.81683
567.6718,567.81683,567.81683,567.81683,567.81683
567.81683,567.81683,567.81683,567.81683,567.81683
567.72235,567.81683,567.81683,567.81683,567.81683
567.18915,567.81683,567.81683,567.81683,567.81683
572.4709,567.81683,567.81683,567.81683,567.81683
567.79065,567.81683,567.81683,567.81683,567.81683
567.8513,567.81683,567.81683,567.81683,567.81683
567.81366,567.81683,567.81683,567.81683,567.81683
567.6989,567.81683,567.81683,567.81683,567.81683
564.3293,567.81683,567.81683,567.81683,567.81683
567.81915,567.81683,567.81683,567.81683,567.81683
567.77686,567.81683,567.81683,567.81683,567.81683
567.9483,567.81683,567.81683,567.81683,567.81683
567.70166,567.81683,567.81683,567.81683,567.81683
567.7881,567.81683,567.81683,567.81683,567.81683
567.76605,567.81683,567.81683,567.81683,567.81683
567.90424,567.81683,567.81683,567.81683,567.81683
557.87506,567.81683,567.81683,567.81683,567.81683
567.81775,567.81683,567.81683,567.81683,567.81683
567.7325,567.81683,567.81683,567.81683,567.81683
568.127,567.81683,567.81683,567.81683,567.81683
513.7726,567.81683,567.81683,567.81683,567.81683
567.83246,567.81683,567.81683,567.81683,567.81683
567.8208,567.81683,567.81683,567.81683,567.81683
567.82587,567.81683,567.81683,567.81683,567.81683
567.881,567.81683,567.81683,567.81683,567.81683
567.82745,567.81683,567.81683,567.81683,567.81683
567.8173,567.81683,567.81683,567.81683,567.81683
507.224,567.81683,567.81683,567.81683,567.81683
567.875,567.81683,567.81683,567.81683,567.81683
567.8118,567.81683,567.81683,567.81683,567.81683
567.81683,567.81683,567.81683,567.81683,567.81683
567.84717,567.81683,567.81683,567.81683,567.81683
567.6022,567.81683,567.81683,567.81683,567.81683
360.90207,567.81683,567.81683,567.81683,567.81683
