451.32,262.65,512.9,580.99,567.2,450.2,380.79,514.37,431.53,478.44
196.14,0.0,554.72,194.63,649.83,589.33,601.18,536.36,431.18,603.25
525.92,500.99,467.05,457.6,463.88,473.74,479.11,446.72,294.07,210.1
302.11,129.36,411.77,449.68,453.46,321.87,445.81,435.43,444.13,434.8
564.58,244.22,271.39,359.54,485.22,463.47,337.4,461.56,423.51,440.46
631.43,603.72,476.94,453.42,441.2,407.69,302.83,130.85,113.51,320.42
852.03,455.36,1455.98,1321.61,1255.58,644.08,623.89,460.73,385.67,253.57
818.47,522.79,427.21,435.98,442.81,458.8,475.83,487.68,491.52,474.56
775.35,533.8,439.28,441.72,449.2,463.49,477.78,487.4,491.35,486.56
771.19,486.39,414.6,421.61,438.05,458.84,476.85,487.98,492.19,482.25
464.75,248.11,305.68,411.39,512.49,555.08,567.67,561.46,551.03,533.26
266.51,118.05,331.39,305.33,350.3,424.12,542.77,582.89,599.97,594.0
498.77,577.71,454.93,449.65,458.49,470.89,481.02,486.71,487.9,472.53
548.88,218.4,255.14,225.28,203.13,141.91,188.54,743.46,666.73,640.79
568.95,619.36,487.97,471.34,473.19,479.84,485.4,486.44,460.3,322.58
404.17,137.35,293.11,349.94,391.11,431.38,466.17,489.03,498.1,497.93
498.03,182.82,241.08,266.79,279.66,284.74,266.89,238.21,190.42,210.63
934.1,835.14,1051.51,1054.05,883.97,667.96,398.7,809.28,1588.98,768.26
130.41,279.8,569.89,400.96,437.71,520.68,549.48,556.47,550.58,542.14
434.16,128.54,328.39,250.89,322.08,281.67,305.8,342.43,453.43,555.18
497.56,188.52,358.09,281.12,288.68,284.2,302.41,351.25,472.45,560.61
730.2,490.66,533.17,532.15,488.13,464.63,460.1,467.58,479.16,488.96
572.58,735.97,515.81,520.77,410.3,417.97,443.12,499.72,544.02,495.69
547.76,734.04,515.04,532.4,452.42,476.88,529.02,506.87,468.7,455.02
409.42,565.95,914.06,1676.77,1265.95,1108.04,318.76,588.06,444.44,304.99
368.22,461.25,851.75,1538.13,874.59,1027.94,587.82,261.41,266.77,2085.77
421.71,65.23,0.0,1779.54,937.57,1509.94,1191.27,1132.81,628.56,731.61
269.74,607.55,666.12,1371.01,1033.61,1510.8,1118.0,1213.13,855.33,373.4
492.9,1467.35,1854.02,1339.89,1347.77,868.82,1087.39,1027.96,641.77,594.54
903.0,1648.54,881.43,879.57,343.71,225.09,2072.07,841.2,1153.32,1132.41
818.77,1444.03,930.88,904.29,418.15,140.12,1915.89,1023.37,1675.51,1258.71
849.9,1704.42,934.58,1054.01,664.27,268.56,268.62,2283.7,1457.22,937.15
833.67,1541.64,905.17,959.56,462.38,199.22,1328.95,1138.03,1435.01,1242.85
938.01,1312.19,958.82,684.57,289.06,224.64,2027.66,925.46,1491.18,1113.95
288.51,441.05,1028.11,1449.49,964.31,1184.58,637.56,669.87,770.53,1285.76
1331.87,1611.09,894.13,1259.68,951.88,726.22,348.56,515.56,2746.05,694.4
1858.18,834.74,963.61,428.39,293.02,1647.25,941.44,1215.46,1134.97,1157.73
302.21,451.31,1419.23,998.76,924.75,585.61,274.49,404.27,2107.72,1047.2
2155.91,957.91,1204.62,740.24,565.61,485.45,1808.28,982.82,1032.22,596.42
6.44,1071.4,1660.76,869.12,821.78,524.04,536.79,1037.18,1811.79,675.09
162.37,536.21,1402.4,1327.48,923.06,346.09,1367.49,682.54,754.88,633.56
382.97,736.02,1810.65,1026.72,1159.13,413.52,544.04,731.75,666.72,532.43
579.89,655.7,1422.94,1433.23,1114.91,266.07,490.24,394.01,244.52,217.62
1448.6,1058.48,1109.77,610.22,571.22,545.64,607.91,620.26,624.75,584.05
771.8,1616.73,1228.71,1323.9,466.96,525.21,343.32,231.06,193.53,194.73
78.99,342.8,335.1,388.68,411.0,429.68,444.79,454.35,423.83,270.91
508.1,393.44,424.47,440.97,452.12,468.38,483.08,492.0,492.83,458.22
271.37,142.09,274.39,370.09,351.63,368.96,384.22,406.29,426.7,431.19
212.05,357.33,681.91,465.99,483.75,483.71,486.14,488.03,475.73,375.57
0.0,182.76,378.96,622.04,556.15,492.02,481.69,475.0,408.43,253.42
611.27,893.46,1408.84,838.66,1034.8,493.41,888.6,736.85,1103.16,440.65
428.0,688.53,231.09,414.04,496.46,515.71,514.12,506.4,498.8,489.29
501.33,445.36,570.3,550.3,370.6,428.33,554.99,589.29,596.36,589.19
141.31,11.31,448.57,835.15,452.98,321.9,599.14,857.71,555.38,399.76
199.88,153.99,48.21,688.09,308.98,261.57,189.82,180.35,594.1,754.95
547.8,304.79,218.62,208.35,144.3,162.8,690.6,408.11,564.19,549.73
598.35,202.06,235.67,131.46,93.3,315.95,310.03,1393.06,508.88,226.59
377.1,236.89,325.96,334.45,467.85,796.17,1262.71,448.42,247.05,41.81
404.67,520.85,467.64,455.08,455.43,463.13,473.26,481.54,481.49,428.5
833.12,1579.47,619.03,386.99,454.08,391.59,246.92,222.52,221.63,299.41
829.61,1636.02,643.09,377.56,459.32,410.93,261.09,226.75,219.49,287.31
1237.35,1410.85,372.19,443.97,455.85,394.79,252.21,222.1,215.87,269.36
1292.62,1446.06,367.47,440.58,455.21,385.45,245.5,220.18,218.75,280.95
1251.65,1415.7,370.98,441.98,443.02,339.13,229.65,210.7,224.11,308.19
1243.85,1650.69,1034.87,910.65,465.04,572.71,550.45,521.81,415.15,241.54
440.03,539.54,439.51,439.15,450.13,464.53,475.61,465.54,352.22,210.09
563.73,545.1,475.15,459.95,463.83,473.19,480.84,473.57,379.96,220.43
209.99,121.97,639.2,2191.91,676.56,207.86,436.18,341.74,715.31,1062.9
269.66,268.23,220.63,300.53,737.27,503.61,620.43,523.56,586.17,536.68
673.93,435.08,644.71,588.75,499.56,486.25,511.16,519.99,656.9,1323.68
628.91,793.64,584.72,527.42,459.78,402.15,927.62,2052.78,976.35,344.79
658.24,810.01,580.64,476.41,471.85,416.77,1382.42,1613.37,686.86,414.69
634.97,805.52,530.38,364.22,125.44,1890.76,1532.76,1329.7,402.43,362.37
918.27,762.25,1589.29,891.89,974.69,559.17,326.47,725.02,2811.44,990.46
851.43,1713.92,862.66,1000.0,561.38,620.21,486.36,649.93,728.42,619.09
1306.56,988.07,904.67,451.05,87.36,2105.23,1690.83,1346.83,440.93,297.18
682.99,541.25,1574.66,790.6,881.62,364.99,623.9,2139.84,1582.23,752.64
675.61,528.7,1630.22,782.75,856.92,312.61,883.18,1957.04,1705.67,858.92
673.3,521.92,1625.67,780.93,856.72,317.15,861.55,1793.07,1418.55,1260.07
672.63,516.79,1604.39,782.2,864.56,337.22,757.73,1806.06,1169.37,1077.38
1407.44,995.77,955.33,510.27,156.94,850.5,2137.74,1484.7,1125.34,393.27
833.57,1583.73,896.93,969.88,465.76,199.14,1223.74,1524.87,1809.39,929.79
219.85,535.67,1557.21,911.36,1321.04,957.19,1126.21,568.94,548.82,560.64
677.92,724.95,558.13,534.6,452.48,429.72,429.52,417.5,349.11,2193.47
620.41,769.24,506.09,356.37,155.22,1810.19,924.86,1589.91,1067.67,399.65
785.16,687.47,551.55,400.45,169.18,1468.86,1183.38,1803.07,1142.21,398.93
634.13,602.59,480.11,464.2,458.24,464.38,474.17,482.53,486.8,477.71
741.95,423.52,450.87,460.74,471.3,482.76,490.63,494.02,490.41,441.04
678.6,704.16,478.15,460.44,461.27,469.75,479.16,485.68,488.31,480.11
831.89,487.75,466.77,463.74,472.26,483.23,491.07,493.5,475.71,357.81
737.77,408.01,444.34,467.17,470.57,480.61,489.17,493.94,494.71,480.7
646.63,601.27,479.86,463.09,464.46,472.86,481.36,486.77,487.97,470.22
386.55,40.79,246.11,338.19,392.72,470.72,528.2,550.25,548.41,539.43
662.06,358.34,511.41,548.66,490.82,435.63,435.63,326.77,1407.87,1063.52
768.09,464.74,605.59,554.65,453.67,431.56,427.51,333.17,2131.19,803.08
750.67,761.42,603.76,500.97,420.06,430.93,289.44,1733.15,859.22,1090.73
594.13,310.14,522.74,1208.81,1389.16,970.4,1148.76,759.55,552.85,459.79
477.63,390.42,1451.35,1235.91,979.2,1116.35,601.03,534.29,405.7,632.88
666.96,782.8,510.04,514.8,792.57,2485.94,795.45,459.09,594.79,1571.01
489.26,567.42,647.3,543.69,413.25,380.32,396.08,2301.19,1501.37,863.58
0.0,0.0,524.06,1347.54,571.9,404.55,399.04,466.21,331.52,141.67
100.59,300.8,553.12,1901.5,1104.24,315.91,549.57,634.65,590.68,499.69
668.71,496.58,1852.57,969.25,471.81,555.56,570.63,697.1,631.1,567.81
75.94,577.7,627.27,584.32,518.65,443.88,425.43,413.44,703.52,2835.49
90.87,673.07,234.38,562.5,509.27,401.85,334.62,1031.04,1851.31,1172.09
1042.87,53.22,154.56,426.45,320.41,184.12,117.4,116.21,157.25,182.37
0.0,176.56,454.71,398.69,222.54,164.85,132.63,198.28,234.49,290.28
1071.96,46.61,20.81,204.1,205.73,131.16,130.67,214.21,783.15,951.86
29.33,350.57,462.8,271.95,192.87,142.23,130.29,154.37,189.63,297.7
329.19,579.08,163.68,212.23,110.19,61.23,0.0,0.0,0.0,6.89
0.0,596.1,678.49,19.04,54.79,564.71,943.04,487.93,0.0,90.33
376.14,707.92,229.01,221.45,198.58,132.47,95.56,4.98,0.0,0.0
801.15,0.0,579.08,640.11,510.65,436.55,326.22,977.59,2691.04,1302.94
925.25,912.61,110.37,223.57,198.17,215.58,147.31,113.66,8.6,9.92
237.64,172.83,118.19,419.38,901.92,744.43,595.93,609.09,600.88,593.08
246.75,747.21,513.15,466.09,470.35,454.7,456.09,464.36,474.61,478.61
840.84,605.65,1030.24,880.84,1115.97,817.76,451.13,399.59,2427.2,636.76
831.68,632.12,625.58,612.22,519.78,448.9,434.09,415.68,416.8,2270.74
542.96,511.07,585.28,601.27,548.46,467.1,432.72,434.34,307.64,2024.82
629.47,765.08,616.69,584.68,480.74,436.06,435.89,364.67,902.66,1808.24
355.93,617.78,422.55,385.31,259.21,2011.03,802.44,1177.43,960.38,519.42
637.77,718.97,527.92,363.9,124.45,1787.44,867.54,1370.38,1284.0,521.57
796.41,525.68,622.89,595.73,573.81,525.72,458.94,431.83,435.27,310.55
759.54,632.97,526.21,466.05,513.73,506.75,470.75,456.9,457.14,465.37
550.17,743.77,549.14,573.18,566.1,534.7,492.01,463.55,456.95,462.16
621.56,739.92,544.83,494.49,405.83,426.19,385.22,497.05,2170.15,1232.96
648.79,745.98,560.63,497.46,414.56,430.6,371.2,742.98,2018.46,1050.26
618.24,731.1,541.4,515.51,418.99,418.34,428.81,407.34,375.36,2326.34
775.46,668.1,552.32,557.17,508.47,473.13,458.91,460.99,469.84,479.19
1018.28,616.83,613.57,526.78,435.1,431.39,426.75,351.91,2140.75,876.33
737.25,679.5,548.01,536.69,485.24,504.54,532.21,557.51,546.98,500.74
971.44,571.18,575.4,559.02,511.82,478.52,461.09,462.87,472.77,483.51
750.08,645.8,505.25,490.62,462.9,460.02,466.9,476.47,483.92,485.38
925.68,568.98,541.87,514.8,482.04,461.11,459.9,468.56,480.06,487.41
1043.42,472.56,470.46,497.18,466.73,467.84,476.89,486.61,492.15,482.46
644.91,639.34,480.7,461.15,461.83,470.28,479.52,485.58,482.95,425.21
446.46,161.11,233.14,256.76,269.8,279.35,282.18,267.95,228.28,146.57
632.49,465.79,458.37,465.16,475.15,483.57,488.08,485.1,433.5,272.8
545.9,613.51,481.27,465.05,467.94,476.23,483.64,487.65,483.8,426.53
695.72,405.92,448.03,462.37,476.32,487.91,494.23,496.02,489.79,427.37
788.85,467.63,451.33,452.52,466.45,481.22,490.9,491.84,452.44,296.55
1251.9,348.84,808.07,249.7,409.25,463.67,473.09,485.19,492.47,494.93
850.11,537.79,609.77,603.21,601.39,579.78,523.58,455.77,432.74,432.96
662.46,605.37,596.16,375.05,157.64,1549.92,1083.64,1518.7,1593.48,498.65
395.23,747.36,541.47,655.34,1349.43,1054.77,981.42,822.85,309.88,398.66
577.01,406.4,494.34,357.14,171.45,1842.82,839.86,1124.53,957.15,711.88
426.68,639.28,635.01,492.57,936.03,1847.93,871.99,1106.96,744.78,318.27
511.61,448.38,1093.29,1463.26,845.89,970.47,488.79,255.75,1233.06,1266.11
129.9,1284.28,958.2,938.01,775.45,877.14,405.74,329.64,645.3,1584.58
0.0,0.0,177.19,337.04,1901.42,1108.09,509.66,2152.68,2324.8,1149.04
506.18,0.0,0.0,0.0,960.71,1730.32,1223.89,1091.23,839.22,501.85
139.13,0.0,0.0,0.0,837.28,2310.1,766.23,467.03,703.45,629.16
343.98,78.73,497.76,552.63,476.88,415.96,359.63,317.18,290.67,280.63
111.85,332.73,550.22,543.28,464.98,403.77,337.2,271.12,201.55,132.32
0.0,422.41,672.4,626.76,589.14,547.21,486.42,425.58,405.06,394.29
0.0,206.01,489.39,502.64,366.45,320.19,330.91,380.58,1520.87,1303.73
818.51,834.77,467.64,261.88,1299.04,1409.67,575.06,848.36,456.65,400.44
407.13,672.72,502.88,576.7,313.09,537.57,2644.16,641.93,531.75,873.9
1414.57,711.98,413.39,114.23,1797.15,1080.77,1669.13,1232.73,351.49,434.52
1788.98,847.41,928.78,536.17,564.65,628.01,751.52,663.24,570.28,363.32
1532.22,1164.33,1045.78,977.95,958.14,527.18,573.95,491.05,636.56,1259.17
1798.52,844.83,930.01,382.56,306.95,2214.92,984.02,660.05,927.81,377.34
932.47,2144.16,980.58,1155.95,688.23,625.01,392.72,537.95,709.51,681.69
2178.58,874.53,1065.71,718.83,313.21,232.83,2279.88,1441.69,975.04,356.73
663.71,2006.22,856.22,1220.47,676.71,540.83,348.19,1894.71,832.64,1757.95
1694.89,2069.33,1637.62,1222.2,1208.23,779.48,971.51,785.71,549.97,478.12
703.47,735.56,610.3,591.35,506.16,448.77,432.31,421.66,340.56,2088.45
886.83,472.22,588.68,1575.64,1078.64,1019.94,973.17,527.01,259.22,746.55
291.25,500.52,944.22,1816.66,831.5,1026.46,636.65,246.37,299.34,2129.52
880.51,1369.4,958.33,1114.47,703.92,596.76,417.2,617.25,735.15,621.02
1568.05,391.89,502.56,1368.3,1342.78,1057.56,1193.82,641.28,611.42,409.64
760.24,1351.05,834.29,646.28,134.91,1792.89,1221.45,1073.01,737.39,638.67
434.42,879.98,546.05,616.49,427.92,1375.53,1115.79,1264.67,596.27,548.81
1059.97,485.71,684.66,1174.61,1132.52,1121.38,1042.92,418.33,780.55,516.48
1253.86,684.83,1807.0,888.94,1354.8,586.17,810.98,853.37,1512.5,898.55
1595.1,503.99,495.58,1349.91,1348.07,1056.89,1146.68,788.37,508.04,552.44
1723.65,390.91,827.97,1416.15,1138.37,1082.09,782.91,567.97,440.59,584.41
257.08,876.05,579.99,631.95,497.44,145.08,1604.56,1089.04,1494.44,1152.44
689.76,1237.98,847.35,538.21,126.36,1833.13,971.6,1818.45,791.54,697.14
1570.55,426.49,469.74,1124.28,1676.55,1069.15,1547.77,854.75,517.08,739.69
1231.52,216.61,391.23,813.84,624.25,439.11,267.83,222.86,209.45,228.99
582.56,578.68,484.11,498.4,484.34,482.24,484.36,484.45,451.44,305.45
0.0,19.41,291.92,372.25,351.96,400.68,512.1,559.11,581.62,580.1
0.0,235.72,585.12,521.7,502.17,492.98,487.65,459.84,328.16,227.56
249.26,514.99,162.47,261.63,189.47,232.13,196.07,214.5,183.66,131.22
257.02,521.63,470.79,472.02,476.81,481.92,480.81,430.84,269.99,224.27
0.0,0.0,91.26,305.62,627.39,451.05,505.03,501.57,496.46,490.78
656.95,0.0,277.42,151.99,252.92,203.59,233.94,210.24,180.44,116.22
226.65,184.82,301.75,258.15,262.88,243.34,236.97,204.22,147.89,202.6
613.47,654.77,475.26,457.95,459.46,468.5,478.3,485.06,487.48,477.7
395.01,194.46,260.32,220.54,226.03,198.95,139.56,139.82,696.64,453.42
0.0,123.36,302.43,387.22,332.65,383.31,475.8,533.26,554.72,560.92
258.2,504.52,190.5,329.07,239.77,308.54,249.72,319.95,319.43,432.76
18.8,183.33,350.26,371.4,355.09,406.24,485.31,497.67,505.69,504.91
380.16,364.11,254.93,322.37,300.52,359.76,458.89,557.03,587.06,568.04
76.66,294.29,399.09,394.17,470.48,540.46,567.54,570.42,556.93,511.78
155.74,160.9,366.62,338.0,421.16,534.99,577.38,597.28,589.05,554.81
336.05,296.58,401.34,439.99,529.8,566.4,580.63,574.39,560.07,517.03
652.63,627.06,479.1,460.55,461.93,470.67,479.86,485.98,487.46,467.77
758.51,392.72,304.6,468.56,652.0,476.72,461.79,464.99,475.52,477.69
908.6,441.55,958.1,230.63,486.6,480.48,481.34,487.48,492.08,494.36
575.76,556.1,488.34,909.99,1368.3,337.14,503.18,475.87,473.87,460.76
731.45,414.44,446.87,459.8,468.87,480.76,489.77,494.27,493.17,461.62
660.26,367.64,312.79,322.11,340.53,360.94,378.86,391.77,389.87,333.73
599.11,612.49,481.7,463.91,466.05,474.45,482.45,487.27,487.56,463.57
295.96,351.06,229.64,241.72,251.78,259.72,262.06,247.98,211.65,147.68
638.48,634.56,480.86,462.02,463.48,472.03,480.81,486.51,488.05,472.54
482.54,248.62,286.41,346.39,394.73,437.2,471.67,492.66,499.64,498.35
664.56,648.88,480.55,461.39,462.6,471.17,480.2,486.21,488.12,474.79
286.1,506.84,476.0,490.04,485.4,485.13,482.94,442.62,287.28,227.66
367.79,535.71,524.94,512.25,494.32,488.35,483.36,437.46,280.09,228.75
415.89,82.71,285.51,347.32,397.67,450.04,493.94,515.84,516.83,509.13
355.66,574.4,452.08,463.9,472.95,480.1,484.78,484.4,448.44,296.57
524.95,229.62,318.07,347.07,370.38,391.01,408.01,422.23,429.96,380.47
763.37,185.17,238.03,313.11,359.91,400.64,437.96,468.52,487.86,495.64
101.64,436.02,278.73,316.81,324.41,328.94,333.29,320.08,202.73,77.8
449.96,597.12,500.69,487.41,484.48,485.92,487.59,483.32,427.06,266.02
90.61,291.6,162.78,225.04,232.83,237.22,244.08,238.35,161.38,0.0
113.45,368.48,250.06,295.17,299.86,302.29,300.62,248.15,85.1,0.0
569.53,313.92,428.42,460.93,481.33,492.7,496.44,495.26,473.63,349.17
253.4,779.17,586.99,607.64,589.96,563.27,526.46,487.25,461.98,458.7
732.1,1016.74,688.21,335.61,494.34,1648.16,1610.12,638.04,486.54,465.69
699.14,668.8,455.91,604.29,481.95,468.79,454.24,455.04,463.74,475.99
785.13,878.53,902.21,293.67,494.1,504.88,500.29,495.29,493.14,491.18
769.55,407.36,222.04,410.49,457.1,476.45,479.49,482.91,480.72,421.57
827.34,253.18,403.65,445.47,474.95,494.96,499.5,498.42,493.94,459.12
776.2,396.22,321.82,433.09,497.73,500.75,494.07,491.43,490.77,483.65
799.94,225.52,392.41,433.13,468.94,492.02,498.89,498.65,494.47,461.96
278.09,580.98,555.87,476.24,457.9,459.54,468.7,479.23,486.97,490.07
789.97,401.11,416.52,462.4,487.72,495.33,494.05,490.49,470.24,352.1
242.63,697.69,512.1,464.11,464.47,463.05,470.92,479.81,485.9,485.62
255.33,622.47,535.84,512.68,491.3,485.94,486.33,486.12,461.47,326.96
799.91,163.29,321.71,416.28,458.08,485.58,494.9,496.18,491.21,443.04
872.7,466.51,508.24,1166.43,1083.01,292.76,472.68,488.06,451.63,295.82
840.87,529.81,564.11,1203.63,1375.09,406.04,449.53,464.31,435.36,306.99
1429.53,481.4,476.18,716.85,1467.32,1297.71,262.71,472.05,481.95,399.86
1009.05,595.13,638.54,907.6,1255.32,1239.66,378.2,547.64,423.01,273.22
814.74,1378.24,978.2,1197.74,607.26,840.84,1004.38,966.18,549.15,503.37
1705.85,435.79,542.78,1185.56,1470.83,1233.14,653.0,506.74,610.58,744.84
873.63,1242.39,928.58,1021.46,562.1,553.68,498.33,845.52,597.71,615.52
1586.1,491.61,482.12,1159.28,1308.2,1534.63,953.41,282.12,458.21,367.99
1451.7,511.98,441.24,881.42,1708.22,1369.76,1365.02,279.68,444.83,390.75
1078.42,919.94,1620.91,972.03,1586.09,882.05,498.17,556.69,477.23,458.45
1477.01,744.78,1564.21,887.1,1505.09,592.48,876.09,563.81,482.71,461.07
880.71,890.8,962.13,829.46,416.9,496.77,1608.2,626.45,577.22,463.34
1549.76,364.11,754.08,1653.82,879.72,1115.29,705.46,602.12,363.78,442.53
872.89,564.92,709.36,1236.74,1054.75,514.52,576.94,476.43,430.65,317.0
1210.75,515.64,481.61,968.77,1590.2,1345.39,1510.66,1012.96,266.28,408.73
1412.23,477.11,454.99,697.66,1769.4,1220.47,1530.22,863.23,305.58,459.86
1185.36,792.16,1503.17,1132.17,1507.48,477.71,465.5,484.29,472.79,474.03
942.85,848.72,1170.31,1170.32,1504.57,745.62,396.44,502.06,472.82,458.68
766.78,553.94,600.47,600.95,607.73,613.87,611.29,591.53,541.45,469.99
984.58,607.69,562.81,530.67,488.84,464.24,462.39,470.61,481.17,488.38
765.18,631.2,505.8,497.03,463.65,458.5,464.22,473.92,482.07,481.77
283.99,509.85,565.76,539.71,510.14,477.43,459.37,459.13,468.03,479.17
523.81,746.71,550.98,567.75,543.83,557.89,568.34,569.58,554.53,511.03
736.86,664.93,551.43,539.96,497.12,465.46,458.15,463.16,472.79,481.44
571.48,575.71,547.88,545.31,375.25,247.51,1258.88,1261.46,1599.27,1437.33
385.18,695.35,491.06,520.02,329.07,225.36,1785.39,1106.85,2180.3,718.3
612.2,658.5,554.12,528.77,388.23,308.88,832.1,2024.53,1304.43,1782.05
572.77,662.95,551.81,535.01,406.0,426.67,326.3,1161.49,1326.2,1593.46
673.89,522.23,472.71,470.51,463.19,470.46,481.18,489.71,493.02,476.79
729.92,619.77,479.89,471.81,457.93,461.37,470.61,479.89,485.25,474.64
756.35,552.81,562.83,596.05,595.63,577.68,524.54,487.23,463.26,462.33
847.37,566.76,546.33,532.26,492.99,465.5,460.64,467.86,479.07,486.73
653.01,584.33,633.95,618.99,590.96,533.87,461.08,432.36,434.54,307.1
307.95,997.17,770.84,559.26,822.29,356.64,356.88,524.24,1047.85,966.41
382.19,278.4,222.74,200.52,210.54,563.76,707.22,706.25,683.38,677.28
580.6,619.35,465.11,453.95,446.97,414.49,310.81,219.18,179.57,443.27
