[3471. 1145. 2097.  112. 3333.   65.  272.   45.   66.   90.]
[1145. 2097.  112. 3333.   65.  272.   45.   66.   90.  339.]
[2097.  112. 3333.   65.  272.   45.   66.   90.  339.   86.]
[ 112. 3333.   65.  272.   45.   66.   90.  339.   86.   54.]
[3333.   65.  272.   45.   66.   90.  339.   86.   54.  125.]
[ 65. 272.  45.  66.  90. 339.  86.  54. 125. 601.]
[272.  45.  66.  90. 339.  86.  54. 125. 601. 875.]
[  45.   66.   90.  339.   86.   54.  125.  601.  875. 1335.]
[  66.   90.  339.   86.   54.  125.  601.  875. 1335.  257.]
[  90.  339.   86.   54.  125.  601.  875. 1335.  257.  189.]
[ 339.   86.   54.  125.  601.  875. 1335.  257.  189.   54.]
[  86.   54.  125.  601.  875. 1335.  257.  189.   54.   67.]
[  54.  125.  601.  875. 1335.  257.  189.   54.   67. 1234.]
[ 125.  601.  875. 1335.  257.  189.   54.   67. 1234.    3.]
[ 601.  875. 1335.  257.  189.   54.   67. 1234.    3.   79.]
[ 875. 1335.  257.  189.   54.   67. 1234.    3.   79.   83.]
[1335.  257.  189.   54.   67. 1234.    3.   79.   83.  199.]
[ 257.  189.   54.   67. 1234.    3.   79.   83.  199. 1177.]
[ 189.   54.   67. 1234.    3.   79.   83.  199. 1177. 2464.]
[  54.   67. 1234.    3.   79.   83.  199. 1177. 2464.  174.]
[  67. 1234.    3.   79.   83.  199. 1177. 2464.  174.  236.]
[1234.    3.   79.   83.  199. 1177. 2464.  174.  236.  158.]
[   3.   79.   83.  199. 1177. 2464.  174.  236.  158.   83.]
[  79.   83.  199. 1177. 2464.  174.  236.  158.   83.   88.]
[  83.  199. 1177. 2464.  174.  236.  158.   83.   88.   78.]
[ 199. 1177. 2464.  174.  236.  158.   83.   88.   78.   77.]
[1177. 2464.  174.  236.  158.   83.   88.   78.   77.  106.]
[2464.  174.  236.  158.   83.   88.   78.   77.  106. 2366.]
[ 174.  236.  158.   83.   88.   78.   77.  106. 2366.  217.]
[ 236.  158.   83.   88.   78.   77.  106. 2366.  217.  100.]
[ 158.   83.   88.   78.   77.  106. 2366.  217.  100.  111.]
[  83.   88.   78.   77.  106. 2366.  217.  100.  111. 1393.]
[  88.   78.   77.  106. 2366.  217.  100.  111. 1393.  115.]
[  78.   77.  106. 2366.  217.  100.  111. 1393.  115.   38.]
[  77.  106. 2366.  217.  100.  111. 1393.  115.   38.  373.]
[ 106. 2366.  217.  100.  111. 1393.  115.   38.  373.  151.]
[2366.  217.  100.  111. 1393.  115.   38.  373.  151. 1504.]
[ 217.  100.  111. 1393.  115.   38.  373.  151. 1504.  172.]
[ 100.  111. 1393.  115.   38.  373.  151. 1504.  172.   96.]
[ 111. 1393.  115.   38.  373.  151. 1504.  172.   96.   84.]
[1393.  115.   38.  373.  151. 1504.  172.   96.   84.  175.]
[ 115.   38.  373.  151. 1504.  172.   96.   84.  175.  305.]
[  38.  373.  151. 1504.  172.   96.   84.  175.  305.   90.]
[ 373.  151. 1504.  172.   96.   84.  175.  305.   90.  650.]
[ 151. 1504.  172.   96.   84.  175.  305.   90.  650.   88.]
[1504.  172.   96.   84.  175.  305.   90.  650.   88.   85.]
[172.  96.  84. 175. 305.  90. 650.  88.  85.  14.]
[ 96.  84. 175. 305.  90. 650.  88.  85.  14.  92.]
[ 84. 175. 305.  90. 650.  88.  85.  14.  92. 166.]
[175. 305.  90. 650.  88.  85.  14.  92. 166. 421.]
[305.  90. 650.  88.  85.  14.  92. 166. 421.  89.]
[ 90. 650.  88.  85.  14.  92. 166. 421.  89.  65.]
[650.  88.  85.  14.  92. 166. 421.  89.  65.  71.]
[ 88.  85.  14.  92. 166. 421.  89.  65.  71.  94.]
[ 85.  14.  92. 166. 421.  89.  65.  71.  94.  92.]
[ 14.  92. 166. 421.  89.  65.  71.  94.  92.  58.]
[ 92. 166. 421.  89.  65.  71.  94.  92.  58.  88.]
[166. 421.  89.  65.  71.  94.  92.  58.  88. 206.]
[421.  89.  65.  71.  94.  92.  58.  88. 206.  61.]
[ 89.  65.  71.  94.  92.  58.  88. 206.  61. 195.]
[ 65.  71.  94.  92.  58.  88. 206.  61. 195.  85.]
[ 71.  94.  92.  58.  88. 206.  61. 195.  85.  81.]
[ 94.  92.  58.  88. 206.  61. 195.  85.  81.  47.]
[  92.   58.   88.  206.   61.  195.   85.   81.   47. 1190.]
[  58.   88.  206.   61.  195.   85.   81.   47. 1190. 1160.]
[  88.  206.   61.  195.   85.   81.   47. 1190. 1160. 1906.]
[ 206.   61.  195.   85.   81.   47. 1190. 1160. 1906.   90.]
[  61.  195.   85.   81.   47. 1190. 1160. 1906.   90. 1444.]
[ 195.   85.   81.   47. 1190. 1160. 1906.   90. 1444.  276.]
[  85.   81.   47. 1190. 1160. 1906.   90. 1444.  276.  916.]
[  81.   47. 1190. 1160. 1906.   90. 1444.  276.  916.  527.]
[  47. 1190. 1160. 1906.   90. 1444.  276.  916.  527.   71.]
[1190. 1160. 1906.   90. 1444.  276.  916.  527.   71.  149.]
[1160. 1906.   90. 1444.  276.  916.  527.   71.  149.  146.]
[1906.   90. 1444.  276.  916.  527.   71.  149.  146.   76.]
[  90. 1444.  276.  916.  527.   71.  149.  146.   76.  283.]
[1444.  276.  916.  527.   71.  149.  146.   76.  283. 1376.]
[ 276.  916.  527.   71.  149.  146.   76.  283. 1376.  110.]
[ 916.  527.   71.  149.  146.   76.  283. 1376.  110.  589.]
[ 527.   71.  149.  146.   76.  283. 1376.  110.  589.  107.]
[  71.  149.  146.   76.  283. 1376.  110.  589.  107.   72.]
[ 149.  146.   76.  283. 1376.  110.  589.  107.   72. 1551.]
[ 146.   76.  283. 1376.  110.  589.  107.   72. 1551.  232.]
[  76.  283. 1376.  110.  589.  107.   72. 1551.  232.  148.]
[ 283. 1376.  110.  589.  107.   72. 1551.  232.  148.   95.]
[1376.  110.  589.  107.   72. 1551.  232.  148.   95. 1475.]
[ 110.  589.  107.   72. 1551.  232.  148.   95. 1475.  658.]
[ 589.  107.   72. 1551.  232.  148.   95. 1475.  658.  930.]
[ 107.   72. 1551.  232.  148.   95. 1475.  658.  930.  126.]
[  72. 1551.  232.  148.   95. 1475.  658.  930.  126. 2212.]
[1551.  232.  148.   95. 1475.  658.  930.  126. 2212.  269.]
[ 232.  148.   95. 1475.  658.  930.  126. 2212.  269.  385.]
[ 148.   95. 1475.  658.  930.  126. 2212.  269.  385. 1036.]
[  95. 1475.  658.  930.  126. 2212.  269.  385. 1036.  345.]
[1475.  658.  930.  126. 2212.  269.  385. 1036.  345.   82.]
[ 658.  930.  126. 2212.  269.  385. 1036.  345.   82.   30.]
[ 930.  126. 2212.  269.  385. 1036.  345.   82.   30.   69.]
[ 126. 2212.  269.  385. 1036.  345.   82.   30.   69.  277.]
[2212.  269.  385. 1036.  345.   82.   30.   69.  277.   37.]
[ 269.  385. 1036.  345.   82.   30.   69.  277.   37.  311.]
[ 385. 1036.  345.   82.   30.   69.  277.   37.  311.  149.]
[1036.  345.   82.   30.   69.  277.   37.  311.  149. 1126.]
[ 345.   82.   30.   69.  277.   37.  311.  149. 1126.  133.]
[  82.   30.   69.  277.   37.  311.  149. 1126.  133. 1317.]
[  30.   69.  277.   37.  311.  149. 1126.  133. 1317.  119.]
[  69.  277.   37.  311.  149. 1126.  133. 1317.  119.  292.]
[ 277.   37.  311.  149. 1126.  133. 1317.  119.  292.  494.]
[  37.  311.  149. 1126.  133. 1317.  119.  292.  494.  133.]
[ 311.  149. 1126.  133. 1317.  119.  292.  494.  133.  168.]
[ 149. 1126.  133. 1317.  119.  292.  494.  133.  168.   29.]
[1126.  133. 1317.  119.  292.  494.  133.  168.   29.  172.]
[ 133. 1317.  119.  292.  494.  133.  168.   29.  172.  179.]
[1317.  119.  292.  494.  133.  168.   29.  172.  179.  142.]
[119. 292. 494. 133. 168.  29. 172. 179. 142. 864.]
[ 292.  494.  133.  168.   29.  172.  179.  142.  864. 3154.]
[ 494.  133.  168.   29.  172.  179.  142.  864. 3154.   85.]
[ 133.  168.   29.  172.  179.  142.  864. 3154.   85.  300.]
[ 168.   29.  172.  179.  142.  864. 3154.   85.  300.   62.]
[  29.  172.  179.  142.  864. 3154.   85.  300.   62.  384.]
[ 172.  179.  142.  864. 3154.   85.  300.   62.  384.  443.]
[ 179.  142.  864. 3154.   85.  300.   62.  384.  443.  125.]
[ 142.  864. 3154.   85.  300.   62.  384.  443.  125.   77.]
[ 864. 3154.   85.  300.   62.  384.  443.  125.   77.   97.]
[3154.   85.  300.   62.  384.  443.  125.   77.   97.  500.]
[ 85. 300.  62. 384. 443. 125.  77.  97. 500.  45.]
[ 300.   62.  384.  443.  125.   77.   97.  500.   45. 1548.]
[  62.  384.  443.  125.   77.   97.  500.   45. 1548.   82.]
[ 384.  443.  125.   77.   97.  500.   45. 1548.   82. 2793.]
[ 443.  125.   77.   97.  500.   45. 1548.   82. 2793.   98.]
[ 125.   77.   97.  500.   45. 1548.   82. 2793.   98. 1897.]
[  77.   97.  500.   45. 1548.   82. 2793.   98. 1897.  184.]
[  97.  500.   45. 1548.   82. 2793.   98. 1897.  184.  227.]
[ 500.   45. 1548.   82. 2793.   98. 1897.  184.  227.   91.]
[  45. 1548.   82. 2793.   98. 1897.  184.  227.   91. 2292.]
[1548.   82. 2793.   98. 1897.  184.  227.   91. 2292.  538.]
[  82. 2793.   98. 1897.  184.  227.   91. 2292.  538.  183.]
[2793.   98. 1897.  184.  227.   91. 2292.  538.  183.  130.]
[  98. 1897.  184.  227.   91. 2292.  538.  183.  130.  123.]
[1897.  184.  227.   91. 2292.  538.  183.  130.  123.  217.]
[ 184.  227.   91. 2292.  538.  183.  130.  123.  217.   83.]
[ 227.   91. 2292.  538.  183.  130.  123.  217.   83.   58.]
[  91. 2292.  538.  183.  130.  123.  217.   83.   58.   44.]
[2292.  538.  183.  130.  123.  217.   83.   58.   44.  197.]
[538. 183. 130. 123. 217.  83.  58.  44. 197.  88.]
[ 183.  130.  123.  217.   83.   58.   44.  197.   88. 1061.]
[ 130.  123.  217.   83.   58.   44.  197.   88. 1061.   41.]
[ 123.  217.   83.   58.   44.  197.   88. 1061.   41. 2049.]
[ 217.   83.   58.   44.  197.   88. 1061.   41. 2049.  227.]
[  83.   58.   44.  197.   88. 1061.   41. 2049.  227.  177.]
[  58.   44.  197.   88. 1061.   41. 2049.  227.  177.   80.]
[  44.  197.   88. 1061.   41. 2049.  227.  177.   80.   48.]
[ 197.   88. 1061.   41. 2049.  227.  177.   80.   48.  184.]
[  88. 1061.   41. 2049.  227.  177.   80.   48.  184.  153.]
[1061.   41. 2049.  227.  177.   80.   48.  184.  153.  203.]
[  41. 2049.  227.  177.   80.   48.  184.  153.  203.  328.]
[2049.  227.  177.   80.   48.  184.  153.  203.  328.  174.]
[227. 177.  80.  48. 184. 153. 203. 328. 174.  71.]
[177.  80.  48. 184. 153. 203. 328. 174.  71. 220.]
[  80.   48.  184.  153.  203.  328.  174.   71.  220. 2268.]
[  48.  184.  153.  203.  328.  174.   71.  220. 2268.   76.]
[ 184.  153.  203.  328.  174.   71.  220. 2268.   76.  141.]
[ 153.  203.  328.  174.   71.  220. 2268.   76.  141.  328.]
[ 203.  328.  174.   71.  220. 2268.   76.  141.  328.  406.]
[ 328.  174.   71.  220. 2268.   76.  141.  328.  406.   84.]
[ 174.   71.  220. 2268.   76.  141.  328.  406.   84.  239.]
[  71.  220. 2268.   76.  141.  328.  406.   84.  239.   40.]
[ 220. 2268.   76.  141.  328.  406.   84.  239.   40.   74.]
[2268.   76.  141.  328.  406.   84.  239.   40.   74.   58.]
[ 76. 141. 328. 406.  84. 239.  40.  74.  58. 375.]
[ 141.  328.  406.   84.  239.   40.   74.   58.  375. 1213.]
[ 328.  406.   84.  239.   40.   74.   58.  375. 1213.  109.]
[ 406.   84.  239.   40.   74.   58.  375. 1213.  109.  961.]
[  84.  239.   40.   74.   58.  375. 1213.  109.  961.   88.]
[ 239.   40.   74.   58.  375. 1213.  109.  961.   88.  136.]
[  40.   74.   58.  375. 1213.  109.  961.   88.  136.  267.]
[  74.   58.  375. 1213.  109.  961.   88.  136.  267.  119.]
[  58.  375. 1213.  109.  961.   88.  136.  267.  119. 1527.]
[ 375. 1213.  109.  961.   88.  136.  267.  119. 1527.  525.]
[1213.  109.  961.   88.  136.  267.  119. 1527.  525.  244.]
[ 109.  961.   88.  136.  267.  119. 1527.  525.  244.   51.]
[ 961.   88.  136.  267.  119. 1527.  525.  244.   51.   67.]
[  88.  136.  267.  119. 1527.  525.  244.   51.   67.  129.]
[ 136.  267.  119. 1527.  525.  244.   51.   67.  129. 3095.]
[ 267.  119. 1527.  525.  244.   51.   67.  129. 3095.  235.]
[ 119. 1527.  525.  244.   51.   67.  129. 3095.  235. 3969.]
[1527.  525.  244.   51.   67.  129. 3095.  235. 3969.   98.]
[ 525.  244.   51.   67.  129. 3095.  235. 3969.   98.  530.]
[ 244.   51.   67.  129. 3095.  235. 3969.   98.  530.  113.]
[  51.   67.  129. 3095.  235. 3969.   98.  530.  113.  433.]
[  67.  129. 3095.  235. 3969.   98.  530.  113.  433. 1286.]
[ 129. 3095.  235. 3969.   98.  530.  113.  433. 1286.  421.]
[3095.  235. 3969.   98.  530.  113.  433. 1286.  421.   43.]
[ 235. 3969.   98.  530.  113.  433. 1286.  421.   43.  232.]
[3969.   98.  530.  113.  433. 1286.  421.   43.  232.  152.]
[  98.  530.  113.  433. 1286.  421.   43.  232.  152.  901.]
[ 530.  113.  433. 1286.  421.   43.  232.  152.  901.   47.]
[ 113.  433. 1286.  421.   43.  232.  152.  901.   47.  136.]
[ 433. 1286.  421.   43.  232.  152.  901.   47.  136.  178.]
[1286.  421.   43.  232.  152.  901.   47.  136.  178.   90.]
[421.  43. 232. 152. 901.  47. 136. 178.  90. 371.]
[  43.  232.  152.  901.   47.  136.  178.   90.  371. 1643.]
[ 232.  152.  901.   47.  136.  178.   90.  371. 1643.  962.]
[ 152.  901.   47.  136.  178.   90.  371. 1643.  962.  215.]
[ 901.   47.  136.  178.   90.  371. 1643.  962.  215.  195.]
[  47.  136.  178.   90.  371. 1643.  962.  215.  195.  441.]
[ 136.  178.   90.  371. 1643.  962.  215.  195.  441.  146.]
[ 178.   90.  371. 1643.  962.  215.  195.  441.  146.  246.]
[  90.  371. 1643.  962.  215.  195.  441.  146.  246. 3013.]
[ 371. 1643.  962.  215.  195.  441.  146.  246. 3013.   48.]
[1643.  962.  215.  195.  441.  146.  246. 3013.   48.  329.]
[ 962.  215.  195.  441.  146.  246. 3013.   48.  329.   72.]
[ 215.  195.  441.  146.  246. 3013.   48.  329.   72.  374.]
[ 195.  441.  146.  246. 3013.   48.  329.   72.  374.  331.]
[ 441.  146.  246. 3013.   48.  329.   72.  374.  331.   58.]
[ 146.  246. 3013.   48.  329.   72.  374.  331.   58.  258.]
[ 246. 3013.   48.  329.   72.  374.  331.   58.  258.  557.]
[3013.   48.  329.   72.  374.  331.   58.  258.  557.  194.]
[ 48. 329.  72. 374. 331.  58. 258. 557. 194. 300.]
[329.  72. 374. 331.  58. 258. 557. 194. 300. 178.]
[ 72. 374. 331.  58. 258. 557. 194. 300. 178.  73.]
[374. 331.  58. 258. 557. 194. 300. 178.  73.  92.]
[331.  58. 258. 557. 194. 300. 178.  73.  92. 196.]
[  58.  258.  557.  194.  300.  178.   73.   92.  196. 1106.]
[ 258.  557.  194.  300.  178.   73.   92.  196. 1106.  102.]
[ 557.  194.  300.  178.   73.   92.  196. 1106.  102.  111.]
[ 194.  300.  178.   73.   92.  196. 1106.  102.  111.  176.]
[ 300.  178.   73.   92.  196. 1106.  102.  111.  176.  997.]
[ 178.   73.   92.  196. 1106.  102.  111.  176.  997.  742.]
[  73.   92.  196. 1106.  102.  111.  176.  997.  742.   89.]
[  92.  196. 1106.  102.  111.  176.  997.  742.   89.  469.]
[ 196. 1106.  102.  111.  176.  997.  742.   89.  469.   92.]
[1106.  102.  111.  176.  997.  742.   89.  469.   92. 1743.]
[ 102.  111.  176.  997.  742.   89.  469.   92. 1743.  179.]
[ 111.  176.  997.  742.   89.  469.   92. 1743.  179.  153.]
[ 176.  997.  742.   89.  469.   92. 1743.  179.  153.  205.]
[ 997.  742.   89.  469.   92. 1743.  179.  153.  205.   75.]
[ 742.   89.  469.   92. 1743.  179.  153.  205.   75. 1477.]
[  89.  469.   92. 1743.  179.  153.  205.   75. 1477. 1980.]
[ 469.   92. 1743.  179.  153.  205.   75. 1477. 1980. 1372.]
[  92. 1743.  179.  153.  205.   75. 1477. 1980. 1372.  508.]
[1743.  179.  153.  205.   75. 1477. 1980. 1372.  508.  166.]
[ 179.  153.  205.   75. 1477. 1980. 1372.  508.  166.   79.]
[ 153.  205.   75. 1477. 1980. 1372.  508.  166.   79.  143.]
[ 205.   75. 1477. 1980. 1372.  508.  166.   79.  143.   72.]
[  75. 1477. 1980. 1372.  508.  166.   79.  143.   72.  217.]
[1477. 1980. 1372.  508.  166.   79.  143.   72.  217.   59.]
[1980. 1372.  508.  166.   79.  143.   72.  217.   59.  532.]
[1372.  508.  166.   79.  143.   72.  217.   59.  532. 1318.]
[ 508.  166.   79.  143.   72.  217.   59.  532. 1318.  204.]
[ 166.   79.  143.   72.  217.   59.  532. 1318.  204.  225.]
[  79.  143.   72.  217.   59.  532. 1318.  204.  225.  891.]
[ 143.   72.  217.   59.  532. 1318.  204.  225.  891.  155.]
[  72.  217.   59.  532. 1318.  204.  225.  891.  155.  823.]
[ 217.   59.  532. 1318.  204.  225.  891.  155.  823. 3162.]
[  59.  532. 1318.  204.  225.  891.  155.  823. 3162.  897.]
[ 532. 1318.  204.  225.  891.  155.  823. 3162.  897.   42.]
[1318.  204.  225.  891.  155.  823. 3162.  897.   42.   76.]
[ 204.  225.  891.  155.  823. 3162.  897.   42.   76.  129.]
[ 225.  891.  155.  823. 3162.  897.   42.   76.  129.  143.]
[ 891.  155.  823. 3162.  897.   42.   76.  129.  143.   78.]
[ 155.  823. 3162.  897.   42.   76.  129.  143.   78.  299.]
[ 823. 3162.  897.   42.   76.  129.  143.   78.  299. 1676.]
[3162.  897.   42.   76.  129.  143.   78.  299. 1676.   46.]
[ 897.   42.   76.  129.  143.   78.  299. 1676.   46. 1341.]
[  42.   76.  129.  143.   78.  299. 1676.   46. 1341.  409.]
[  76.  129.  143.   78.  299. 1676.   46. 1341.  409.   96.]
[ 129.  143.   78.  299. 1676.   46. 1341.  409.   96.   91.]
[ 143.   78.  299. 1676.   46. 1341.  409.   96.   91.  371.]
[  78.  299. 1676.   46. 1341.  409.   96.   91.  371.    6.]
[ 299. 1676.   46. 1341.  409.   96.   91.  371.    6.  494.]
[1676.   46. 1341.  409.   96.   91.  371.    6.  494.   60.]
[  46. 1341.  409.   96.   91.  371.    6.  494.   60.   96.]
[1341.  409.   96.   91.  371.    6.  494.   60.   96.  260.]
[409.  96.  91. 371.   6. 494.  60.  96. 260. 156.]
[ 96.  91. 371.   6. 494.  60.  96. 260. 156. 143.]
[ 91. 371.   6. 494.  60.  96. 260. 156. 143.  50.]
[371.   6. 494.  60.  96. 260. 156. 143.  50. 505.]
[   6.  494.   60.   96.  260.  156.  143.   50.  505. 1388.]
[ 494.   60.   96.  260.  156.  143.   50.  505. 1388.  123.]
[  60.   96.  260.  156.  143.   50.  505. 1388.  123.   68.]
[  96.  260.  156.  143.   50.  505. 1388.  123.   68.   84.]
[ 260.  156.  143.   50.  505. 1388.  123.   68.   84.  109.]
[ 156.  143.   50.  505. 1388.  123.   68.   84.  109. 1039.]
[ 143.   50.  505. 1388.  123.   68.   84.  109. 1039.  120.]
[  50.  505. 1388.  123.   68.   84.  109. 1039.  120.  281.]
[ 505. 1388.  123.   68.   84.  109. 1039.  120.  281. 2441.]
[1388.  123.   68.   84.  109. 1039.  120.  281. 2441.   76.]
[ 123.   68.   84.  109. 1039.  120.  281. 2441.   76.   40.]
[  68.   84.  109. 1039.  120.  281. 2441.   76.   40. 1459.]
[  84.  109. 1039.  120.  281. 2441.   76.   40. 1459.   39.]
[ 109. 1039.  120.  281. 2441.   76.   40. 1459.   39. 1242.]
[1039.  120.  281. 2441.   76.   40. 1459.   39. 1242.   18.]
[ 120.  281. 2441.   76.   40. 1459.   39. 1242.   18.   35.]
[ 281. 2441.   76.   40. 1459.   39. 1242.   18.   35.   80.]
[2441.   76.   40. 1459.   39. 1242.   18.   35.   80.  584.]
[  76.   40. 1459.   39. 1242.   18.   35.   80.  584.  905.]
[  40. 1459.   39. 1242.   18.   35.   80.  584.  905. 1206.]
[1459.   39. 1242.   18.   35.   80.  584.  905. 1206.  299.]
[  39. 1242.   18.   35.   80.  584.  905. 1206.  299.  649.]
[1242.   18.   35.   80.  584.  905. 1206.  299.  649.   69.]
[  18.   35.   80.  584.  905. 1206.  299.  649.   69.   55.]
[  35.   80.  584.  905. 1206.  299.  649.   69.   55.  125.]
[  80.  584.  905. 1206.  299.  649.   69.   55.  125.   73.]
[ 584.  905. 1206.  299.  649.   69.   55.  125.   73.  173.]
[ 905. 1206.  299.  649.   69.   55.  125.   73.  173.  615.]
[1206.  299.  649.   69.   55.  125.   73.  173.  615.   85.]
[299. 649.  69.  55. 125.  73. 173. 615.  85. 329.]
[649.  69.  55. 125.  73. 173. 615.  85. 329.  37.]
[ 69.  55. 125.  73. 173. 615.  85. 329.  37. 504.]
[ 55. 125.  73. 173. 615.  85. 329.  37. 504.  74.]
[125.  73. 173. 615.  85. 329.  37. 504.  74.  49.]
[ 73. 173. 615.  85. 329.  37. 504.  74.  49.  43.]
[173. 615.  85. 329.  37. 504.  74.  49.  43.  76.]
[615.  85. 329.  37. 504.  74.  49.  43.  76. 726.]
[ 85. 329.  37. 504.  74.  49.  43.  76. 726.  30.]
[329.  37. 504.  74.  49.  43.  76. 726.  30.  55.]
[ 37. 504.  74.  49.  43.  76. 726.  30.  55.  43.]
[504.  74.  49.  43.  76. 726.  30.  55.  43. 104.]
[ 74.  49.  43.  76. 726.  30.  55.  43. 104.  44.]
[ 49.  43.  76. 726.  30.  55.  43. 104.  44.  84.]
[  43.   76.  726.   30.   55.   43.  104.   44.   84. 2596.]
[  76.  726.   30.   55.   43.  104.   44.   84. 2596.   67.]
[ 726.   30.   55.   43.  104.   44.   84. 2596.   67. 2879.]
[  30.   55.   43.  104.   44.   84. 2596.   67. 2879.   99.]
[  55.   43.  104.   44.   84. 2596.   67. 2879.   99. 1582.]
[  43.  104.   44.   84. 2596.   67. 2879.   99. 1582. 3412.]
[ 104.   44.   84. 2596.   67. 2879.   99. 1582. 3412.  111.]
[  44.   84. 2596.   67. 2879.   99. 1582. 3412.  111. 2654.]
[  84. 2596.   67. 2879.   99. 1582. 3412.  111. 2654.   79.]
[2596.   67. 2879.   99. 1582. 3412.  111. 2654.   79.   61.]
[  67. 2879.   99. 1582. 3412.  111. 2654.   79.   61.   84.]
[2879.   99. 1582. 3412.  111. 2654.   79.   61.   84.  112.]
[  99. 1582. 3412.  111. 2654.   79.   61.   84.  112. 1810.]
[1582. 3412.  111. 2654.   79.   61.   84.  112. 1810. 1861.]
[3412.  111. 2654.   79.   61.   84.  112. 1810. 1861.   30.]
[ 111. 2654.   79.   61.   84.  112. 1810. 1861.   30.  323.]
[2654.   79.   61.   84.  112. 1810. 1861.   30.  323.  507.]
[  79.   61.   84.  112. 1810. 1861.   30.  323.  507.   55.]
[  61.   84.  112. 1810. 1861.   30.  323.  507.   55.  140.]
[  84.  112. 1810. 1861.   30.  323.  507.   55.  140.  121.]
[ 112. 1810. 1861.   30.  323.  507.   55.  140.  121.  353.]
[1810. 1861.   30.  323.  507.   55.  140.  121.  353.   82.]
[1861.   30.  323.  507.   55.  140.  121.  353.   82.  120.]
[ 30. 323. 507.  55. 140. 121. 353.  82. 120.  69.]
[323. 507.  55. 140. 121. 353.  82. 120.  69.  15.]
[ 507.   55.  140.  121.  353.   82.  120.   69.   15. 1794.]
[  55.  140.  121.  353.   82.  120.   69.   15. 1794.   92.]
[ 140.  121.  353.   82.  120.   69.   15. 1794.   92.  184.]
[ 121.  353.   82.  120.   69.   15. 1794.   92.  184. 1339.]
[ 353.   82.  120.   69.   15. 1794.   92.  184. 1339.  377.]
[  82.  120.   69.   15. 1794.   92.  184. 1339.  377.  328.]
[ 120.   69.   15. 1794.   92.  184. 1339.  377.  328.   41.]
[  69.   15. 1794.   92.  184. 1339.  377.  328.   41.  150.]
[  15. 1794.   92.  184. 1339.  377.  328.   41.  150.   79.]
[1794.   92.  184. 1339.  377.  328.   41.  150.   79.  239.]
[  92.  184. 1339.  377.  328.   41.  150.   79.  239.  735.]
[ 184. 1339.  377.  328.   41.  150.   79.  239.  735.  365.]
[1339.  377.  328.   41.  150.   79.  239.  735.  365. 1780.]
[ 377.  328.   41.  150.   79.  239.  735.  365. 1780.  905.]
[ 328.   41.  150.   79.  239.  735.  365. 1780.  905.  168.]
[  41.  150.   79.  239.  735.  365. 1780.  905.  168.  455.]
[ 150.   79.  239.  735.  365. 1780.  905.  168.  455.  303.]
[  79.  239.  735.  365. 1780.  905.  168.  455.  303. 3231.]
[ 239.  735.  365. 1780.  905.  168.  455.  303. 3231. 1566.]
[ 735.  365. 1780.  905.  168.  455.  303. 3231. 1566.  378.]
[ 365. 1780.  905.  168.  455.  303. 3231. 1566.  378.   65.]
[1780.  905.  168.  455.  303. 3231. 1566.  378.   65.  201.]
[ 905.  168.  455.  303. 3231. 1566.  378.   65.  201.  263.]
[ 168.  455.  303. 3231. 1566.  378.   65.  201.  263.  106.]
[ 455.  303. 3231. 1566.  378.   65.  201.  263.  106.  164.]
[ 303. 3231. 1566.  378.   65.  201.  263.  106.  164.  317.]
[3231. 1566.  378.   65.  201.  263.  106.  164.  317. 1790.]
[1566.  378.   65.  201.  263.  106.  164.  317. 1790.   64.]
[ 378.   65.  201.  263.  106.  164.  317. 1790.   64.   71.]
[  65.  201.  263.  106.  164.  317. 1790.   64.   71.   83.]
[ 201.  263.  106.  164.  317. 1790.   64.   71.   83.  234.]
[ 263.  106.  164.  317. 1790.   64.   71.   83.  234.  250.]
[ 106.  164.  317. 1790.   64.   71.   83.  234.  250.  246.]
[ 164.  317. 1790.   64.   71.   83.  234.  250.  246.  115.]
[ 317. 1790.   64.   71.   83.  234.  250.  246.  115.   77.]
[1790.   64.   71.   83.  234.  250.  246.  115.   77.   57.]
[ 64.  71.  83. 234. 250. 246. 115.  77.  57. 164.]
[ 71.  83. 234. 250. 246. 115.  77.  57. 164.  80.]
[ 83. 234. 250. 246. 115.  77.  57. 164.  80. 338.]
[234. 250. 246. 115.  77.  57. 164.  80. 338. 346.]
[250. 246. 115.  77.  57. 164.  80. 338. 346.  95.]
[246. 115.  77.  57. 164.  80. 338. 346.  95. 218.]
[115.  77.  57. 164.  80. 338. 346.  95. 218. 101.]
[ 77.  57. 164.  80. 338. 346.  95. 218. 101. 173.]
[ 57. 164.  80. 338. 346.  95. 218. 101. 173.  72.]
[164.  80. 338. 346.  95. 218. 101. 173.  72.  31.]
[ 80. 338. 346.  95. 218. 101. 173.  72.  31. 121.]
[338. 346.  95. 218. 101. 173.  72.  31. 121. 345.]
[346.  95. 218. 101. 173.  72.  31. 121. 345. 104.]
[ 95. 218. 101. 173.  72.  31. 121. 345. 104. 629.]
[218. 101. 173.  72.  31. 121. 345. 104. 629. 651.]
[101. 173.  72.  31. 121. 345. 104. 629. 651. 211.]
[173.  72.  31. 121. 345. 104. 629. 651. 211. 131.]
[  72.   31.  121.  345.  104.  629.  651.  211.  131. 3486.]
[  31.  121.  345.  104.  629.  651.  211.  131. 3486.  425.]
[ 121.  345.  104.  629.  651.  211.  131. 3486.  425.  166.]
[3.450e+02 1.040e+02 6.290e+02 6.510e+02 2.110e+02 1.310e+02 3.486e+03
 4.250e+02 1.660e+02 3.000e+00]
[1.040e+02 6.290e+02 6.510e+02 2.110e+02 1.310e+02 3.486e+03 4.250e+02
 1.660e+02 3.000e+00 7.500e+01]
[6.290e+02 6.510e+02 2.110e+02 1.310e+02 3.486e+03 4.250e+02 1.660e+02
 3.000e+00 7.500e+01 2.650e+02]
[6.510e+02 2.110e+02 1.310e+02 3.486e+03 4.250e+02 1.660e+02 3.000e+00
 7.500e+01 2.650e+02 4.170e+02]
[2.110e+02 1.310e+02 3.486e+03 4.250e+02 1.660e+02 3.000e+00 7.500e+01
 2.650e+02 4.170e+02 2.000e+02]
[1.310e+02 3.486e+03 4.250e+02 1.660e+02 3.000e+00 7.500e+01 2.650e+02
 4.170e+02 2.000e+02 9.000e+01]
[3.486e+03 4.250e+02 1.660e+02 3.000e+00 7.500e+01 2.650e+02 4.170e+02
 2.000e+02 9.000e+01 1.950e+02]
[425. 166.   3.  75. 265. 417. 200.  90. 195. 262.]
[166.   3.  75. 265. 417. 200.  90. 195. 262.  57.]
[  3.  75. 265. 417. 200.  90. 195. 262.  57. 146.]
[ 75. 265. 417. 200.  90. 195. 262.  57. 146. 112.]
[265. 417. 200.  90. 195. 262.  57. 146. 112. 181.]
[417. 200.  90. 195. 262.  57. 146. 112. 181.  61.]
[200.  90. 195. 262.  57. 146. 112. 181.  61. 547.]
[ 90. 195. 262.  57. 146. 112. 181.  61. 547.  62.]
[195. 262.  57. 146. 112. 181.  61. 547.  62.  76.]
[262.  57. 146. 112. 181.  61. 547.  62.  76. 761.]
[ 57. 146. 112. 181.  61. 547.  62.  76. 761.  57.]
[146. 112. 181.  61. 547.  62.  76. 761.  57.  85.]
[112. 181.  61. 547.  62.  76. 761.  57.  85.  42.]
[181.  61. 547.  62.  76. 761.  57.  85.  42.  28.]
[  61.  547.   62.   76.  761.   57.   85.   42.   28. 1968.]
[ 547.   62.   76.  761.   57.   85.   42.   28. 1968.   61.]
[  62.   76.  761.   57.   85.   42.   28. 1968.   61.   90.]
[  76.  761.   57.   85.   42.   28. 1968.   61.   90.  103.]
[ 761.   57.   85.   42.   28. 1968.   61.   90.  103.  137.]
[  57.   85.   42.   28. 1968.   61.   90.  103.  137. 3942.]
[  85.   42.   28. 1968.   61.   90.  103.  137. 3942.  104.]
[  42.   28. 1968.   61.   90.  103.  137. 3942.  104.  583.]
[  28. 1968.   61.   90.  103.  137. 3942.  104.  583.  593.]
[1968.   61.   90.  103.  137. 3942.  104.  583.  593.   60.]
[  61.   90.  103.  137. 3942.  104.  583.  593.   60.  276.]
[  90.  103.  137. 3942.  104.  583.  593.   60.  276. 1238.]
[ 103.  137. 3942.  104.  583.  593.   60.  276. 1238.  157.]
[ 137. 3942.  104.  583.  593.   60.  276. 1238.  157.  120.]
[3942.  104.  583.  593.   60.  276. 1238.  157.  120.   94.]
[ 104.  583.  593.   60.  276. 1238.  157.  120.   94.  379.]
[ 583.  593.   60.  276. 1238.  157.  120.   94.  379.  137.]
[ 593.   60.  276. 1238.  157.  120.   94.  379.  137.    4.]
[  60.  276. 1238.  157.  120.   94.  379.  137.    4.   83.]
[ 276. 1238.  157.  120.   94.  379.  137.    4.   83.  220.]
[1238.  157.  120.   94.  379.  137.    4.   83.  220.  719.]
[157. 120.  94. 379. 137.   4.  83. 220. 719. 635.]
[120.  94. 379. 137.   4.  83. 220. 719. 635.  79.]
[ 94. 379. 137.   4.  83. 220. 719. 635.  79. 623.]
[ 379.  137.    4.   83.  220.  719.  635.   79.  623. 1316.]
[ 137.    4.   83.  220.  719.  635.   79.  623. 1316.  206.]
[   4.   83.  220.  719.  635.   79.  623. 1316.  206. 3100.]
[  83.  220.  719.  635.   79.  623. 1316.  206. 3100.  104.]
[ 220.  719.  635.   79.  623. 1316.  206. 3100.  104.   27.]
[ 719.  635.   79.  623. 1316.  206. 3100.  104.   27.  186.]
[ 635.   79.  623. 1316.  206. 3100.  104.   27.  186.  329.]
[  79.  623. 1316.  206. 3100.  104.   27.  186.  329. 1150.]
[ 623. 1316.  206. 3100.  104.   27.  186.  329. 1150.   82.]
[1316.  206. 3100.  104.   27.  186.  329. 1150.   82.  157.]
[ 206. 3100.  104.   27.  186.  329. 1150.   82.  157.  101.]
[3100.  104.   27.  186.  329. 1150.   82.  157.  101.  129.]
[ 104.   27.  186.  329. 1150.   82.  157.  101.  129.  583.]
[  27.  186.  329. 1150.   82.  157.  101.  129.  583.  267.]
[ 186.  329. 1150.   82.  157.  101.  129.  583.  267.   13.]
[ 329. 1150.   82.  157.  101.  129.  583.  267.   13.  204.]
[1150.   82.  157.  101.  129.  583.  267.   13.  204.  157.]
[ 82. 157. 101. 129. 583. 267.  13. 204. 157.  67.]
[157. 101. 129. 583. 267.  13. 204. 157.  67. 234.]
[101. 129. 583. 267.  13. 204. 157.  67. 234. 173.]
[129. 583. 267.  13. 204. 157.  67. 234. 173. 117.]
[583. 267.  13. 204. 157.  67. 234. 173. 117. 229.]
[267.  13. 204. 157.  67. 234. 173. 117. 229. 373.]
[ 13. 204. 157.  67. 234. 173. 117. 229. 373. 167.]
[204. 157.  67. 234. 173. 117. 229. 373. 167. 241.]
[157.  67. 234. 173. 117. 229. 373. 167. 241. 155.]
[ 67. 234. 173. 117. 229. 373. 167. 241. 155.  97.]
[ 234.  173.  117.  229.  373.  167.  241.  155.   97. 1236.]
[ 173.  117.  229.  373.  167.  241.  155.   97. 1236. 1799.]
[ 117.  229.  373.  167.  241.  155.   97. 1236. 1799.  298.]
[ 229.  373.  167.  241.  155.   97. 1236. 1799.  298.  246.]
[ 373.  167.  241.  155.   97. 1236. 1799.  298.  246. 1228.]
[ 167.  241.  155.   97. 1236. 1799.  298.  246. 1228.   51.]
[ 241.  155.   97. 1236. 1799.  298.  246. 1228.   51.  191.]
[ 155.   97. 1236. 1799.  298.  246. 1228.   51.  191.  217.]
[  97. 1236. 1799.  298.  246. 1228.   51.  191.  217. 3854.]
[1236. 1799.  298.  246. 1228.   51.  191.  217. 3854. 1613.]
[1799.  298.  246. 1228.   51.  191.  217. 3854. 1613.  354.]
[ 298.  246. 1228.   51.  191.  217. 3854. 1613.  354.  181.]
[ 246. 1228.   51.  191.  217. 3854. 1613.  354.  181.  115.]
[1228.   51.  191.  217. 3854. 1613.  354.  181.  115.  102.]
[  51.  191.  217. 3854. 1613.  354.  181.  115.  102.  102.]
[ 191.  217. 3854. 1613.  354.  181.  115.  102.  102.  195.]
[ 217. 3854. 1613.  354.  181.  115.  102.  102.  195.   40.]
[3854. 1613.  354.  181.  115.  102.  102.  195.   40.   80.]
[1613.  354.  181.  115.  102.  102.  195.   40.   80. 1444.]
[ 354.  181.  115.  102.  102.  195.   40.   80. 1444.  142.]
[ 181.  115.  102.  102.  195.   40.   80. 1444.  142.  119.]
[ 115.  102.  102.  195.   40.   80. 1444.  142.  119.  253.]
[ 102.  102.  195.   40.   80. 1444.  142.  119.  253. 1983.]
[ 102.  195.   40.   80. 1444.  142.  119.  253. 1983.  997.]
[ 195.   40.   80. 1444.  142.  119.  253. 1983.  997.  628.]
[  40.   80. 1444.  142.  119.  253. 1983.  997.  628.   68.]
[  80. 1444.  142.  119.  253. 1983.  997.  628.   68.   70.]
[1444.  142.  119.  253. 1983.  997.  628.   68.   70.    0.]
[ 142.  119.  253. 1983.  997.  628.   68.   70.    0.   57.]
[ 119.  253. 1983.  997.  628.   68.   70.    0.   57.  295.]
[ 253. 1983.  997.  628.   68.   70.    0.   57.  295.  214.]
[1983.  997.  628.   68.   70.    0.   57.  295.  214.  169.]
[997. 628.  68.  70.   0.  57. 295. 214. 169. 144.]
[628.  68.  70.   0.  57. 295. 214. 169. 144. 240.]
[ 68.  70.   0.  57. 295. 214. 169. 144. 240.  98.]
[ 70.   0.  57. 295. 214. 169. 144. 240.  98. 206.]
[  0.  57. 295. 214. 169. 144. 240.  98. 206. 187.]
[ 57. 295. 214. 169. 144. 240.  98. 206. 187.  43.]
[ 295.  214.  169.  144.  240.   98.  206.  187.   43. 2683.]
[ 214.  169.  144.  240.   98.  206.  187.   43. 2683.  687.]
[ 169.  144.  240.   98.  206.  187.   43. 2683.  687.  115.]
[ 144.  240.   98.  206.  187.   43. 2683.  687.  115.  342.]
[ 240.   98.  206.  187.   43. 2683.  687.  115.  342.  122.]
[  98.  206.  187.   43. 2683.  687.  115.  342.  122. 1042.]
[ 206.  187.   43. 2683.  687.  115.  342.  122. 1042.   74.]
[ 187.   43. 2683.  687.  115.  342.  122. 1042.   74.  146.]
[  43. 2683.  687.  115.  342.  122. 1042.   74.  146.   61.]
[2683.  687.  115.  342.  122. 1042.   74.  146.   61.  849.]
[ 687.  115.  342.  122. 1042.   74.  146.   61.  849.  596.]
[ 115.  342.  122. 1042.   74.  146.   61.  849.  596.  150.]
[ 342.  122. 1042.   74.  146.   61.  849.  596.  150.  166.]
[ 122. 1042.   74.  146.   61.  849.  596.  150.  166.  310.]
[1042.   74.  146.   61.  849.  596.  150.  166.  310. 1254.]
[  74.  146.   61.  849.  596.  150.  166.  310. 1254.  293.]
[ 146.   61.  849.  596.  150.  166.  310. 1254.  293.  284.]
[  61.  849.  596.  150.  166.  310. 1254.  293.  284.   81.]
[ 849.  596.  150.  166.  310. 1254.  293.  284.   81.   16.]
[ 596.  150.  166.  310. 1254.  293.  284.   81.   16.   44.]
[ 150.  166.  310. 1254.  293.  284.   81.   16.   44.   53.]
[ 166.  310. 1254.  293.  284.   81.   16.   44.   53.  253.]
[3.100e+02 1.254e+03 2.930e+02 2.840e+02 8.100e+01 1.600e+01 4.400e+01
 5.300e+01 2.530e+02 1.000e+00]
[1.254e+03 2.930e+02 2.840e+02 8.100e+01 1.600e+01 4.400e+01 5.300e+01
 2.530e+02 1.000e+00 9.660e+02]
[2.930e+02 2.840e+02 8.100e+01 1.600e+01 4.400e+01 5.300e+01 2.530e+02
 1.000e+00 9.660e+02 1.013e+03]
[2.840e+02 8.100e+01 1.600e+01 4.400e+01 5.300e+01 2.530e+02 1.000e+00
 9.660e+02 1.013e+03 1.940e+02]
[8.100e+01 1.600e+01 4.400e+01 5.300e+01 2.530e+02 1.000e+00 9.660e+02
 1.013e+03 1.940e+02 1.970e+02]
[1.600e+01 4.400e+01 5.300e+01 2.530e+02 1.000e+00 9.660e+02 1.013e+03
 1.940e+02 1.970e+02 3.670e+02]
[4.400e+01 5.300e+01 2.530e+02 1.000e+00 9.660e+02 1.013e+03 1.940e+02
 1.970e+02 3.670e+02 8.300e+02]
[5.300e+01 2.530e+02 1.000e+00 9.660e+02 1.013e+03 1.940e+02 1.970e+02
 3.670e+02 8.300e+02 2.470e+02]
[2.530e+02 1.000e+00 9.660e+02 1.013e+03 1.940e+02 1.970e+02 3.670e+02
 8.300e+02 2.470e+02 1.800e+02]
[1.000e+00 9.660e+02 1.013e+03 1.940e+02 1.970e+02 3.670e+02 8.300e+02
 2.470e+02 1.800e+02 1.190e+02]
[ 966. 1013.  194.  197.  367.  830.  247.  180.  119.   57.]
[1013.  194.  197.  367.  830.  247.  180.  119.   57.   93.]
[194. 197. 367. 830. 247. 180. 119.  57.  93. 375.]
[197. 367. 830. 247. 180. 119.  57.  93. 375. 289.]
[367. 830. 247. 180. 119.  57.  93. 375. 289.  78.]
[830. 247. 180. 119.  57.  93. 375. 289.  78. 177.]
[247. 180. 119.  57.  93. 375. 289.  78. 177. 208.]
[180. 119.  57.  93. 375. 289.  78. 177. 208. 165.]
[119.  57.  93. 375. 289.  78. 177. 208. 165. 227.]
[ 57.  93. 375. 289.  78. 177. 208. 165. 227. 151.]
[ 93. 375. 289.  78. 177. 208. 165. 227. 151.  52.]
[375. 289.  78. 177. 208. 165. 227. 151.  52. 135.]
[289.  78. 177. 208. 165. 227. 151.  52. 135. 225.]
[ 78. 177. 208. 165. 227. 151.  52. 135. 225. 122.]
[177. 208. 165. 227. 151.  52. 135. 225. 122. 119.]
[208. 165. 227. 151.  52. 135. 225. 122. 119. 214.]
[165. 227. 151.  52. 135. 225. 122. 119. 214. 299.]
[227. 151.  52. 135. 225. 122. 119. 214. 299. 187.]
[ 151.   52.  135.  225.  122.  119.  214.  299.  187. 1051.]
[  52.  135.  225.  122.  119.  214.  299.  187. 1051.  109.]
[ 135.  225.  122.  119.  214.  299.  187. 1051.  109.  136.]
[ 225.  122.  119.  214.  299.  187. 1051.  109.  136. 3105.]
[ 122.  119.  214.  299.  187. 1051.  109.  136. 3105.   21.]
[ 119.  214.  299.  187. 1051.  109.  136. 3105.   21.   87.]
[ 214.  299.  187. 1051.  109.  136. 3105.   21.   87.   87.]
[ 299.  187. 1051.  109.  136. 3105.   21.   87.   87.  276.]
[ 187. 1051.  109.  136. 3105.   21.   87.   87.  276.  130.]
[1051.  109.  136. 3105.   21.   87.   87.  276.  130.   22.]
[ 109.  136. 3105.   21.   87.   87.  276.  130.   22.  330.]
[ 136. 3105.   21.   87.   87.  276.  130.   22.  330.  206.]
[3105.   21.   87.   87.  276.  130.   22.  330.  206.  275.]
[  21.   87.   87.  276.  130.   22.  330.  206.  275. 2392.]
[  87.   87.  276.  130.   22.  330.  206.  275. 2392.   42.]
[  87.  276.  130.   22.  330.  206.  275. 2392.   42.  150.]
[ 276.  130.   22.  330.  206.  275. 2392.   42.  150.   65.]
[ 130.   22.  330.  206.  275. 2392.   42.  150.   65.  122.]
[  22.  330.  206.  275. 2392.   42.  150.   65.  122.  220.]
[ 330.  206.  275. 2392.   42.  150.   65.  122.  220. 2311.]
[ 206.  275. 2392.   42.  150.   65.  122.  220. 2311.   40.]
[ 275. 2392.   42.  150.   65.  122.  220. 2311.   40.  907.]
[2392.   42.  150.   65.  122.  220. 2311.   40.  907. 3633.]
[  42.  150.   65.  122.  220. 2311.   40.  907. 3633. 3493.]
[ 150.   65.  122.  220. 2311.   40.  907. 3633. 3493. 1649.]
[  65.  122.  220. 2311.   40.  907. 3633. 3493. 1649.   30.]
[ 122.  220. 2311.   40.  907. 3633. 3493. 1649.   30.  202.]
[ 220. 2311.   40.  907. 3633. 3493. 1649.   30.  202.   93.]
[2311.   40.  907. 3633. 3493. 1649.   30.  202.   93.  113.]
[  40.  907. 3633. 3493. 1649.   30.  202.   93.  113. 1234.]
[ 907. 3633. 3493. 1649.   30.  202.   93.  113. 1234.  173.]
[3633. 3493. 1649.   30.  202.   93.  113. 1234.  173.   79.]
[3493. 1649.   30.  202.   93.  113. 1234.  173.   79.  208.]
[1649.   30.  202.   93.  113. 1234.  173.   79.  208.  214.]
[  30.  202.   93.  113. 1234.  173.   79.  208.  214.  161.]
[ 202.   93.  113. 1234.  173.   79.  208.  214.  161.  138.]
[  93.  113. 1234.  173.   79.  208.  214.  161.  138.  154.]
[ 113. 1234.  173.   79.  208.  214.  161.  138.  154.  191.]
[1234.  173.   79.  208.  214.  161.  138.  154.  191.   52.]
[173.  79. 208. 214. 161. 138. 154. 191.  52. 265.]
[ 79. 208. 214. 161. 138. 154. 191.  52. 265. 184.]
[208. 214. 161. 138. 154. 191.  52. 265. 184.  34.]
[214. 161. 138. 154. 191.  52. 265. 184.  34. 250.]
[161. 138. 154. 191.  52. 265. 184.  34. 250. 995.]
[138. 154. 191.  52. 265. 184.  34. 250. 995. 160.]
[154. 191.  52. 265. 184.  34. 250. 995. 160. 134.]
[ 191.   52.  265.  184.   34.  250.  995.  160.  134. 2627.]
[  52.  265.  184.   34.  250.  995.  160.  134. 2627.  216.]
[ 265.  184.   34.  250.  995.  160.  134. 2627.  216.  133.]
[ 184.   34.  250.  995.  160.  134. 2627.  216.  133.  140.]
[  34.  250.  995.  160.  134. 2627.  216.  133.  140.  196.]
[ 250.  995.  160.  134. 2627.  216.  133.  140.  196.  195.]
[ 995.  160.  134. 2627.  216.  133.  140.  196.  195.   79.]
[ 160.  134. 2627.  216.  133.  140.  196.  195.   79.  329.]
[ 134. 2627.  216.  133.  140.  196.  195.   79.  329.  132.]
[2627.  216.  133.  140.  196.  195.   79.  329.  132.   98.]
[216. 133. 140. 196. 195.  79. 329. 132.  98. 178.]
[133. 140. 196. 195.  79. 329. 132.  98. 178. 116.]
[140. 196. 195.  79. 329. 132.  98. 178. 116. 304.]
[196. 195.  79. 329. 132.  98. 178. 116. 304. 119.]
[195.  79. 329. 132.  98. 178. 116. 304. 119. 438.]
[ 79. 329. 132.  98. 178. 116. 304. 119. 438. 133.]
[329. 132.  98. 178. 116. 304. 119. 438. 133. 770.]
[132.  98. 178. 116. 304. 119. 438. 133. 770. 186.]
[ 98. 178. 116. 304. 119. 438. 133. 770. 186.  54.]
[178. 116. 304. 119. 438. 133. 770. 186.  54. 679.]
[116. 304. 119. 438. 133. 770. 186.  54. 679. 227.]
[304. 119. 438. 133. 770. 186.  54. 679. 227.  82.]
[119. 438. 133. 770. 186.  54. 679. 227.  82. 463.]
[438. 133. 770. 186.  54. 679. 227.  82. 463.  63.]
[133. 770. 186.  54. 679. 227.  82. 463.  63.  88.]
[770. 186.  54. 679. 227.  82. 463.  63.  88. 221.]
[186.  54. 679. 227.  82. 463.  63.  88. 221. 165.]
[ 54. 679. 227.  82. 463.  63.  88. 221. 165. 521.]
[679. 227.  82. 463.  63.  88. 221. 165. 521. 150.]
[227.  82. 463.  63.  88. 221. 165. 521. 150.  42.]
[ 82. 463.  63.  88. 221. 165. 521. 150.  42.  89.]
[463.  63.  88. 221. 165. 521. 150.  42.  89. 228.]
[ 63.  88. 221. 165. 521. 150.  42.  89. 228. 200.]
[ 88. 221. 165. 521. 150.  42.  89. 228. 200.  95.]
[221. 165. 521. 150.  42.  89. 228. 200.  95.  70.]
[165. 521. 150.  42.  89. 228. 200.  95.  70. 313.]
[521. 150.  42.  89. 228. 200.  95.  70. 313. 610.]
[150.  42.  89. 228. 200.  95.  70. 313. 610. 198.]
[ 42.  89. 228. 200.  95.  70. 313. 610. 198.  24.]
[ 89. 228. 200.  95.  70. 313. 610. 198.  24. 136.]
[228. 200.  95.  70. 313. 610. 198.  24. 136. 226.]
[200.  95.  70. 313. 610. 198.  24. 136. 226. 235.]
[ 95.  70. 313. 610. 198.  24. 136. 226. 235. 351.]
[  70.  313.  610.  198.   24.  136.  226.  235.  351. 1130.]
[ 313.  610.  198.   24.  136.  226.  235.  351. 1130.   11.]
[ 610.  198.   24.  136.  226.  235.  351. 1130.   11.   76.]
[ 198.   24.  136.  226.  235.  351. 1130.   11.   76.   96.]
[  24.  136.  226.  235.  351. 1130.   11.   76.   96.  501.]
[ 136.  226.  235.  351. 1130.   11.   76.   96.  501.  329.]
[ 226.  235.  351. 1130.   11.   76.   96.  501.  329.   83.]
[ 235.  351. 1130.   11.   76.   96.  501.  329.   83.   85.]
[ 351. 1130.   11.   76.   96.  501.  329.   83.   85.   92.]
[1130.   11.   76.   96.  501.  329.   83.   85.   92.  269.]
[ 11.  76.  96. 501. 329.  83.  85.  92. 269. 287.]
[ 76.  96. 501. 329.  83.  85.  92. 269. 287. 114.]
[ 96. 501. 329.  83.  85.  92. 269. 287. 114. 582.]
[501. 329.  83.  85.  92. 269. 287. 114. 582. 149.]
[329.  83.  85.  92. 269. 287. 114. 582. 149.  86.]
[ 83.  85.  92. 269. 287. 114. 582. 149.  86. 108.]
[  85.   92.  269.  287.  114.  582.  149.   86.  108. 3776.]
[  92.  269.  287.  114.  582.  149.   86.  108. 3776.  166.]
[ 269.  287.  114.  582.  149.   86.  108. 3776.  166.  266.]
[ 287.  114.  582.  149.   86.  108. 3776.  166.  266.  155.]
[ 114.  582.  149.   86.  108. 3776.  166.  266.  155.  170.]
[ 582.  149.   86.  108. 3776.  166.  266.  155.  170.  370.]
[ 149.   86.  108. 3776.  166.  266.  155.  170.  370.  188.]
[  86.  108. 3776.  166.  266.  155.  170.  370.  188.  372.]
[ 108. 3776.  166.  266.  155.  170.  370.  188.  372.   53.]
[3776.  166.  266.  155.  170.  370.  188.  372.   53.   98.]
[ 166.  266.  155.  170.  370.  188.  372.   53.   98. 1182.]
[ 266.  155.  170.  370.  188.  372.   53.   98. 1182.   29.]
[ 155.  170.  370.  188.  372.   53.   98. 1182.   29.  128.]
[ 170.  370.  188.  372.   53.   98. 1182.   29.  128.  150.]
[ 370.  188.  372.   53.   98. 1182.   29.  128.  150.   45.]
[ 188.  372.   53.   98. 1182.   29.  128.  150.   45. 1329.]
[ 372.   53.   98. 1182.   29.  128.  150.   45. 1329.  304.]
[  53.   98. 1182.   29.  128.  150.   45. 1329.  304.  240.]
[  98. 1182.   29.  128.  150.   45. 1329.  304.  240.  466.]
[1182.   29.  128.  150.   45. 1329.  304.  240.  466.  656.]
[  29.  128.  150.   45. 1329.  304.  240.  466.  656.   74.]
[ 128.  150.   45. 1329.  304.  240.  466.  656.   74. 2137.]
[ 150.   45. 1329.  304.  240.  466.  656.   74. 2137.   67.]
[  45. 1329.  304.  240.  466.  656.   74. 2137.   67.   34.]
[1329.  304.  240.  466.  656.   74. 2137.   67.   34.  643.]
[ 304.  240.  466.  656.   74. 2137.   67.   34.  643. 1498.]
[ 240.  466.  656.   74. 2137.   67.   34.  643. 1498.   48.]
[ 466.  656.   74. 2137.   67.   34.  643. 1498.   48.  500.]
[ 656.   74. 2137.   67.   34.  643. 1498.   48.  500.  106.]
[  74. 2137.   67.   34.  643. 1498.   48.  500.  106.  563.]
[2137.   67.   34.  643. 1498.   48.  500.  106.  563.   77.]
[  67.   34.  643. 1498.   48.  500.  106.  563.   77.  243.]
[  34.  643. 1498.   48.  500.  106.  563.   77.  243.  191.]
[ 643. 1498.   48.  500.  106.  563.   77.  243.  191.  323.]
[1498.   48.  500.  106.  563.   77.  243.  191.  323.  412.]
[ 48. 500. 106. 563.  77. 243. 191. 323. 412. 131.]
[500. 106. 563.  77. 243. 191. 323. 412. 131.  65.]
[106. 563.  77. 243. 191. 323. 412. 131.  65.  79.]
[563.  77. 243. 191. 323. 412. 131.  65.  79. 410.]
[ 77. 243. 191. 323. 412. 131.  65.  79. 410. 107.]
[243. 191. 323. 412. 131.  65.  79. 410. 107. 136.]
[191. 323. 412. 131.  65.  79. 410. 107. 136. 461.]
[323. 412. 131.  65.  79. 410. 107. 136. 461.  52.]
[412. 131.  65.  79. 410. 107. 136. 461.  52.  46.]
[131.  65.  79. 410. 107. 136. 461.  52.  46. 285.]
[ 65.  79. 410. 107. 136. 461.  52.  46. 285. 221.]
[ 79. 410. 107. 136. 461.  52.  46. 285. 221. 225.]
[ 410.  107.  136.  461.   52.   46.  285.  221.  225. 2233.]
[ 107.  136.  461.   52.   46.  285.  221.  225. 2233.  439.]
[ 136.  461.   52.   46.  285.  221.  225. 2233.  439.    0.]
[ 461.   52.   46.  285.  221.  225. 2233.  439.    0.  329.]
[  52.   46.  285.  221.  225. 2233.  439.    0.  329.   82.]
[  46.  285.  221.  225. 2233.  439.    0.  329.   82.  148.]
[ 285.  221.  225. 2233.  439.    0.  329.   82.  148.  889.]
[ 221.  225. 2233.  439.    0.  329.   82.  148.  889.  142.]
[ 225. 2233.  439.    0.  329.   82.  148.  889.  142.   47.]
[2233.  439.    0.  329.   82.  148.  889.  142.   47.   40.]
[439.   0. 329.  82. 148. 889. 142.  47.  40. 445.]
[   0.  329.   82.  148.  889.  142.   47.   40.  445. 1569.]
[ 329.   82.  148.  889.  142.   47.   40.  445. 1569.   73.]
[  82.  148.  889.  142.   47.   40.  445. 1569.   73.  610.]
[ 148.  889.  142.   47.   40.  445. 1569.   73.  610.   62.]
[ 889.  142.   47.   40.  445. 1569.   73.  610.   62.   69.]
[ 142.   47.   40.  445. 1569.   73.  610.   62.   69.  145.]
[  47.   40.  445. 1569.   73.  610.   62.   69.  145.   91.]
[  40.  445. 1569.   73.  610.   62.   69.  145.   91.  120.]
[ 445. 1569.   73.  610.   62.   69.  145.   91.  120.  870.]
[1569.   73.  610.   62.   69.  145.   91.  120.  870. 2429.]
[  73.  610.   62.   69.  145.   91.  120.  870. 2429.  131.]
[ 610.   62.   69.  145.   91.  120.  870. 2429.  131.   99.]
[  62.   69.  145.   91.  120.  870. 2429.  131.   99.  225.]
[  69.  145.   91.  120.  870. 2429.  131.   99.  225.  171.]
[ 145.   91.  120.  870. 2429.  131.   99.  225.  171.  105.]
[  91.  120.  870. 2429.  131.   99.  225.  171.  105.  785.]
[ 120.  870. 2429.  131.   99.  225.  171.  105.  785.  703.]
[ 870. 2429.  131.   99.  225.  171.  105.  785.  703.   71.]
[2429.  131.   99.  225.  171.  105.  785.  703.   71.  159.]
[131.  99. 225. 171. 105. 785. 703.  71. 159.  93.]
[ 99. 225. 171. 105. 785. 703.  71. 159.  93. 233.]
[225. 171. 105. 785. 703.  71. 159.  93. 233.  62.]
[171. 105. 785. 703.  71. 159.  93. 233.  62.  83.]
[ 105.  785.  703.   71.  159.   93.  233.   62.   83. 1319.]
[ 785.  703.   71.  159.   93.  233.   62.   83. 1319.  127.]
[ 703.   71.  159.   93.  233.   62.   83. 1319.  127.  199.]
[  71.  159.   93.  233.   62.   83. 1319.  127.  199.  320.]
[ 159.   93.  233.   62.   83. 1319.  127.  199.  320.  162.]
[  93.  233.   62.   83. 1319.  127.  199.  320.  162.  113.]
[ 233.   62.   83. 1319.  127.  199.  320.  162.  113. 1066.]
[  62.   83. 1319.  127.  199.  320.  162.  113. 1066.  708.]
[  83. 1319.  127.  199.  320.  162.  113. 1066.  708.   67.]
[1319.  127.  199.  320.  162.  113. 1066.  708.   67.   65.]
[ 127.  199.  320.  162.  113. 1066.  708.   67.   65.  388.]
[ 199.  320.  162.  113. 1066.  708.   67.   65.  388.  687.]
[ 320.  162.  113. 1066.  708.   67.   65.  388.  687.   53.]
[ 162.  113. 1066.  708.   67.   65.  388.  687.   53.   74.]
[ 113. 1066.  708.   67.   65.  388.  687.   53.   74. 2744.]
[1066.  708.   67.   65.  388.  687.   53.   74. 2744.   97.]
[ 708.   67.   65.  388.  687.   53.   74. 2744.   97.   63.]
[  67.   65.  388.  687.   53.   74. 2744.   97.   63.  128.]
[  65.  388.  687.   53.   74. 2744.   97.   63.  128.  161.]
[ 388.  687.   53.   74. 2744.   97.   63.  128.  161.  103.]
[ 687.   53.   74. 2744.   97.   63.  128.  161.  103.   11.]
[  53.   74. 2744.   97.   63.  128.  161.  103.   11.  101.]
[  74. 2744.   97.   63.  128.  161.  103.   11.  101.  161.]
[2744.   97.   63.  128.  161.  103.   11.  101.  161.  130.]
[ 97.  63. 128. 161. 103.  11. 101. 161. 130. 146.]
[  63.  128.  161.  103.   11.  101.  161.  130.  146. 1882.]
[ 128.  161.  103.   11.  101.  161.  130.  146. 1882.   26.]
[ 161.  103.   11.  101.  161.  130.  146. 1882.   26.  138.]
[ 103.   11.  101.  161.  130.  146. 1882.   26.  138.  120.]
[  11.  101.  161.  130.  146. 1882.   26.  138.  120.  260.]
[ 101.  161.  130.  146. 1882.   26.  138.  120.  260.  112.]
[ 161.  130.  146. 1882.   26.  138.  120.  260.  112.  122.]
[ 130.  146. 1882.   26.  138.  120.  260.  112.  122.  408.]
[ 146. 1882.   26.  138.  120.  260.  112.  122.  408.  990.]
[1882.   26.  138.  120.  260.  112.  122.  408.  990.  135.]
[ 26. 138. 120. 260. 112. 122. 408. 990. 135. 183.]
[138. 120. 260. 112. 122. 408. 990. 135. 183.  99.]
[ 120.  260.  112.  122.  408.  990.  135.  183.   99. 1064.]
[ 260.  112.  122.  408.  990.  135.  183.   99. 1064.  182.]
[ 112.  122.  408.  990.  135.  183.   99. 1064.  182.  167.]
[ 122.  408.  990.  135.  183.   99. 1064.  182.  167.  105.]
[ 408.  990.  135.  183.   99. 1064.  182.  167.  105. 3085.]
[ 990.  135.  183.   99. 1064.  182.  167.  105. 3085.   71.]
[ 135.  183.   99. 1064.  182.  167.  105. 3085.   71.  421.]
[ 183.   99. 1064.  182.  167.  105. 3085.   71.  421. 1768.]
[  99. 1064.  182.  167.  105. 3085.   71.  421. 1768.  103.]
[1064.  182.  167.  105. 3085.   71.  421. 1768.  103.  118.]
[ 182.  167.  105. 3085.   71.  421. 1768.  103.  118.  292.]
[ 167.  105. 3085.   71.  421. 1768.  103.  118.  292.   10.]
[ 105. 3085.   71.  421. 1768.  103.  118.  292.   10.  130.]
[3085.   71.  421. 1768.  103.  118.  292.   10.  130.  122.]
[  71.  421. 1768.  103.  118.  292.   10.  130.  122.   49.]
[ 421. 1768.  103.  118.  292.   10.  130.  122.   49.  204.]
[1768.  103.  118.  292.   10.  130.  122.   49.  204.   46.]
[103. 118. 292.  10. 130. 122.  49. 204.  46. 171.]
[118. 292.  10. 130. 122.  49. 204.  46. 171.  58.]
[292.  10. 130. 122.  49. 204.  46. 171.  58. 261.]
[ 10. 130. 122.  49. 204.  46. 171.  58. 261. 303.]
[130. 122.  49. 204.  46. 171.  58. 261. 303. 114.]
[122.  49. 204.  46. 171.  58. 261. 303. 114. 150.]
[ 49. 204.  46. 171.  58. 261. 303. 114. 150. 108.]
[204.  46. 171.  58. 261. 303. 114. 150. 108. 769.]
[ 46. 171.  58. 261. 303. 114. 150. 108. 769. 417.]
[171.  58. 261. 303. 114. 150. 108. 769. 417. 171.]
[ 58. 261. 303. 114. 150. 108. 769. 417. 171. 139.]
[261. 303. 114. 150. 108. 769. 417. 171. 139.  45.]
[303. 114. 150. 108. 769. 417. 171. 139.  45.  36.]
[114. 150. 108. 769. 417. 171. 139.  45.  36. 340.]
[150. 108. 769. 417. 171. 139.  45.  36. 340.  43.]
[108. 769. 417. 171. 139.  45.  36. 340.  43. 112.]
[769. 417. 171. 139.  45.  36. 340.  43. 112. 119.]
[417. 171. 139.  45.  36. 340.  43. 112. 119. 109.]
[171. 139.  45.  36. 340.  43. 112. 119. 109.  40.]
[139.  45.  36. 340.  43. 112. 119. 109.  40. 143.]
[ 45.  36. 340.  43. 112. 119. 109.  40. 143. 770.]
[ 36. 340.  43. 112. 119. 109.  40. 143. 770.  95.]
[340.  43. 112. 119. 109.  40. 143. 770.  95. 200.]
[ 43. 112. 119. 109.  40. 143. 770.  95. 200. 665.]
[112. 119. 109.  40. 143. 770.  95. 200. 665. 203.]
[119. 109.  40. 143. 770.  95. 200. 665. 203. 121.]
[109.  40. 143. 770.  95. 200. 665. 203. 121. 153.]
[ 40. 143. 770.  95. 200. 665. 203. 121. 153. 165.]
[143. 770.  95. 200. 665. 203. 121. 153. 165.  33.]
[770.  95. 200. 665. 203. 121. 153. 165.  33. 128.]
[ 95. 200. 665. 203. 121. 153. 165.  33. 128. 383.]
[200. 665. 203. 121. 153. 165.  33. 128. 383.  92.]
[665. 203. 121. 153. 165.  33. 128. 383.  92. 145.]
[203. 121. 153. 165.  33. 128. 383.  92. 145. 136.]
[121. 153. 165.  33. 128. 383.  92. 145. 136. 221.]
[ 153.  165.   33.  128.  383.   92.  145.  136.  221. 2224.]
[ 165.   33.  128.  383.   92.  145.  136.  221. 2224.   50.]
[  33.  128.  383.   92.  145.  136.  221. 2224.   50.   68.]
[ 128.  383.   92.  145.  136.  221. 2224.   50.   68.  704.]
[ 383.   92.  145.  136.  221. 2224.   50.   68.  704.  100.]
[  92.  145.  136.  221. 2224.   50.   68.  704.  100. 1415.]
[ 145.  136.  221. 2224.   50.   68.  704.  100. 1415.   66.]
[ 136.  221. 2224.   50.   68.  704.  100. 1415.   66.  334.]
[ 221. 2224.   50.   68.  704.  100. 1415.   66.  334.   12.]
[2224.   50.   68.  704.  100. 1415.   66.  334.   12.  376.]
[  50.   68.  704.  100. 1415.   66.  334.   12.  376.   68.]
[  68.  704.  100. 1415.   66.  334.   12.  376.   68.   40.]
[ 704.  100. 1415.   66.  334.   12.  376.   68.   40.  319.]
[ 100. 1415.   66.  334.   12.  376.   68.   40.  319.   40.]
[1415.   66.  334.   12.  376.   68.   40.  319.   40.   26.]
[ 66. 334.  12. 376.  68.  40. 319.  40.  26. 117.]
[334.  12. 376.  68.  40. 319.  40.  26. 117. 149.]
[ 12. 376.  68.  40. 319.  40.  26. 117. 149.  60.]
[376.  68.  40. 319.  40.  26. 117. 149.  60. 134.]
[ 68.  40. 319.  40.  26. 117. 149.  60. 134. 214.]
[ 40. 319.  40.  26. 117. 149.  60. 134. 214.  41.]
[319.  40.  26. 117. 149.  60. 134. 214.  41. 136.]
[ 40.  26. 117. 149.  60. 134. 214.  41. 136. 131.]
[ 26. 117. 149.  60. 134. 214.  41. 136. 131.  41.]
[117. 149.  60. 134. 214.  41. 136. 131.  41. 186.]
[149.  60. 134. 214.  41. 136. 131.  41. 186.  31.]
[ 60. 134. 214.  41. 136. 131.  41. 186.  31. 127.]
[134. 214.  41. 136. 131.  41. 186.  31. 127. 250.]
[214.  41. 136. 131.  41. 186.  31. 127. 250. 176.]
[ 41. 136. 131.  41. 186.  31. 127. 250. 176. 175.]
[136. 131.  41. 186.  31. 127. 250. 176. 175. 232.]
[131.  41. 186.  31. 127. 250. 176. 175. 232.  43.]
[  41.  186.   31.  127.  250.  176.  175.  232.   43. 1220.]
[ 186.   31.  127.  250.  176.  175.  232.   43. 1220.   43.]
[  31.  127.  250.  176.  175.  232.   43. 1220.   43.  647.]
[ 127.  250.  176.  175.  232.   43. 1220.   43.  647.  157.]
[ 250.  176.  175.  232.   43. 1220.   43.  647.  157.   40.]
[ 176.  175.  232.   43. 1220.   43.  647.  157.   40.  197.]
[ 175.  232.   43. 1220.   43.  647.  157.   40.  197.   64.]
[ 232.   43. 1220.   43.  647.  157.   40.  197.   64.   98.]
[  43. 1220.   43.  647.  157.   40.  197.   64.   98.   55.]
[1220.   43.  647.  157.   40.  197.   64.   98.   55.  599.]
[ 43. 647. 157.  40. 197.  64.  98.  55. 599. 102.]
[647. 157.  40. 197.  64.  98.  55. 599. 102. 173.]
[157.  40. 197.  64.  98.  55. 599. 102. 173. 226.]
[ 40. 197.  64.  98.  55. 599. 102. 173. 226.  66.]
[197.  64.  98.  55. 599. 102. 173. 226.  66. 163.]
[ 64.  98.  55. 599. 102. 173. 226.  66. 163. 150.]
[ 98.  55. 599. 102. 173. 226.  66. 163. 150. 133.]
[ 55. 599. 102. 173. 226.  66. 163. 150. 133.  68.]
[599. 102. 173. 226.  66. 163. 150. 133.  68. 217.]
[102. 173. 226.  66. 163. 150. 133.  68. 217. 152.]
[173. 226.  66. 163. 150. 133.  68. 217. 152. 129.]
[226.  66. 163. 150. 133.  68. 217. 152. 129. 143.]
[  66.  163.  150.  133.   68.  217.  152.  129.  143. 3824.]
[ 163.  150.  133.   68.  217.  152.  129.  143. 3824.  147.]
[ 150.  133.   68.  217.  152.  129.  143. 3824.  147.   93.]
[ 133.   68.  217.  152.  129.  143. 3824.  147.   93. 2663.]
[  68.  217.  152.  129.  143. 3824.  147.   93. 2663. 2947.]
[ 217.  152.  129.  143. 3824.  147.   93. 2663. 2947.  218.]
[ 152.  129.  143. 3824.  147.   93. 2663. 2947.  218.  505.]
[ 129.  143. 3824.  147.   93. 2663. 2947.  218.  505.  765.]
[ 143. 3824.  147.   93. 2663. 2947.  218.  505.  765.  175.]
[3824.  147.   93. 2663. 2947.  218.  505.  765.  175.  738.]
[ 147.   93. 2663. 2947.  218.  505.  765.  175.  738.  104.]
[  93. 2663. 2947.  218.  505.  765.  175.  738.  104.  143.]
[2663. 2947.  218.  505.  765.  175.  738.  104.  143.  373.]
[2947.  218.  505.  765.  175.  738.  104.  143.  373.  364.]
[218. 505. 765. 175. 738. 104. 143. 373. 364. 117.]
[ 505.  765.  175.  738.  104.  143.  373.  364.  117. 2428.]
[ 765.  175.  738.  104.  143.  373.  364.  117. 2428.  218.]
[ 175.  738.  104.  143.  373.  364.  117. 2428.  218. 2141.]
[ 738.  104.  143.  373.  364.  117. 2428.  218. 2141.  778.]
[ 104.  143.  373.  364.  117. 2428.  218. 2141.  778.  176.]
[ 143.  373.  364.  117. 2428.  218. 2141.  778.  176.   78.]
[ 373.  364.  117. 2428.  218. 2141.  778.  176.   78.  322.]
[ 364.  117. 2428.  218. 2141.  778.  176.   78.  322.  177.]
[ 117. 2428.  218. 2141.  778.  176.   78.  322.  177.   63.]
[2428.  218. 2141.  778.  176.   78.  322.  177.   63.   52.]
[ 218. 2141.  778.  176.   78.  322.  177.   63.   52.  169.]
[2141.  778.  176.   78.  322.  177.   63.   52.  169.  150.]
[778. 176.  78. 322. 177.  63.  52. 169. 150.  89.]
[176.  78. 322. 177.  63.  52. 169. 150.  89. 896.]
[ 78. 322. 177.  63.  52. 169. 150.  89. 896. 141.]
[322. 177.  63.  52. 169. 150.  89. 896. 141.  66.]
[ 177.   63.   52.  169.  150.   89.  896.  141.   66. 1174.]
[  63.   52.  169.  150.   89.  896.  141.   66. 1174.  316.]
[  52.  169.  150.   89.  896.  141.   66. 1174.  316.  128.]
[ 169.  150.   89.  896.  141.   66. 1174.  316.  128.  473.]
[ 150.   89.  896.  141.   66. 1174.  316.  128.  473.  140.]
[  89.  896.  141.   66. 1174.  316.  128.  473.  140.  166.]
[ 896.  141.   66. 1174.  316.  128.  473.  140.  166.   70.]
[ 141.   66. 1174.  316.  128.  473.  140.  166.   70.  332.]
[  66. 1174.  316.  128.  473.  140.  166.   70.  332.  953.]
[1174.  316.  128.  473.  140.  166.   70.  332.  953.    4.]
[316. 128. 473. 140. 166.  70. 332. 953.   4. 230.]
[128. 473. 140. 166.  70. 332. 953.   4. 230.  69.]
[473. 140. 166.  70. 332. 953.   4. 230.  69. 213.]
[140. 166.  70. 332. 953.   4. 230.  69. 213.  46.]
[166.  70. 332. 953.   4. 230.  69. 213.  46. 230.]
[ 70. 332. 953.   4. 230.  69. 213.  46. 230. 100.]
[332. 953.   4. 230.  69. 213.  46. 230. 100. 168.]
[ 953.    4.  230.   69.  213.   46.  230.  100.  168. 1217.]
[   4.  230.   69.  213.   46.  230.  100.  168. 1217.   57.]
[ 230.   69.  213.   46.  230.  100.  168. 1217.   57.   80.]
[  69.  213.   46.  230.  100.  168. 1217.   57.   80.   64.]
[ 213.   46.  230.  100.  168. 1217.   57.   80.   64. 3445.]
[  46.  230.  100.  168. 1217.   57.   80.   64. 3445.  245.]
[ 230.  100.  168. 1217.   57.   80.   64. 3445.  245. 3857.]
[ 100.  168. 1217.   57.   80.   64. 3445.  245. 3857.   99.]
[ 168. 1217.   57.   80.   64. 3445.  245. 3857.   99. 1196.]
[1217.   57.   80.   64. 3445.  245. 3857.   99. 1196.  219.]
[  57.   80.   64. 3445.  245. 3857.   99. 1196.  219. 1025.]
[  80.   64. 3445.  245. 3857.   99. 1196.  219. 1025.   35.]
[  64. 3445.  245. 3857.   99. 1196.  219. 1025.   35. 1347.]
[3445.  245. 3857.   99. 1196.  219. 1025.   35. 1347.   83.]
[ 245. 3857.   99. 1196.  219. 1025.   35. 1347.   83.   93.]
[3857.   99. 1196.  219. 1025.   35. 1347.   83.   93.  124.]
[  99. 1196.  219. 1025.   35. 1347.   83.   93.  124.  273.]
[1196.  219. 1025.   35. 1347.   83.   93.  124.  273.   46.]
[ 219. 1025.   35. 1347.   83.   93.  124.  273.   46.  158.]
[1025.   35. 1347.   83.   93.  124.  273.   46.  158.  102.]
[  35. 1347.   83.   93.  124.  273.   46.  158.  102.  170.]
[1347.   83.   93.  124.  273.   46.  158.  102.  170.  227.]
[ 83.  93. 124. 273.  46. 158. 102. 170. 227. 111.]
[ 93. 124. 273.  46. 158. 102. 170. 227. 111. 305.]
[124. 273.  46. 158. 102. 170. 227. 111. 305.  45.]
[ 273.   46.  158.  102.  170.  227.  111.  305.   45. 1110.]
[  46.  158.  102.  170.  227.  111.  305.   45. 1110.   29.]
[ 158.  102.  170.  227.  111.  305.   45. 1110.   29.  320.]
[ 102.  170.  227.  111.  305.   45. 1110.   29.  320.   67.]
[ 170.  227.  111.  305.   45. 1110.   29.  320.   67.   65.]
[ 227.  111.  305.   45. 1110.   29.  320.   67.   65.   23.]
[ 111.  305.   45. 1110.   29.  320.   67.   65.   23.  128.]
[ 305.   45. 1110.   29.  320.   67.   65.   23.  128.   60.]
[  45. 1110.   29.  320.   67.   65.   23.  128.   60.  239.]
[1110.   29.  320.   67.   65.   23.  128.   60.  239.  453.]
[ 29. 320.  67.  65.  23. 128.  60. 239. 453. 197.]
[320.  67.  65.  23. 128.  60. 239. 453. 197. 114.]
[ 67.  65.  23. 128.  60. 239. 453. 197. 114.  20.]
[ 65.  23. 128.  60. 239. 453. 197. 114.  20.  91.]
[ 23. 128.  60. 239. 453. 197. 114.  20.  91.  86.]
[128.  60. 239. 453. 197. 114.  20.  91.  86. 276.]
[  60.  239.  453.  197.  114.   20.   91.   86.  276. 1142.]
[ 239.  453.  197.  114.   20.   91.   86.  276. 1142.  856.]
[ 453.  197.  114.   20.   91.   86.  276. 1142.  856.  183.]
[ 197.  114.   20.   91.   86.  276. 1142.  856.  183.  121.]
[ 114.   20.   91.   86.  276. 1142.  856.  183.  121. 1761.]
[  20.   91.   86.  276. 1142.  856.  183.  121. 1761.   90.]
[  91.   86.  276. 1142.  856.  183.  121. 1761.   90.  108.]
[  86.  276. 1142.  856.  183.  121. 1761.   90.  108.  119.]
[ 276. 1142.  856.  183.  121. 1761.   90.  108.  119.  152.]
[1142.  856.  183.  121. 1761.   90.  108.  119.  152.    8.]
[ 856.  183.  121. 1761.   90.  108.  119.  152.    8.  179.]
[ 183.  121. 1761.   90.  108.  119.  152.    8.  179.  113.]
[ 121. 1761.   90.  108.  119.  152.    8.  179.  113.  185.]
[1761.   90.  108.  119.  152.    8.  179.  113.  185. 2338.]
[  90.  108.  119.  152.    8.  179.  113.  185. 2338.  117.]
[ 108.  119.  152.    8.  179.  113.  185. 2338.  117. 2285.]
[ 119.  152.    8.  179.  113.  185. 2338.  117. 2285.  208.]
[ 152.    8.  179.  113.  185. 2338.  117. 2285.  208.  120.]
[   8.  179.  113.  185. 2338.  117. 2285.  208.  120.  236.]
[ 179.  113.  185. 2338.  117. 2285.  208.  120.  236.  619.]
[ 113.  185. 2338.  117. 2285.  208.  120.  236.  619.   36.]
[ 185. 2338.  117. 2285.  208.  120.  236.  619.   36. 1000.]
[2338.  117. 2285.  208.  120.  236.  619.   36. 1000.  256.]
[ 117. 2285.  208.  120.  236.  619.   36. 1000.  256.   42.]
[2285.  208.  120.  236.  619.   36. 1000.  256.   42.   45.]
[ 208.  120.  236.  619.   36. 1000.  256.   42.   45.  248.]
[ 120.  236.  619.   36. 1000.  256.   42.   45.  248.  148.]
[ 236.  619.   36. 1000.  256.   42.   45.  248.  148.  935.]
[ 619.   36. 1000.  256.   42.   45.  248.  148.  935.  338.]
[  36. 1000.  256.   42.   45.  248.  148.  935.  338.  105.]
[1000.  256.   42.   45.  248.  148.  935.  338.  105.   79.]
[ 256.   42.   45.  248.  148.  935.  338.  105.   79. 2169.]
[  42.   45.  248.  148.  935.  338.  105.   79. 2169. 1070.]
[  45.  248.  148.  935.  338.  105.   79. 2169. 1070.  710.]
[ 248.  148.  935.  338.  105.   79. 2169. 1070.  710.  591.]
[ 148.  935.  338.  105.   79. 2169. 1070.  710.  591.  984.]
[ 935.  338.  105.   79. 2169. 1070.  710.  591.  984.  281.]
[ 338.  105.   79. 2169. 1070.  710.  591.  984.  281.  130.]
[ 105.   79. 2169. 1070.  710.  591.  984.  281.  130.  698.]
[  79. 2169. 1070.  710.  591.  984.  281.  130.  698. 2255.]
[2169. 1070.  710.  591.  984.  281.  130.  698. 2255.  147.]
[1070.  710.  591.  984.  281.  130.  698. 2255.  147.  305.]
[ 710.  591.  984.  281.  130.  698. 2255.  147.  305.   88.]
[ 591.  984.  281.  130.  698. 2255.  147.  305.   88.  149.]
[ 984.  281.  130.  698. 2255.  147.  305.   88.  149. 1554.]
[ 281.  130.  698. 2255.  147.  305.   88.  149. 1554.   48.]
[ 130.  698. 2255.  147.  305.   88.  149. 1554.   48.   62.]
[ 698. 2255.  147.  305.   88.  149. 1554.   48.   62.  141.]
[2255.  147.  305.   88.  149. 1554.   48.   62.  141.  250.]
[ 147.  305.   88.  149. 1554.   48.   62.  141.  250.  174.]
[ 305.   88.  149. 1554.   48.   62.  141.  250.  174.  769.]
[  88.  149. 1554.   48.   62.  141.  250.  174.  769.  471.]
[ 149. 1554.   48.   62.  141.  250.  174.  769.  471.   85.]
[1554.   48.   62.  141.  250.  174.  769.  471.   85.  305.]
[ 48.  62. 141. 250. 174. 769. 471.  85. 305. 553.]
[ 62. 141. 250. 174. 769. 471.  85. 305. 553. 168.]
[141. 250. 174. 769. 471.  85. 305. 553. 168. 161.]
[250. 174. 769. 471.  85. 305. 553. 168. 161. 142.]
[174. 769. 471.  85. 305. 553. 168. 161. 142. 134.]
[ 769.  471.   85.  305.  553.  168.  161.  142.  134. 1475.]
[ 471.   85.  305.  553.  168.  161.  142.  134. 1475.    7.]
[  85.  305.  553.  168.  161.  142.  134. 1475.    7.  187.]
[ 305.  553.  168.  161.  142.  134. 1475.    7.  187.  243.]
[ 553.  168.  161.  142.  134. 1475.    7.  187.  243.  492.]
[ 168.  161.  142.  134. 1475.    7.  187.  243.  492.  348.]
[ 161.  142.  134. 1475.    7.  187.  243.  492.  348. 1680.]
[ 142.  134. 1475.    7.  187.  243.  492.  348. 1680.   93.]
[ 134. 1475.    7.  187.  243.  492.  348. 1680.   93.   48.]
[1475.    7.  187.  243.  492.  348. 1680.   93.   48.   46.]
[   7.  187.  243.  492.  348. 1680.   93.   48.   46.  112.]
[ 187.  243.  492.  348. 1680.   93.   48.   46.  112.  369.]
[ 243.  492.  348. 1680.   93.   48.   46.  112.  369.  154.]
[ 492.  348. 1680.   93.   48.   46.  112.  369.  154.  163.]
[ 348. 1680.   93.   48.   46.  112.  369.  154.  163.   71.]
[1680.   93.   48.   46.  112.  369.  154.  163.   71.   96.]
[  93.   48.   46.  112.  369.  154.  163.   71.   96. 1113.]
[  48.   46.  112.  369.  154.  163.   71.   96. 1113.  217.]
[  46.  112.  369.  154.  163.   71.   96. 1113.  217.  183.]
[ 112.  369.  154.  163.   71.   96. 1113.  217.  183.  132.]
[ 369.  154.  163.   71.   96. 1113.  217.  183.  132.  117.]
[ 154.  163.   71.   96. 1113.  217.  183.  132.  117.  701.]
[ 163.   71.   96. 1113.  217.  183.  132.  117.  701.  147.]
[  71.   96. 1113.  217.  183.  132.  117.  701.  147.   82.]
[  96. 1113.  217.  183.  132.  117.  701.  147.   82.  245.]
[1113.  217.  183.  132.  117.  701.  147.   82.  245.  119.]
[217. 183. 132. 117. 701. 147.  82. 245. 119.  71.]
[183. 132. 117. 701. 147.  82. 245. 119.  71.  88.]
[132. 117. 701. 147.  82. 245. 119.  71.  88. 395.]
[117. 701. 147.  82. 245. 119.  71.  88. 395. 229.]
[701. 147.  82. 245. 119.  71.  88. 395. 229. 226.]
[147.  82. 245. 119.  71.  88. 395. 229. 226.  15.]
[ 82. 245. 119.  71.  88. 395. 229. 226.  15.  64.]
[245. 119.  71.  88. 395. 229. 226.  15.  64.  84.]
[ 119.   71.   88.  395.  229.  226.   15.   64.   84. 1283.]
[  71.   88.  395.  229.  226.   15.   64.   84. 1283. 3809.]
[  88.  395.  229.  226.   15.   64.   84. 1283. 3809.  111.]
[ 395.  229.  226.   15.   64.   84. 1283. 3809.  111.  803.]
[ 229.  226.   15.   64.   84. 1283. 3809.  111.  803.  114.]
[ 226.   15.   64.   84. 1283. 3809.  111.  803.  114. 3672.]
[  15.   64.   84. 1283. 3809.  111.  803.  114. 3672.  159.]
[  64.   84. 1283. 3809.  111.  803.  114. 3672.  159.  151.]
[  84. 1283. 3809.  111.  803.  114. 3672.  159.  151.   56.]
[1283. 3809.  111.  803.  114. 3672.  159.  151.   56. 1729.]
[3809.  111.  803.  114. 3672.  159.  151.   56. 1729.   97.]
[ 111.  803.  114. 3672.  159.  151.   56. 1729.   97.  111.]
[ 803.  114. 3672.  159.  151.   56. 1729.   97.  111.  121.]
[ 114. 3672.  159.  151.   56. 1729.   97.  111.  121.  127.]
[3672.  159.  151.   56. 1729.   97.  111.  121.  127.  100.]
[ 159.  151.   56. 1729.   97.  111.  121.  127.  100.   39.]
[ 151.   56. 1729.   97.  111.  121.  127.  100.   39.  476.]
[  56. 1729.   97.  111.  121.  127.  100.   39.  476.  145.]
[1729.   97.  111.  121.  127.  100.   39.  476.  145.   96.]
[ 97. 111. 121. 127. 100.  39. 476. 145.  96.  33.]
[111. 121. 127. 100.  39. 476. 145.  96.  33.  74.]
[121. 127. 100.  39. 476. 145.  96.  33.  74. 124.]
[127. 100.  39. 476. 145.  96.  33.  74. 124. 259.]
[ 100.   39.  476.  145.   96.   33.   74.  124.  259. 1381.]
[  39.  476.  145.   96.   33.   74.  124.  259. 1381.   89.]
[ 476.  145.   96.   33.   74.  124.  259. 1381.   89.  102.]
[ 145.   96.   33.   74.  124.  259. 1381.   89.  102.  928.]
[  96.   33.   74.  124.  259. 1381.   89.  102.  928.  110.]
[  33.   74.  124.  259. 1381.   89.  102.  928.  110.   18.]
[  74.  124.  259. 1381.   89.  102.  928.  110.   18.  140.]
[ 124.  259. 1381.   89.  102.  928.  110.   18.  140.   89.]
[ 259. 1381.   89.  102.  928.  110.   18.  140.   89.  155.]
[1381.   89.  102.  928.  110.   18.  140.   89.  155. 1294.]
[  89.  102.  928.  110.   18.  140.   89.  155. 1294.  533.]
[ 102.  928.  110.   18.  140.   89.  155. 1294.  533.   32.]
[ 928.  110.   18.  140.   89.  155. 1294.  533.   32.  165.]
[ 110.   18.  140.   89.  155. 1294.  533.   32.  165.  967.]
[  18.  140.   89.  155. 1294.  533.   32.  165.  967. 1102.]
[ 140.   89.  155. 1294.  533.   32.  165.  967. 1102.  112.]
[  89.  155. 1294.  533.   32.  165.  967. 1102.  112.  128.]
[ 155. 1294.  533.   32.  165.  967. 1102.  112.  128.  702.]
[1294.  533.   32.  165.  967. 1102.  112.  128.  702.  103.]
[ 533.   32.  165.  967. 1102.  112.  128.  702.  103.  173.]
[  32.  165.  967. 1102.  112.  128.  702.  103.  173.  178.]
[ 165.  967. 1102.  112.  128.  702.  103.  173.  178.   95.]
[ 967. 1102.  112.  128.  702.  103.  173.  178.   95.    0.]
[1102.  112.  128.  702.  103.  173.  178.   95.    0.  811.]
[112. 128. 702. 103. 173. 178.  95.   0. 811.  87.]
[128. 702. 103. 173. 178.  95.   0. 811.  87. 146.]
[702. 103. 173. 178.  95.   0. 811.  87. 146. 132.]
[103. 173. 178.  95.   0. 811.  87. 146. 132.   1.]
[173. 178.  95.   0. 811.  87. 146. 132.   1.  48.]
[1.78e+02 9.50e+01 0.00e+00 8.11e+02 8.70e+01 1.46e+02 1.32e+02 1.00e+00
 4.80e+01 2.68e+03]
[9.50e+01 0.00e+00 8.11e+02 8.70e+01 1.46e+02 1.32e+02 1.00e+00 4.80e+01
 2.68e+03 5.85e+02]
[0.000e+00 8.110e+02 8.700e+01 1.460e+02 1.320e+02 1.000e+00 4.800e+01
 2.680e+03 5.850e+02 1.542e+03]
[8.110e+02 8.700e+01 1.460e+02 1.320e+02 1.000e+00 4.800e+01 2.680e+03
 5.850e+02 1.542e+03 1.410e+02]
[8.700e+01 1.460e+02 1.320e+02 1.000e+00 4.800e+01 2.680e+03 5.850e+02
 1.542e+03 1.410e+02 6.700e+01]
[1.460e+02 1.320e+02 1.000e+00 4.800e+01 2.680e+03 5.850e+02 1.542e+03
 1.410e+02 6.700e+01 1.970e+02]
[1.320e+02 1.000e+00 4.800e+01 2.680e+03 5.850e+02 1.542e+03 1.410e+02
 6.700e+01 1.970e+02 1.620e+02]
[1.000e+00 4.800e+01 2.680e+03 5.850e+02 1.542e+03 1.410e+02 6.700e+01
 1.970e+02 1.620e+02 1.560e+02]
[  48. 2680.  585. 1542.  141.   67.  197.  162.  156.   94.]
[2680.  585. 1542.  141.   67.  197.  162.  156.   94.  191.]
[ 585. 1542.  141.   67.  197.  162.  156.   94.  191.  120.]
[1542.  141.   67.  197.  162.  156.   94.  191.  120.  228.]
[141.  67. 197. 162. 156.  94. 191. 120. 228. 112.]
[  67.  197.  162.  156.   94.  191.  120.  228.  112. 1641.]
[ 197.  162.  156.   94.  191.  120.  228.  112. 1641.  127.]
[ 162.  156.   94.  191.  120.  228.  112. 1641.  127. 3607.]
[ 156.   94.  191.  120.  228.  112. 1641.  127. 3607.  509.]
[  94.  191.  120.  228.  112. 1641.  127. 3607.  509.  108.]
[ 191.  120.  228.  112. 1641.  127. 3607.  509.  108.  964.]
[ 120.  228.  112. 1641.  127. 3607.  509.  108.  964.  147.]
[ 228.  112. 1641.  127. 3607.  509.  108.  964.  147.  345.]
[ 112. 1641.  127. 3607.  509.  108.  964.  147.  345.   91.]
[1641.  127. 3607.  509.  108.  964.  147.  345.   91.  926.]
[ 127. 3607.  509.  108.  964.  147.  345.   91.  926.  129.]
[3607.  509.  108.  964.  147.  345.   91.  926.  129.   64.]
[509. 108. 964. 147. 345.  91. 926. 129.  64.  54.]
[108. 964. 147. 345.  91. 926. 129.  64.  54.   8.]
[964. 147. 345.  91. 926. 129.  64.  54.   8. 256.]
[147. 345.  91. 926. 129.  64.  54.   8. 256. 103.]
[345.  91. 926. 129.  64.  54.   8. 256. 103. 235.]
[ 91. 926. 129.  64.  54.   8. 256. 103. 235. 364.]
[926. 129.  64.  54.   8. 256. 103. 235. 364. 125.]
[129.  64.  54.   8. 256. 103. 235. 364. 125.  48.]
[ 64.  54.   8. 256. 103. 235. 364. 125.  48. 160.]
[ 54.   8. 256. 103. 235. 364. 125.  48. 160. 190.]
[  8. 256. 103. 235. 364. 125.  48. 160. 190.  93.]
[ 256.  103.  235.  364.  125.   48.  160.  190.   93. 3402.]
[ 103.  235.  364.  125.   48.  160.  190.   93. 3402.   35.]
[ 235.  364.  125.   48.  160.  190.   93. 3402.   35.   42.]
[ 364.  125.   48.  160.  190.   93. 3402.   35.   42. 1141.]
[ 125.   48.  160.  190.   93. 3402.   35.   42. 1141.   95.]
[  48.  160.  190.   93. 3402.   35.   42. 1141.   95.   44.]
[ 160.  190.   93. 3402.   35.   42. 1141.   95.   44.  140.]
[ 190.   93. 3402.   35.   42. 1141.   95.   44.  140.  167.]
[  93. 3402.   35.   42. 1141.   95.   44.  140.  167. 1127.]
[3402.   35.   42. 1141.   95.   44.  140.  167. 1127. 1935.]
[  35.   42. 1141.   95.   44.  140.  167. 1127. 1935.  158.]
[  42. 1141.   95.   44.  140.  167. 1127. 1935.  158.  842.]
[1141.   95.   44.  140.  167. 1127. 1935.  158.  842.  268.]
[  95.   44.  140.  167. 1127. 1935.  158.  842.  268.  892.]
[  44.  140.  167. 1127. 1935.  158.  842.  268.  892.   87.]
[ 140.  167. 1127. 1935.  158.  842.  268.  892.   87.   70.]
[ 167. 1127. 1935.  158.  842.  268.  892.   87.   70.  199.]
[1127. 1935.  158.  842.  268.  892.   87.   70.  199.  202.]
[1935.  158.  842.  268.  892.   87.   70.  199.  202.  179.]
[158. 842. 268. 892.  87.  70. 199. 202. 179. 217.]
[842. 268. 892.  87.  70. 199. 202. 179. 217. 167.]
[268. 892.  87.  70. 199. 202. 179. 217. 167. 156.]
[892.  87.  70. 199. 202. 179. 217. 167. 156. 201.]
[ 87.  70. 199. 202. 179. 217. 167. 156. 201. 220.]
[ 70. 199. 202. 179. 217. 167. 156. 201. 220.  55.]
[199. 202. 179. 217. 167. 156. 201. 220.  55.  41.]
[202. 179. 217. 167. 156. 201. 220.  55.  41. 142.]
[179. 217. 167. 156. 201. 220.  55.  41. 142. 161.]
[217. 167. 156. 201. 220.  55.  41. 142. 161.  29.]
[167. 156. 201. 220.  55.  41. 142. 161.  29. 144.]
[156. 201. 220.  55.  41. 142. 161.  29. 144. 229.]
[201. 220.  55.  41. 142. 161.  29. 144. 229. 120.]
[220.  55.  41. 142. 161.  29. 144. 229. 120. 984.]
[ 55.  41. 142. 161.  29. 144. 229. 120. 984. 153.]
[ 41. 142. 161.  29. 144. 229. 120. 984. 153. 234.]
[142. 161.  29. 144. 229. 120. 984. 153. 234. 182.]
[161.  29. 144. 229. 120. 984. 153. 234. 182. 135.]
[ 29. 144. 229. 120. 984. 153. 234. 182. 135.  80.]
[144. 229. 120. 984. 153. 234. 182. 135.  80.  49.]
[229. 120. 984. 153. 234. 182. 135.  80.  49. 173.]
[120. 984. 153. 234. 182. 135.  80.  49. 173.  44.]
[984. 153. 234. 182. 135.  80.  49. 173.  44. 104.]
[153. 234. 182. 135.  80.  49. 173.  44. 104. 101.]
[234. 182. 135.  80.  49. 173.  44. 104. 101. 112.]
[182. 135.  80.  49. 173.  44. 104. 101. 112. 141.]
[135.  80.  49. 173.  44. 104. 101. 112. 141.  83.]
[  80.   49.  173.   44.  104.  101.  112.  141.   83. 3368.]
[  49.  173.   44.  104.  101.  112.  141.   83. 3368.  109.]
[ 173.   44.  104.  101.  112.  141.   83. 3368.  109.  129.]
[  44.  104.  101.  112.  141.   83. 3368.  109.  129.  177.]
[ 104.  101.  112.  141.   83. 3368.  109.  129.  177.  107.]
[ 101.  112.  141.   83. 3368.  109.  129.  177.  107.  381.]
[ 112.  141.   83. 3368.  109.  129.  177.  107.  381.  375.]
[ 141.   83. 3368.  109.  129.  177.  107.  381.  375.  301.]
[  83. 3368.  109.  129.  177.  107.  381.  375.  301.  213.]
[3368.  109.  129.  177.  107.  381.  375.  301.  213.   56.]
[109. 129. 177. 107. 381. 375. 301. 213.  56. 244.]
[129. 177. 107. 381. 375. 301. 213.  56. 244. 273.]
[177. 107. 381. 375. 301. 213.  56. 244. 273. 325.]
[107. 381. 375. 301. 213.  56. 244. 273. 325. 136.]
[381. 375. 301. 213.  56. 244. 273. 325. 136. 147.]
[ 375.  301.  213.   56.  244.  273.  325.  136.  147. 1614.]
[ 301.  213.   56.  244.  273.  325.  136.  147. 1614.  207.]
[ 213.   56.  244.  273.  325.  136.  147. 1614.  207.  321.]
[  56.  244.  273.  325.  136.  147. 1614.  207.  321.  148.]
[ 244.  273.  325.  136.  147. 1614.  207.  321.  148.  200.]
[ 273.  325.  136.  147. 1614.  207.  321.  148.  200.  274.]
[ 325.  136.  147. 1614.  207.  321.  148.  200.  274.  790.]
[ 136.  147. 1614.  207.  321.  148.  200.  274.  790.  551.]
[ 147. 1614.  207.  321.  148.  200.  274.  790.  551.  174.]
[1614.  207.  321.  148.  200.  274.  790.  551.  174. 2882.]
[ 207.  321.  148.  200.  274.  790.  551.  174. 2882.   58.]
[ 321.  148.  200.  274.  790.  551.  174. 2882.   58.   91.]
[ 148.  200.  274.  790.  551.  174. 2882.   58.   91.   45.]
[ 200.  274.  790.  551.  174. 2882.   58.   91.   45.  104.]
[ 274.  790.  551.  174. 2882.   58.   91.   45.  104.  406.]
[ 790.  551.  174. 2882.   58.   91.   45.  104.  406.  851.]
[ 551.  174. 2882.   58.   91.   45.  104.  406.  851.   84.]
[ 174. 2882.   58.   91.   45.  104.  406.  851.   84.  128.]
[2882.   58.   91.   45.  104.  406.  851.   84.  128.   75.]
[ 58.  91.  45. 104. 406. 851.  84. 128.  75. 181.]
[ 91.  45. 104. 406. 851.  84. 128.  75. 181. 195.]
[ 45. 104. 406. 851.  84. 128.  75. 181. 195. 299.]
[ 104.  406.  851.   84.  128.   75.  181.  195.  299. 1945.]
[ 406.  851.   84.  128.   75.  181.  195.  299. 1945.  105.]
[ 851.   84.  128.   75.  181.  195.  299. 1945.  105.   88.]
[  84.  128.   75.  181.  195.  299. 1945.  105.   88.   87.]
[ 128.   75.  181.  195.  299. 1945.  105.   88.   87.  271.]
[  75.  181.  195.  299. 1945.  105.   88.   87.  271. 1575.]
[ 181.  195.  299. 1945.  105.   88.   87.  271. 1575.   63.]
[ 195.  299. 1945.  105.   88.   87.  271. 1575.   63.  159.]
[ 299. 1945.  105.   88.   87.  271. 1575.   63.  159.   88.]
[1945.  105.   88.   87.  271. 1575.   63.  159.   88.  320.]
[ 105.   88.   87.  271. 1575.   63.  159.   88.  320.  284.]
[  88.   87.  271. 1575.   63.  159.   88.  320.  284.  141.]
[  87.  271. 1575.   63.  159.   88.  320.  284.  141.   56.]
[ 271. 1575.   63.  159.   88.  320.  284.  141.   56.   63.]
[1575.   63.  159.   88.  320.  284.  141.   56.   63.  104.]
[ 63. 159.  88. 320. 284. 141.  56.  63. 104.  87.]
[159.  88. 320. 284. 141.  56.  63. 104.  87. 255.]
[ 88. 320. 284. 141.  56.  63. 104.  87. 255. 187.]
[320. 284. 141.  56.  63. 104.  87. 255. 187.  40.]
[284. 141.  56.  63. 104.  87. 255. 187.  40. 118.]
[141.  56.  63. 104.  87. 255. 187.  40. 118. 107.]
[  56.   63.  104.   87.  255.  187.   40.  118.  107. 3833.]
[  63.  104.   87.  255.  187.   40.  118.  107. 3833.  185.]
[ 104.   87.  255.  187.   40.  118.  107. 3833.  185.  112.]
[  87.  255.  187.   40.  118.  107. 3833.  185.  112.   58.]
[ 255.  187.   40.  118.  107. 3833.  185.  112.   58.   23.]
[ 187.   40.  118.  107. 3833.  185.  112.   58.   23.  149.]
[  40.  118.  107. 3833.  185.  112.   58.   23.  149.  113.]
[ 118.  107. 3833.  185.  112.   58.   23.  149.  113.   89.]
[ 107. 3833.  185.  112.   58.   23.  149.  113.   89.  668.]
[3833.  185.  112.   58.   23.  149.  113.   89.  668.  277.]
[ 185.  112.   58.   23.  149.  113.   89.  668.  277. 3319.]
[ 112.   58.   23.  149.  113.   89.  668.  277. 3319.  194.]
[  58.   23.  149.  113.   89.  668.  277. 3319.  194.  868.]
[  23.  149.  113.   89.  668.  277. 3319.  194.  868.   53.]
[ 149.  113.   89.  668.  277. 3319.  194.  868.   53.  149.]
[ 113.   89.  668.  277. 3319.  194.  868.   53.  149. 3656.]
[  89.  668.  277. 3319.  194.  868.   53.  149. 3656.  175.]
[ 668.  277. 3319.  194.  868.   53.  149. 3656.  175.  104.]
[ 277. 3319.  194.  868.   53.  149. 3656.  175.  104.  821.]
[3319.  194.  868.   53.  149. 3656.  175.  104.  821.  389.]
[ 194.  868.   53.  149. 3656.  175.  104.  821.  389.  121.]
[ 868.   53.  149. 3656.  175.  104.  821.  389.  121.   28.]
[  53.  149. 3656.  175.  104.  821.  389.  121.   28.  181.]
[ 149. 3656.  175.  104.  821.  389.  121.   28.  181.   64.]
[3656.  175.  104.  821.  389.  121.   28.  181.   64.  108.]
[175. 104. 821. 389. 121.  28. 181.  64. 108.  61.]
[104. 821. 389. 121.  28. 181.  64. 108.  61.  74.]
[821. 389. 121.  28. 181.  64. 108.  61.  74.  80.]
[389. 121.  28. 181.  64. 108.  61.  74.  80. 316.]
[121.  28. 181.  64. 108.  61.  74.  80. 316. 418.]
[ 28. 181.  64. 108.  61.  74.  80. 316. 418.  89.]
[181.  64. 108.  61.  74.  80. 316. 418.  89.  45.]
[ 64. 108.  61.  74.  80. 316. 418.  89.  45. 491.]
[108.  61.  74.  80. 316. 418.  89.  45. 491.  39.]
[ 61.  74.  80. 316. 418.  89.  45. 491.  39. 364.]
[ 74.  80. 316. 418.  89.  45. 491.  39. 364. 821.]
[ 80. 316. 418.  89.  45. 491.  39. 364. 821. 640.]
[316. 418.  89.  45. 491.  39. 364. 821. 640.  94.]
[418.  89.  45. 491.  39. 364. 821. 640.  94. 121.]
[ 89.  45. 491.  39. 364. 821. 640.  94. 121. 276.]
[  45.  491.   39.  364.  821.  640.   94.  121.  276. 1868.]
[ 491.   39.  364.  821.  640.   94.  121.  276. 1868.  117.]
[  39.  364.  821.  640.   94.  121.  276. 1868.  117.   79.]
[ 364.  821.  640.   94.  121.  276. 1868.  117.   79.   36.]
[8.210e+02 6.400e+02 9.400e+01 1.210e+02 2.760e+02 1.868e+03 1.170e+02
 7.900e+01 3.600e+01 1.000e+00]
[6.400e+02 9.400e+01 1.210e+02 2.760e+02 1.868e+03 1.170e+02 7.900e+01
 3.600e+01 1.000e+00 1.407e+03]
[9.400e+01 1.210e+02 2.760e+02 1.868e+03 1.170e+02 7.900e+01 3.600e+01
 1.000e+00 1.407e+03 1.900e+02]
[1.210e+02 2.760e+02 1.868e+03 1.170e+02 7.900e+01 3.600e+01 1.000e+00
 1.407e+03 1.900e+02 6.440e+02]
[2.760e+02 1.868e+03 1.170e+02 7.900e+01 3.600e+01 1.000e+00 1.407e+03
 1.900e+02 6.440e+02 3.435e+03]
[1.868e+03 1.170e+02 7.900e+01 3.600e+01 1.000e+00 1.407e+03 1.900e+02
 6.440e+02 3.435e+03 1.440e+02]
[1.170e+02 7.900e+01 3.600e+01 1.000e+00 1.407e+03 1.900e+02 6.440e+02
 3.435e+03 1.440e+02 3.400e+01]
[7.900e+01 3.600e+01 1.000e+00 1.407e+03 1.900e+02 6.440e+02 3.435e+03
 1.440e+02 3.400e+01 3.110e+02]
[3.600e+01 1.000e+00 1.407e+03 1.900e+02 6.440e+02 3.435e+03 1.440e+02
 3.400e+01 3.110e+02 9.540e+02]
[1.000e+00 1.407e+03 1.900e+02 6.440e+02 3.435e+03 1.440e+02 3.400e+01
 3.110e+02 9.540e+02 1.000e+02]
[1407.  190.  644. 3435.  144.   34.  311.  954.  100.  185.]
[ 190.  644. 3435.  144.   34.  311.  954.  100.  185.  351.]
[ 644. 3435.  144.   34.  311.  954.  100.  185.  351.  128.]
[3435.  144.   34.  311.  954.  100.  185.  351.  128.  171.]
[144.  34. 311. 954. 100. 185. 351. 128. 171. 369.]
