184.633333,4546.6,120.916667,62.6,2159.733333,
4546.6,120.916667,62.6,2159.733333,89.35,
120.916667,62.6,2159.733333,89.35,50.566667,
62.6,2159.733333,89.35,50.566667,542.233333,
2159.733333,89.35,50.566667,542.233333,116.2,
89.35,50.566667,542.233333,116.2,118.116667,
50.566667,542.233333,116.2,118.116667,84.75,
542.233333,116.2,118.116667,84.75,1463.866667,
116.2,118.116667,84.75,1463.866667,3562.766667,
118.116667,84.75,1463.866667,3562.766667,107.3,
84.75,1463.866667,3562.766667,107.3,2460.983333,
1463.866667,3562.766667,107.3,2460.983333,109.916667,
3562.766667,107.3,2460.983333,109.916667,48.383333,
107.3,2460.983333,109.916667,48.383333,80.033333,
2460.983333,109.916667,48.383333,80.033333,140.1,
109.916667,48.383333,80.033333,140.1,163.95,
48.383333,80.033333,140.1,163.95,103.883333,
88.816667,74.483333,1292.933333,831.833333,1242.883333,
74.483333,1292.933333,831.833333,1242.883333,1469.616667,
1292.933333,831.833333,1242.883333,1469.616667,51.05,
831.833333,1242.883333,1469.616667,51.05,1457.883333,
1242.883333,1469.616667,51.05,1457.883333,489.883333,
1469.616667,51.05,1457.883333,489.883333,39.1,
51.05,1457.883333,489.883333,39.1,7174.033333,
1457.883333,489.883333,39.1,7174.033333,913.25,
489.883333,39.1,7174.033333,913.25,392.766667,
39.1,7174.033333,913.25,392.766667,193.866667,
7174.033333,913.25,392.766667,193.866667,1517.266667,
913.25,392.766667,193.866667,1517.266667,671.8,
392.766667,193.866667,1517.266667,671.8,1285.733333,
193.866667,1517.266667,671.8,1285.733333,263.683333,
21.766667,129.65,2485.416667,920.4,211.883333,
129.65,2485.416667,920.4,211.883333,107.583333,
2485.416667,920.4,211.883333,107.583333,5760.15,
920.4,211.883333,107.583333,5760.15,749.183333,
211.883333,107.583333,5760.15,749.183333,178.816667,
107.583333,5760.15,749.183333,178.816667,203.283333,
5760.15,749.183333,178.816667,203.283333,5135.95,
749.183333,178.816667,203.283333,5135.95,168.833333,
178.816667,203.283333,5135.95,168.833333,1378.683333,
203.283333,5135.95,168.833333,1378.683333,261.183333,
5135.95,168.833333,1378.683333,261.183333,2491.516667,
260.183333,38.333333,173.883333,39.633333,151.566667,
38.333333,173.883333,39.633333,151.566667,474.633333,
173.883333,39.633333,151.566667,474.633333,868.866667,
39.633333,151.566667,474.633333,868.866667,14.283333,
151.566667,474.633333,868.866667,14.283333,1079.716667,
474.633333,868.866667,14.283333,1079.716667,112.9,
868.866667,14.283333,1079.716667,112.9,531.4,
14.283333,1079.716667,112.9,531.4,158.35,
1079.716667,112.9,531.4,158.35,2896.383333,
112.9,531.4,158.35,2896.383333,89.0,
531.4,158.35,2896.383333,89.0,1438.4,
158.35,2896.383333,89.0,1438.4,386.016667,
239.35,1858.516667,138.75,166.6,60.066667,
1858.516667,138.75,166.6,60.066667,39.216667,
138.75,166.6,60.066667,39.216667,1643.566667,
166.6,60.066667,39.216667,1643.566667,1528.216667,
60.066667,39.216667,1643.566667,1528.216667,6478.183333,
39.216667,1643.566667,1528.216667,6478.183333,7.2,
1643.566667,1528.216667,6478.183333,7.2,655.7,
1528.216667,6478.183333,7.2,655.7,36.45,
6478.183333,7.2,655.7,36.45,54.616667,
7.2,655.7,36.45,54.616667,200.25,
655.7,36.45,54.616667,200.25,100.216667,
36.45,54.616667,200.25,100.216667,313.483333,
54.616667,200.25,100.216667,313.483333,1600.466667,
200.25,100.216667,313.483333,1600.466667,20.466667,
100.216667,313.483333,1600.466667,20.466667,296.85,
313.483333,1600.466667,20.466667,296.85,2539.25,
1600.466667,20.466667,296.85,2539.25,106.816667,
20.466667,296.85,2539.25,106.816667,200.1,
296.85,2539.25,106.816667,200.1,132.4,
2539.25,106.816667,200.1,132.4,82.783333,
106.816667,200.1,132.4,82.783333,56.45,
200.1,132.4,82.783333,56.45,52.033333,
60.866667,462.233333,172.616667,1099.966667,1452.366667,
462.233333,172.616667,1099.966667,1452.366667,405.566667,
172.616667,1099.966667,1452.366667,405.566667,56.85,
1099.966667,1452.366667,405.566667,56.85,97.033333,
1452.366667,405.566667,56.85,97.033333,38.983333,
405.566667,56.85,97.033333,38.983333,91.2,
56.85,97.033333,38.983333,91.2,396.183333,
97.033333,38.983333,91.2,396.183333,168.7,
38.983333,91.2,396.183333,168.7,746.35,
91.2,396.183333,168.7,746.35,56.383333,
396.183333,168.7,746.35,56.383333,56.85,
168.7,746.35,56.383333,56.85,434.933333,
746.35,56.383333,56.85,434.933333,423.95,
56.383333,56.85,434.933333,423.95,150.633333,
56.85,434.933333,423.95,150.633333,32.366667,
434.933333,423.95,150.633333,32.366667,104.483333,
423.95,150.633333,32.366667,104.483333,298.95,
150.633333,32.366667,104.483333,298.95,57.583333,
32.366667,104.483333,298.95,57.583333,25.633333,
104.483333,298.95,57.583333,25.633333,125.533333,
298.95,57.583333,25.633333,125.533333,9.683333,
57.583333,25.633333,125.533333,9.683333,1209.266667,
25.633333,125.533333,9.683333,1209.266667,197.133333,
125.533333,9.683333,1209.266667,197.133333,1620.983333,
9.683333,1209.266667,197.133333,1620.983333,193.866667,
1209.266667,197.133333,1620.983333,193.866667,14.283333,
197.133333,1620.983333,193.866667,14.283333,3.983333,
1620.983333,193.866667,14.283333,3.983333,179.1,
193.866667,14.283333,3.983333,179.1,168.75,
14.283333,3.983333,179.1,168.75,157.066667,
3.983333,179.1,168.75,157.066667,288.466667,
179.1,168.75,157.066667,288.466667,198.416667,
168.75,157.066667,288.466667,198.416667,101.033333,
157.066667,288.466667,198.416667,101.033333,229.35,
288.466667,198.416667,101.033333,229.35,126.733333,
198.416667,101.033333,229.35,126.733333,964.866667,
178.65,459.683333,152.283333,1365.916667,430.15,
459.683333,152.283333,1365.916667,430.15,325.033333,
152.283333,1365.916667,430.15,325.033333,1368.466667,
1365.916667,430.15,325.033333,1368.466667,1910.166667,
430.15,325.033333,1368.466667,1910.166667,189.816667,
325.033333,1368.466667,1910.166667,189.816667,344.466667,
1368.466667,1910.166667,189.816667,344.466667,430.15,
1910.166667,189.816667,344.466667,430.15,734.483333,
189.816667,344.466667,430.15,734.483333,167.3,
344.466667,430.15,734.483333,167.3,24.9,
430.15,734.483333,167.3,24.9,624.7,
734.483333,167.3,24.9,624.7,638.083333,
167.3,24.9,624.7,638.083333,94.833333,
24.9,624.7,638.083333,94.833333,69.45,
624.7,638.083333,94.833333,69.45,0.0,
638.083333,94.833333,69.45,0.0,122.483333,
94.833333,69.45,0.0,122.483333,211.883333,
69.45,0.0,122.483333,211.883333,1629.866667,
0.0,122.483333,211.883333,1629.866667,195.183333,
122.483333,211.883333,1629.866667,195.183333,103.316667,
211.883333,1629.866667,195.183333,103.316667,80.25,
1629.866667,195.183333,103.316667,80.25,145.916667,
195.183333,103.316667,80.25,145.916667,929.4,
103.316667,80.25,145.916667,929.4,505.566667,
80.25,145.916667,929.4,505.566667,209.016667,
145.916667,929.4,505.566667,209.016667,89.266667,
929.4,505.566667,209.016667,89.266667,38.916667,
505.566667,209.016667,89.266667,38.916667,182.433333,
209.016667,89.266667,38.916667,182.433333,202.333333,
89.266667,38.916667,182.433333,202.333333,898.916667,
38.916667,182.433333,202.333333,898.916667,4151.883333,
182.433333,202.333333,898.916667,4151.883333,24.783333,
202.333333,898.916667,4151.883333,24.783333,302.933333,
898.916667,4151.883333,24.783333,302.933333,444.966667,
4151.883333,24.783333,302.933333,444.966667,1782.2,
24.783333,302.933333,444.966667,1782.2,125.4,
302.933333,444.966667,1782.2,125.4,68.283333,
444.966667,1782.2,125.4,68.283333,118.533333,
1782.2,125.4,68.283333,118.533333,170.2,
125.4,68.283333,118.533333,170.2,56.366667,
68.283333,118.533333,170.2,56.366667,967.483333,
118.533333,170.2,56.366667,967.483333,980.95,
170.2,56.366667,967.483333,980.95,192.05,
56.366667,967.483333,980.95,192.05,221.216667,
967.483333,980.95,192.05,221.216667,1322.633333,
149.816667,392.766667,170.8,140.1,4537.883333,
392.766667,170.8,140.1,4537.883333,47.483333,
170.8,140.1,4537.883333,47.483333,259.266667,
140.1,4537.883333,47.483333,259.266667,261.966667,
4537.883333,47.483333,259.266667,261.966667,725.733333,
47.483333,259.266667,261.966667,725.733333,1806.816667,
259.266667,261.966667,725.733333,1806.816667,266.116667,
261.966667,725.733333,1806.816667,266.116667,57.25,
725.733333,1806.816667,266.116667,57.25,248.916667,
1806.816667,266.116667,57.25,248.916667,749.183333,
266.116667,57.25,248.916667,749.183333,997.05,
57.25,248.916667,749.183333,997.05,135.866667,
248.916667,749.183333,997.05,135.866667,465.0,
749.183333,997.05,135.866667,465.0,498.2,
997.05,135.866667,465.0,498.2,2190.466667,
135.866667,465.0,498.2,2190.466667,701.0,
465.0,498.2,2190.466667,701.0,119.816667,
498.2,2190.466667,701.0,119.816667,1234.233333,
2190.466667,701.0,119.816667,1234.233333,301.316667,
701.0,119.816667,1234.233333,301.316667,106.366667,
119.816667,1234.233333,301.316667,106.366667,49.483333,
1234.233333,301.316667,106.366667,49.483333,197.833333,
301.316667,106.366667,49.483333,197.833333,420.75,
106.366667,49.483333,197.833333,420.75,107.583333,
49.483333,197.833333,420.75,107.583333,626.516667,
197.833333,420.75,107.583333,626.516667,108.75,
420.75,107.583333,626.516667,108.75,159.4,
107.583333,626.516667,108.75,159.4,50.883333,
626.516667,108.75,159.4,50.883333,1170.283333,
108.75,159.4,50.883333,1170.283333,1326.4,
159.4,50.883333,1170.283333,1326.4,1620.983333,
50.883333,1170.283333,1326.4,1620.983333,156.833333,
1170.283333,1326.4,1620.983333,156.833333,225.683333,
1326.4,1620.983333,156.833333,225.683333,259.266667,
1620.983333,156.833333,225.683333,259.266667,287.433333,
156.833333,225.683333,259.266667,287.433333,231.5,
225.683333,259.266667,287.433333,231.5,1561.066667,
259.266667,287.433333,231.5,1561.066667,207.083333,
287.433333,231.5,1561.066667,207.083333,5477.633333,
231.5,1561.066667,207.083333,5477.633333,28.133333,
1561.066667,207.083333,5477.633333,28.133333,200.033333,
207.083333,5477.633333,28.133333,200.033333,313.333333,
5477.633333,28.133333,200.033333,313.333333,1483.766667,
28.133333,200.033333,313.333333,1483.766667,82.5,
200.033333,313.333333,1483.766667,82.5,358.116667,
313.333333,1483.766667,82.5,358.116667,4248.4,
1483.766667,82.5,358.116667,4248.4,1108.15,
82.5,358.116667,4248.4,1108.15,4174.9,
358.116667,4248.4,1108.15,4174.9,965.983333,
4248.4,1108.15,4174.9,965.983333,116.083333,
1108.15,4174.9,965.983333,116.083333,163.283333,
4174.9,965.983333,116.083333,163.283333,243.633333,
965.983333,116.083333,163.283333,243.633333,673.333333,
116.083333,163.283333,243.633333,673.333333,298.666667,
163.283333,243.633333,673.333333,298.666667,566.466667,
243.633333,673.333333,298.666667,566.466667,103.3,
