613.6438,574.818,593.4456,593.4456,593.4456
623.3851,572.15857,593.4456,593.4456,593.4456
622.735,572.34534,593.4456,593.4456,593.4456
622.35315,572.4545,593.4456,593.4456,593.4456
614.06836,574.70807,593.4456,593.4456,593.4456
619.0038,573.3917,593.4456,593.4456,593.4456
623.26465,572.19336,593.4456,593.4456,593.4456
621.34906,572.7387,593.4456,593.4456,593.4456
623.091,572.2433,593.4456,593.4456,593.4456
539.17267,587.32404,593.4456,593.4456,593.4456
622.81244,572.32336,593.4456,593.4456,593.4456
620.45844,572.98914,593.4456,593.4456,593.4456
222.51733,593.44464,593.4456,593.4456,593.4456
583.19824,581.39075,593.4456,593.4456,593.4456
609.0621,575.96857,593.4456,593.4456,593.4456
621.6766,572.6461,593.4456,593.4456,593.4456
617.38727,573.83136,593.4456,593.4456,593.4456
622.95123,572.28314,593.4456,593.4456,593.4456
623.40826,572.152,593.4456,593.4456,593.4456
623.4336,572.1446,593.4456,593.4456,593.4456
623.4252,572.1471,593.4456,593.4456,593.4456
620.987,572.8409,593.4456,593.4456,593.4456
623.3855,572.15826,593.4456,593.4456,593.4456
623.4336,572.1446,593.4456,593.4456,593.4456
623.4247,572.1471,593.4456,593.4456,593.4456
616.9032,573.96124,593.4456,593.4456,593.4456
623.27576,572.1901,593.4456,593.4456,593.4456
623.4325,572.14484,593.4456,593.4456,593.4456
618.554,573.5149,593.4456,593.4456,593.4456
623.31805,572.1779,593.4456,593.4456,593.4456
623.31537,572.1789,593.4456,593.4456,593.4456
621.1575,572.7931,593.4456,593.4456,593.4456
506.1694,589.88995,593.4456,593.4456,593.4456
622.814,572.3228,593.4456,593.4456,593.4456
623.242,572.19946,593.4456,593.4456,593.4456
621.7045,572.6388,593.4456,593.4456,593.4456
623.37714,572.16095,593.4456,593.4456,593.4456
560.0479,584.94073,593.4456,593.4456,593.4456
570.58527,583.4582,593.4456,593.4456,593.4456
622.87994,572.30347,593.4456,593.4456,593.4456
623.2879,572.1867,593.4456,593.4456,593.4456
618.3862,573.5595,593.4456,593.4456,593.4456
623.3966,572.1554,593.4456,593.4456,593.4456
623.3692,572.1632,593.4456,593.4456,593.4456
623.4336,572.1446,593.4456,593.4456,593.4456
620.95435,572.85046,593.4456,593.4456,593.4456
623.4188,572.14905,593.4456,593.4456,593.4456
623.4247,572.1471,593.4456,593.4456,593.4456
620.10095,573.0887,593.4456,593.4456,593.4456
621.95074,572.5689,593.4456,593.4456,593.4456
623.11896,572.23517,593.4456,593.4456,593.4456
613.0619,574.96765,593.4456,593.4456,593.4456
54.776966,593.44415,593.4456,593.4456,593.4456
621.6766,572.6466,593.4456,593.4456,593.4456
616.501,574.0687,593.4456,593.4456,593.4456
623.42676,572.1466,593.4456,593.4456,593.4456
623.432,572.14514,593.4456,593.4456,593.4456
623.08105,572.246,593.4456,593.4456,593.4456
623.4247,572.1471,593.4456,593.4456,593.4456
409.0368,592.8654,593.4456,593.4456,593.4456
622.9448,572.2851,593.4456,593.4456,593.4456
570.39435,583.48676,593.4456,593.4456,593.4456
623.38605,572.15784,593.4456,593.4456,593.4456
623.43146,572.14514,593.4456,593.4456,593.4456
623.4336,572.1446,593.4456,593.4456,593.4456
623.4309,572.1453,593.4456,593.4456,593.4456
622.3186,572.4641,593.4456,593.4456,593.4456
623.4252,572.1471,593.4456,593.4456,593.4456
623.432,572.1446,593.4456,593.4456,593.4456
623.3956,572.1556,593.4456,593.4456,593.4456
617.85486,573.7048,593.4456,593.4456,593.4456
548.3359,586.3583,593.4456,593.4456,593.4456
623.3645,572.1644,593.4456,593.4456,593.4456
602.54803,577.5009,593.4456,593.4456,593.4456
623.0826,572.24567,593.4456,593.4456,593.4456
453.94263,593.4456,593.4456,593.4456,593.4456
623.1229,572.2327,593.4456,593.4456,593.4456
623.4325,572.14484,593.4456,593.4456,593.4456
621.8198,572.60596,593.4456,593.4456,593.4456
623.27423,572.1907,593.4456,593.4456,593.4456
623.4283,572.14606,593.4456,593.4456,593.4456
623.4236,572.1475,593.4456,593.4456,593.4456
622.1581,572.50745,593.4456,593.4456,593.4456
623.4257,572.1471,593.4456,593.4456,593.4456
623.4283,572.14606,593.4456,593.4456,593.4456
623.4336,572.1446,593.4456,593.4456,593.4456
619.4995,573.2549,593.4456,593.4456,593.4456
623.33014,572.174,593.4456,593.4456,593.4456
623.37823,572.16077,593.4456,593.4456,593.4456
623.4336,572.1446,593.4456,593.4456,593.4456
623.3222,572.1767,593.4456,593.4456,593.4456
619.6261,573.22034,593.4456,593.4456,593.4456
622.14075,572.51483,593.4456,593.4456,593.4456
623.39246,572.1563,593.4456,593.4456,593.4456
604.4086,577.0745,593.4456,593.4456,593.4456
623.3381,572.17206,593.4456,593.4456,593.4456
32.290745,593.4456,593.4456,593.4456,593.4456
623.42725,572.14606,593.4456,593.4456,593.4456
623.4151,572.14996,593.4456,593.4456,593.4456
622.9723,572.27704,593.4456,593.4456,593.4456
623.4309,572.14557,593.4456,593.4456,593.4456
623.3882,572.15784,593.4456,593.4456,593.4456
623.4236,572.1475,593.4456,593.4456,593.4456
623.43036,572.14557,593.4456,593.4456,593.4456
623.40564,572.15265,593.4456,593.4456,593.4456
622.813,572.32336,593.4456,593.4456,593.4456
622.83093,572.31793,593.4456,593.4456,593.4456
621.0722,572.81714,593.4456,593.4456,593.4456
609.3327,575.90204,593.4456,593.4456,593.4456
617.9843,573.6699,593.4456,593.4456,593.4456
570.8178,583.42285,593.4456,593.4456,593.4456
556.8474,585.35065,593.4456,593.4456,593.4456
613.12695,574.9509,593.4456,593.4456,593.4456
368.52856,593.201,593.4456,593.4456,593.4456
623.2805,572.18866,593.4456,593.4456,593.4456
623.43304,572.1446,593.4456,593.4456,593.4456
616.616,574.038,593.4456,593.4456,593.4456
623.28955,572.1862,593.4456,593.4456,593.4456
621.0438,572.8247,593.4456,593.4456,593.4456
623.43304,572.14484,593.4456,593.4456,593.4456
622.1278,572.51825,593.4456,593.4456,593.4456
621.79987,572.6118,593.4456,593.4456,593.4456
623.4328,572.1444,593.4456,593.4456,593.4456
618.17444,573.6181,593.4456,593.4456,593.4456
615.3713,574.3681,593.4456,593.4456,593.4456
592.5634,579.62415,593.4456,593.4456,593.4456
621.01855,572.8323,593.4456,593.4456,593.4456
622.0385,572.54395,593.4456,593.4456,593.4456
605.38403,576.8477,593.4456,593.4456,593.4456
622.0205,572.5489,593.4456,593.4456,593.4456
623.1148,572.2364,593.4456,593.4456,593.4456
622.47675,572.4193,593.4456,593.4456,593.4456
623.4283,572.14606,593.4456,593.4456,593.4456
296.5135,593.44415,593.4456,593.4456,593.4456
623.2979,572.1837,593.4456,593.4456,593.4456
623.13226,572.2315,593.4456,593.4456,593.4456
622.0891,572.52954,593.4456,593.4456,593.4456
623.2726,572.1911,593.4456,593.4456,593.4456
622.94775,572.2842,593.4456,593.4456,593.4456
623.4336,572.1446,593.4456,593.4456,593.4456
622.9,572.29785,593.4456,593.4456,593.4456
623.42993,572.14557,593.4456,593.4456,593.4456
623.4325,572.1446,593.4456,593.4456,593.4456
618.70135,573.4747,593.4456,593.4456,593.4456
623.4325,572.1446,593.4456,593.4456,593.4456
623.432,572.14514,593.4456,593.4456,593.4456
623.2251,572.20483,593.4456,593.4456,593.4456
623.4336,572.1444,593.4456,593.4456,593.4456
623.36127,572.16565,593.4456,593.4456,593.4456
623.42725,572.1463,593.4456,593.4456,593.4456
616.5643,574.0518,593.4456,593.4456,593.4456
350.5712,593.2831,593.4456,593.4456,593.4456
622.0944,572.5281,593.4456,593.4456,593.4456
620.6787,572.92737,593.4456,593.4456,593.4456
621.8512,572.5971,593.4456,593.4456,593.4456
604.9175,576.95667,593.4456,593.4456,593.4456
608.94885,575.99615,593.4456,593.4456,593.4456
623.4336,572.1441,593.4456,593.4456,593.4456
623.35,572.1686,593.4456,593.4456,593.4456
622.2624,572.4802,593.4456,593.4456,593.4456
622.3626,572.45166,593.4456,593.4456,593.4456
621.47644,572.7034,593.4456,593.4456,593.4456
623.02826,572.2614,593.4456,593.4456,593.4456
621.4733,572.7039,593.4456,593.4456,593.4456
610.6613,575.574,593.4456,593.4456,593.4456
623.4336,572.1441,593.4456,593.4456,593.4456
623.4263,572.1468,593.4456,593.4456,593.4456
622.18414,572.5023,593.4456,593.4456,593.4456
623.1644,572.2219,593.4456,593.4456,593.4456
623.4136,572.15045,593.4456,593.4456,593.4456
623.43304,572.1446,593.4456,593.4456,593.4456
615.6112,574.3008,593.4456,593.4456,593.4456
623.4325,572.14514,593.4456,593.4456,593.4456
622.15497,572.51086,593.4456,593.4456,593.4456
623.4204,572.14856,593.4456,593.4456,593.4456
617.85223,573.70575,593.4456,593.4456,593.4456
622.91956,572.2925,593.4456,593.4456,593.4456
623.3977,572.15485,593.4456,593.4456,593.4456
623.4336,572.1446,593.4456,593.4456,593.4456
621.9426,572.5714,593.4456,593.4456,593.4456
622.25195,572.483,593.4456,593.4456,593.4456
623.2404,572.20044,593.4456,593.4456,593.4456
616.44867,574.08276,593.4456,593.4456,593.4456
603.9874,577.17175,593.4456,593.4456,593.4456
623.43146,572.14514,593.4456,593.4456,593.4456
623.32904,572.17444,593.4456,593.4456,593.4456
0.17962149,593.4434,593.4456,593.4456,593.4456
623.4278,572.14606,593.4456,593.4456,593.4456
623.4263,572.1468,593.4456,593.4456,593.4456
622.0715,572.5344,593.4456,593.4456,593.4456
623.03564,572.25916,593.4456,593.4456,593.4456
622.33154,572.46045,593.4456,593.4456,593.4456
623.4336,572.1446,593.4456,593.4456,593.4456
4.8798733,593.4452,593.4456,593.4456,593.4456
623.39984,572.1544,593.4456,593.4456,593.4456
605.7428,576.76385,593.4456,593.4456,593.4456
623.4336,572.1444,593.4456,593.4456,593.4456
623.4336,572.1446,593.4456,593.4456,593.4456
621.96576,572.5643,593.4456,593.4456,593.4456
623.43036,572.14557,593.4456,593.4456,593.4456
623.0435,572.2567,593.4456,593.4456,593.4456
623.3882,572.15784,593.4456,593.4456,593.4456
623.42676,572.1466,593.4456,593.4456,593.4456
623.4156,572.1498,593.4456,593.4456,593.4456
622.38055,572.4467,593.4456,593.4456,593.4456
623.3766,572.16125,593.4456,593.4456,593.4456
619.9822,573.1216,593.4456,593.4456,593.4456
13.667279,593.4439,593.4456,593.4456,593.4456
623.42993,572.14557,593.4456,593.4456,593.4456
623.4194,572.1488,593.4456,593.4456,593.4456
622.23035,572.4894,593.4456,593.4456,593.4456
602.32306,577.5507,593.4456,593.4456,593.4456
622.1014,572.52606,593.4456,593.4456,593.4456
623.4072,572.15216,593.4456,593.4456,593.4456
622.02106,572.5486,593.4456,593.4456,593.4456
623.41144,572.15094,593.4456,593.4456,593.4456
623.3592,572.16614,593.4456,593.4456,593.4456
622.166,572.50745,593.4456,593.4456,593.4456
623.43146,572.14514,593.4456,593.4456,593.4456
623.4336,572.1446,593.4456,593.4456,593.4456
623.34973,572.1686,593.4456,593.4456,593.4456
618.72504,573.468,593.4456,593.4456,593.4456
616.8697,573.97034,593.4456,593.4456,593.4456
622.3236,572.4629,593.4456,593.4456,593.4456
623.19666,572.21295,593.4456,593.4456,593.4456
622.1545,572.51117,593.4456,593.4456,593.4456
623.27313,572.19086,593.4456,593.4456,593.4456
623.40936,572.15173,593.4456,593.4456,593.4456
623.34064,572.1713,593.4456,593.4456,593.4456
621.25006,572.76715,593.4456,593.4456,593.4456
622.8716,572.30615,593.4456,593.4456,593.4456
619.40717,573.28064,593.4456,593.4456,593.4456
620.11804,573.0838,593.4456,593.4456,593.4456
616.421,574.0901,593.4456,593.4456,593.4456
621.8246,572.6049,593.4456,593.4456,593.4456
622.2108,572.49524,593.4456,593.4456,593.4456
600.8417,577.8816,593.4456,593.4456,593.4456
623.02454,572.2623,593.4456,593.4456,593.4456
622.21246,572.49475,593.4456,593.4456,593.4456
622.3226,572.4634,593.4456,593.4456,593.4456
622.1012,572.52606,593.4456,593.4456,593.4456
622.10486,572.5251,593.4456,593.4456,593.4456
622.5034,572.41144,593.4456,593.4456,593.4456
622.5403,572.4012,593.4456,593.4456,593.4456
534.9409,587.7202,593.4456,593.4456,593.4456
623.1538,572.22516,593.4456,593.4456,593.4456
623.4183,572.14905,593.4456,593.4456,593.4456
623.3618,572.1649,593.4456,593.4456,593.4456
623.3956,572.1556,593.4456,593.4456,593.4456
623.4294,572.14557,593.4456,593.4456,593.4456
602.05927,593.4456,593.4456,593.4456,593.4456
623.4172,572.14905,593.4456,593.4456,593.4456
623.42413,572.1473,593.4456,593.4456,593.4456
623.42725,572.1458,593.4456,593.4456,593.4456
623.432,572.14514,593.4456,593.4456,593.4456
621.9289,572.5751,593.4456,593.4456,593.4456
623.4294,572.1458,593.4456,593.4456,593.4456
611.2942,575.4158,593.4456,593.4456,593.4456
0.39669907,593.4452,593.4456,593.4456,593.4456
623.4183,572.14856,593.4456,593.4456,593.4456
623.43036,572.14557,593.4456,593.4456,593.4456
621.64813,572.6545,593.4456,593.4456,593.4456
623.4209,572.14825,593.4456,593.4456,593.4456
566.34894,584.0793,593.4456,593.4456,593.4456
623.4257,572.1471,593.4456,593.4456,593.4456
621.9621,572.56573,593.4456,593.4456,593.4456
623.41046,572.1514,593.4456,593.4456,593.4456
623.34753,572.16956,593.4456,593.4456,593.4456
621.56757,572.6775,593.4456,593.4456,593.4456
623.422,572.148,593.4456,593.4456,593.4456
622.1586,572.5099,593.4456,593.4456,593.4456
623.37714,572.16077,593.4456,593.4456,593.4456
49.06267,593.44415,593.4456,593.4456,593.4456
620.8281,572.88574,593.4456,593.4456,593.4456
1.9219216,593.4456,593.4456,593.4456,593.4456
623.4249,572.1468,593.4456,593.4456,593.4456
623.413,572.15045,593.4456,593.4456,593.4456
623.4336,572.1444,593.4456,593.4456,593.4456
623.42676,572.1466,593.4456,593.4456,593.4456
622.2541,572.4827,593.4456,593.4456,593.4456
623.43036,572.14557,593.4456,593.4456,593.4456
622.1492,572.51263,593.4456,593.4456,593.4456
623.4166,572.1495,593.4456,593.4456,593.4456
621.12384,572.8029,593.4456,593.4456,593.4456
622.5419,572.40063,593.4456,593.4456,593.4456
613.052,574.97015,593.4456,593.4456,593.4456
623.23456,572.20184,593.4456,593.4456,593.4456
623.00134,572.269,593.4456,593.4456,593.4456
449.4291,592.15906,593.4456,593.4456,593.4456
623.43304,572.14484,593.4456,593.4456,593.4456
622.5271,572.4046,593.4456,593.4456,593.4456
623.4019,572.1536,593.4456,593.4456,593.4456
165.59442,593.4434,593.4456,593.4456,593.4456
623.4194,572.14856,593.4456,593.4456,593.4456
479.4021,591.215,593.4456,593.4456,593.4456
623.3858,572.15784,593.4456,593.4456,593.4456
623.4325,572.14484,593.4456,593.4456,593.4456
623.43304,572.1441,593.4456,593.4456,593.4456
623.4336,572.1446,593.4456,593.4456,593.4456
623.4325,572.1446,593.4456,593.4456,593.4456
623.4325,572.14514,593.4456,593.4456,593.4456
623.4294,572.14557,593.4456,593.4456,593.4456
623.4336,572.1446,593.4456,593.4456,593.4456
622.448,572.42737,593.4456,593.4456,593.4456
623.4146,572.14996,593.4456,593.4456,593.4456
618.96265,573.403,593.4456,593.4456,593.4456
623.4336,572.1446,593.4456,593.4456,593.4456
622.35156,572.4551,593.4456,593.4456,593.4456
211.1304,593.4456,593.4456,593.4456,593.4456
