546.34906,545.87225,545.87225
546.4426,545.87225,545.87225
546.30237,545.87225,545.87225
546.5433,545.87225,545.87225
546.42615,545.87225,545.87225
546.43146,545.87225,545.87225
546.23224,545.87225,545.87225
546.61035,545.87225,545.87225
546.2448,545.87225,545.87225
546.4916,545.87225,545.87225
546.3267,545.87225,545.87225
546.453,545.87225,545.87225
546.3273,545.87225,545.87225
546.3968,545.87225,545.87225
546.6462,545.87225,545.87225
546.1887,545.87225,545.87225
546.47174,545.87225,545.87225
546.5606,545.87225,545.87225
546.24396,545.87225,545.87225
546.4955,545.87225,545.87225
546.28143,545.87225,545.87225
546.3909,545.87225,545.87225
546.32,545.87225,545.87225
546.3088,545.87225,545.87225
546.3116,545.87225,545.87225
546.38116,545.87225,545.87225
546.3661,545.87225,545.87225
546.37415,545.87225,545.87225
546.3904,545.87225,545.87225
546.3739,545.87225,545.87225
546.5011,545.87225,545.87225
546.3155,545.87225,545.87225
546.6643,545.87256,545.87225
546.2563,545.87225,545.87225
546.4706,545.87225,545.87225
546.31964,545.87225,545.87225
546.38007,545.87225,545.87225
546.3675,545.87225,545.87225
546.3686,545.87225,545.87225
546.36945,545.87225,545.87225
546.36304,545.87225,545.87225
546.36694,545.87225,545.87225
546.38257,545.87225,545.87225
546.39624,545.87225,545.87225
546.3214,545.87225,545.87225
546.93787,545.87256,545.87225
546.2244,545.87225,545.87225
546.4189,545.87225,545.87225
546.28986,545.87225,545.87225
546.8752,545.87256,545.87225
546.0943,545.87225,545.87225
546.51086,545.87225,545.87225
548.6411,545.87195,545.87225
546.4393,545.87225,545.87225
546.3518,545.87225,545.87225
546.453,545.87225,545.87225
546.29144,545.87225,545.87225
546.31604,545.87225,545.87225
546.287,545.87225,545.87225
546.37445,545.87225,545.87225
546.365,545.87225,545.87225
546.3574,545.87225,545.87225
546.3222,545.87225,545.87225
546.35156,545.87225,545.87225
546.4155,545.87225,545.87225
546.493,545.87225,545.87225
546.3401,545.87225,545.87225
546.4312,545.87225,545.87225
546.3569,545.87225,545.87225
546.3862,545.87225,545.87225
546.4147,545.87225,545.87225
546.3814,545.87225,545.87225
546.3672,545.87225,545.87225
546.4402,545.87225,545.87225
546.334,545.87225,545.87225
546.4234,545.87225,545.87225
546.4382,545.87225,545.87225
546.7085,545.87256,545.87225
546.48987,545.87225,545.87225
546.365,545.87225,545.87225
546.3932,545.87225,545.87225
546.31635,545.87225,545.87225
546.34406,545.87225,545.87225
546.37335,545.87225,545.87225
546.80273,545.87256,545.87225
546.1353,545.87225,545.87225
546.42676,545.87225,545.87225
546.13617,545.87225,545.87225
546.37646,545.87225,545.87225
546.3571,545.87225,545.87225
546.4152,545.87225,545.87225
546.5016,545.87225,545.87225
546.2046,545.87225,545.87225
546.4337,545.87225,545.87225
546.3214,545.87225,545.87225
546.3756,545.87225,545.87225
546.36383,545.87225,545.87225
546.3879,545.87225,545.87225
546.34906,545.87225,545.87225
546.5634,545.87225,545.87225
546.24316,545.87225,545.87225
546.5704,545.87225,545.87225
546.2795,545.87225,545.87225
546.53516,545.87225,545.87225
546.68475,545.87225,545.87225
546.5173,545.87225,545.87225
546.42755,545.87225,545.87225
546.33704,545.87225,545.87225
546.365,545.87225,545.87225
546.3007,545.87225,545.87225
546.3829,545.87225,545.87225
546.4575,545.87225,545.87225
546.2342,545.87225,545.87225
546.3613,545.87225,545.87225
546.27856,545.87225,545.87225
546.39545,545.87225,545.87225
546.36273,545.87225,545.87225
546.4066,545.87225,545.87225
546.3635,545.87225,545.87225
546.3686,545.87225,545.87225
546.382,545.87225,545.87225
546.3896,545.87225,545.87225
546.37256,545.87225,545.87225
546.40546,545.87225,545.87225
546.3658,545.87225,545.87225
546.40045,545.87225,545.87225
546.36273,545.87225,545.87225
546.4085,545.87225,545.87225
546.4669,545.87225,545.87225
546.3465,545.87225,545.87225
546.4234,545.87225,545.87225
546.6445,545.87225,545.87225
546.2462,545.87225,545.87225
546.47644,545.87225,545.87225
546.31805,545.87225,545.87225
546.38367,545.87225,545.87225
546.3557,545.87225,545.87225
546.38086,545.87225,545.87225
546.3672,545.87225,545.87225
546.32275,545.87225,545.87225
546.33954,545.87225,545.87225
546.4645,545.87225,545.87225
546.33307,545.87225,545.87225
546.4189,545.87225,545.87225
546.33093,545.87225,545.87225
546.34125,545.87225,545.87225
546.37866,545.87225,545.87225
546.6235,545.87225,545.87225
546.2809,545.87225,545.87225
546.4265,545.87225,545.87225
546.36694,545.87225,545.87225
546.3532,545.87225,545.87225
546.38873,545.87225,545.87225
546.4614,545.87225,545.87225
546.31775,545.87225,545.87225
546.37415,545.87225,545.87225
546.33673,545.87225,545.87225
546.4234,545.87225,545.87225
546.5173,545.87225,545.87225
546.31604,545.87225,545.87225
546.4982,545.87225,545.87225
546.28754,545.87225,545.87225
546.4077,545.87225,545.87225
546.365,545.87225,545.87225
546.38257,545.87225,545.87225
546.35547,545.87225,545.87225
546.4359,545.87225,545.87225
546.3261,545.87225,545.87225
546.67834,545.87256,545.87225
546.232,545.87225,545.87225
546.49274,545.87225,545.87225
546.3032,545.87225,545.87225
546.4075,545.87225,545.87225
546.3541,545.87225,545.87225
546.3781,545.87225,545.87225
546.42194,545.87225,545.87225
546.3599,545.87225,545.87225
546.36194,545.87225,545.87225
546.401,545.87225,545.87225
546.3586,545.87225,545.87225
546.39624,545.87225,545.87225
546.37,545.87225,545.87225
546.3829,545.87225,545.87225
546.35657,545.87225,545.87225
546.5064,545.87225,545.87225
546.3144,545.87225,545.87225
546.45105,545.87225,545.87225
546.365,545.87225,545.87225
546.3792,545.87225,545.87225
546.38873,545.87225,545.87225
546.38116,545.87225,545.87225
546.48206,545.87225,545.87225
546.3641,545.87225,545.87225
546.3868,545.87225,545.87225
546.38116,545.87225,545.87225
546.39264,545.87225,545.87225
546.4256,545.87225,545.87225
546.3586,545.87225,545.87225
546.40247,545.87225,545.87225
546.34735,545.87225,545.87225
546.3605,545.87225,545.87225
546.6981,545.87256,545.87225
546.22614,545.87225,545.87225
546.4759,545.87225,545.87225
546.2923,545.87225,545.87225
546.38983,545.87225,545.87225
546.36304,545.87225,545.87225
546.37897,545.87225,545.87225
546.5631,545.87225,545.87225
546.5011,545.87225,545.87225
546.32336,545.87225,545.87225
546.45416,545.87225,545.87225
546.32526,545.87225,545.87225
546.3971,545.87225,545.87225
546.4114,545.87225,545.87225
546.37024,545.87225,545.87225
546.3943,545.87225,545.87225
546.3454,545.87225,545.87225
546.4094,545.87225,545.87225
546.46356,545.87225,545.87225
546.4349,545.87225,545.87225
546.4085,545.87225,545.87225
546.3635,545.87225,545.87225
546.39624,545.87225,545.87225
546.3504,545.87225,545.87225
546.40546,545.87225,545.87225
546.36383,545.87225,545.87225
546.3569,545.87225,545.87225
546.3756,545.87225,545.87225
546.3641,545.87225,545.87225
546.4189,545.87225,545.87225
546.3625,545.87225,545.87225
546.4038,545.87225,545.87225
546.4958,545.87225,545.87225
546.3172,545.87225,545.87225
546.4281,545.87225,545.87225
546.34515,545.87225,545.87225
546.37585,545.87225,545.87225
546.7594,545.87256,545.87225
546.2034,545.87225,545.87225
546.90955,545.87256,545.87225
546.4075,545.87225,545.87225
546.2345,545.87225,545.87225
546.5908,545.87225,545.87225
546.2582,545.87225,545.87225
546.39233,545.87225,545.87225
546.38513,545.87225,545.87225
546.27136,545.87225,545.87225
546.2538,545.87225,545.87225
546.29846,545.87225,545.87225
546.365,545.87225,545.87225
546.3415,545.87225,545.87225
546.39545,545.87225,545.87225
546.505,545.87225,545.87225
546.31604,545.87225,545.87225
546.42395,545.87225,545.87225
546.35803,545.87225,545.87225
546.36523,545.87225,545.87225
546.3806,545.87225,545.87225
546.37024,545.87225,545.87225
546.38257,545.87225,545.87225
546.35156,545.87225,545.87225
546.372,545.87225,545.87225
546.3932,545.87225,545.87225
546.39233,545.87225,545.87225
546.3781,545.87225,545.87225
546.4063,545.87225,545.87225
546.36304,545.87225,545.87225
546.5139,545.87225,545.87225
546.32,545.87225,545.87225
546.4231,545.87225,545.87225
546.3792,545.87225,545.87225
546.36017,545.87225,545.87225
546.40155,545.87225,545.87225
546.86505,545.87256,545.87225
546.1342,545.87225,545.87225
546.4943,545.87225,545.87225
546.31104,545.87225,545.87225
546.3879,545.87225,545.87225
546.35077,545.87225,545.87225
546.4351,545.87225,545.87225
546.2719,545.87225,545.87225
546.33954,545.87225,545.87225
546.296,545.87225,545.87225
546.3912,545.87225,545.87225
546.3658,545.87225,545.87225
546.4295,545.87225,545.87225
546.37024,545.87225,545.87225
546.3988,545.87225,545.87225
546.39764,545.87225,545.87225
546.3823,545.87225,545.87225
546.384,545.87225,545.87225
546.3982,545.87225,545.87225
546.3775,545.87225,545.87225
546.38513,545.87225,545.87225
546.7949,545.87256,545.87225
546.1722,545.87225,545.87225
546.493,545.87225,545.87225
546.296,545.87225,545.87225
546.38086,545.87225,545.87225
546.4298,545.87225,545.87225
546.356,545.87225,545.87225
549.395,545.87335,545.87225
546.3387,545.87225,545.87225
546.199,545.87225,545.87225
547.56464,545.87225,545.87225
546.3781,545.87225,545.87225
547.54816,545.87225,545.87225
546.37305,545.87225,545.87225
546.40607,545.87225,545.87225
546.3641,545.87225,545.87225
546.415,545.87225,545.87225
546.3681,545.87225,545.87225
546.3868,545.87225,545.87225
546.5223,545.87225,545.87225
546.401,545.87225,545.87225
546.4614,545.87225,545.87225
546.34796,545.87225,545.87225
546.3935,545.87225,545.87225
546.7971,545.87256,545.87225
546.15204,545.87225,545.87225
546.50305,545.87225,545.87225
546.263,545.87225,545.87225
546.35126,545.87225,545.87225
546.3708,545.87225,545.87225
546.3896,545.87225,545.87225
546.2893,545.87225,545.87225
546.32837,545.87225,545.87225
546.3267,545.87225,545.87225
546.39764,545.87225,545.87225
546.36694,545.87225,545.87225
546.3876,545.87225,545.87225
546.37225,545.87225,545.87225
546.3876,545.87225,545.87225
546.4298,545.87225,545.87225
546.36194,545.87225,545.87225
546.42896,545.87225,545.87225
546.3681,545.87225,545.87225
546.38727,545.87225,545.87225
546.63556,545.87225,545.87225
546.2538,545.87225,545.87225
546.46783,545.87225,545.87225
546.31213,545.87225,545.87225
546.38086,545.87225,545.87225
546.37054,545.87225,545.87225
546.4958,545.87225,545.87225
546.4695,545.87225,545.87225
546.3273,545.87225,545.87225
546.4075,545.87225,545.87225
546.3547,545.87225,545.87225
546.39374,545.87225,545.87225
546.3672,545.87225,545.87225
546.43066,545.87225,545.87225
546.34766,545.87225,545.87225
546.35913,545.87225,545.87225
546.37866,545.87225,545.87225
546.3736,545.87225,545.87225
546.38477,545.87225,545.87225
546.56647,545.87225,545.87225
546.27026,545.87225,545.87225
546.45386,545.87225,545.87225
546.3236,545.87225,545.87225
546.3767,545.87225,545.87225
546.4832,545.87225,545.87225
546.3297,545.87225,545.87225
546.4111,545.87225,545.87225
546.3306,545.87225,545.87225
546.37,545.87225,545.87225
546.3868,545.87225,545.87225
546.4371,545.87225,545.87225
546.34705,545.87225,545.87225
546.39624,545.87225,545.87225
546.36664,545.87225,545.87225
546.3781,545.87225,545.87225
546.3753,545.87225,545.87225
546.38257,545.87225,545.87225
546.7851,545.87256,545.87225
546.1761,545.87225,545.87225
546.50806,545.87225,545.87225
546.2979,545.87225,545.87225
546.38727,545.87225,545.87225
546.4111,545.87225,545.87225
546.3904,545.87225,545.87225
546.3049,545.87225,545.87225
546.341,545.87225,545.87225
546.3247,545.87225,545.87225
546.4116,545.87225,545.87225
546.3689,545.87225,545.87225
546.4242,545.87225,545.87225
546.34796,545.87225,545.87225
546.3921,545.87225,545.87225
546.36945,545.87225,545.87225
546.4295,545.87225,545.87225
546.801,545.87256,545.87225
546.17053,545.87225,545.87225
546.4977,545.87225,545.87225
546.2968,545.87225,545.87225
546.37695,545.87225,545.87225
546.3736,545.87225,545.87225
546.42786,545.87225,545.87225
546.263,545.87225,545.87225
546.3641,545.87225,545.87225
546.32587,545.87225,545.87225
546.4007,545.87225,545.87225
546.3831,545.87225,545.87225
546.42145,545.87225,545.87225
546.37225,545.87225,545.87225
546.434,545.87225,545.87225
546.3714,545.87225,545.87225
546.3854,545.87225,545.87225
546.3912,545.87225,545.87225
546.36383,545.87225,545.87225
546.3862,545.87225,545.87225
546.37225,545.87225,545.87225
546.38983,545.87225,545.87225
546.35913,545.87225,545.87225
546.50525,545.87225,545.87225
546.53827,545.87225,545.87225
546.3222,545.87225,545.87225
546.4432,545.87225,545.87225
546.351,545.87225,545.87225
546.3697,545.87225,545.87225
546.4092,545.87225,545.87225
546.38116,545.87225,545.87225
546.3586,545.87225,545.87225
546.4387,545.87225,545.87225
546.3222,545.87225,545.87225
546.42505,545.87225,545.87225
546.3482,545.87225,545.87225
546.386,545.87225,545.87225
546.441,545.87225,545.87225
546.38007,545.87225,545.87225
546.3857,545.87225,545.87225
546.57733,545.87225,545.87225
546.2904,545.87225,545.87225
546.4488,545.87225,545.87225
546.3323,545.87225,545.87225
546.40247,545.87225,545.87225
546.3325,545.87225,545.87225
546.40436,545.87225,545.87225
572.71106,545.8815,545.87225
546.28424,545.87225,545.87225
546.3881,545.87225,545.87225
549.1589,545.87195,545.87225
546.55444,545.87225,545.87225
546.40216,545.87225,545.87225
546.37866,545.87225,545.87225
546.41614,545.87225,545.87225
546.3613,545.87225,545.87225
546.3876,545.87225,545.87225
546.3982,545.87225,545.87225
546.36304,545.87225,545.87225
546.4088,545.87225,545.87225
546.35266,545.87225,545.87225
546.39484,545.87225,545.87225
546.3909,545.87225,545.87225
546.365,545.87225,545.87225
546.45715,545.87225,545.87225
546.3518,545.87225,545.87225
546.4141,545.87225,545.87225
546.3574,545.87225,545.87225
546.3904,545.87225,545.87225
546.386,545.87225,545.87225
546.8206,545.87256,545.87225
546.1722,545.87225,545.87225
546.49854,545.87225,545.87225
546.29144,545.87225,545.87225
546.39966,545.87225,545.87225
546.4027,545.87225,545.87225
546.3714,545.87225,545.87225
546.3093,545.87225,545.87225
546.31104,545.87225,545.87225
546.365,545.87225,545.87225
546.3613,545.87225,545.87225
546.3991,545.87225,545.87225
546.3613,545.87225,545.87225
546.6302,545.87225,545.87225
546.2471,545.87225,545.87225
546.48883,545.87225,545.87225
546.3337,545.87225,545.87225
546.3678,545.87225,545.87225
546.4046,545.87225,545.87225
546.3795,545.87225,545.87225
546.3524,545.87225,545.87225
546.3803,545.87225,545.87225
546.3418,545.87225,545.87225
546.58124,545.87225,545.87225
546.2772,545.87225,545.87225
546.44543,545.87225,545.87225
546.3418,545.87225,545.87225
546.38257,545.87225,545.87225
546.38477,545.87225,545.87225
547.4645,545.87256,545.87225
546.0049,545.87225,545.87225
546.3885,545.87225,545.87225
548.2802,545.87195,545.87225
546.32275,545.87225,545.87225
546.25574,545.87225,545.87225
546.36304,545.87225,545.87225
547.97253,545.87225,545.87225
546.2222,545.87225,545.87225
549.79877,545.87195,545.87225
546.36835,545.87225,545.87225
546.38904,545.87225,545.87225
546.3818,545.87225,545.87225
546.36383,545.87225,545.87225
546.37646,545.87225,545.87225
546.40326,545.87225,545.87225
546.4178,545.87225,545.87225
546.387,545.87225,545.87225
546.384,545.87225,545.87225
546.829,545.87256,545.87225
546.16077,545.87225,545.87225
546.4958,545.87225,545.87225
546.69727,545.87225,545.87225
546.12915,545.87225,545.87225
546.7672,545.87256,545.87225
546.2024,545.87225,545.87225
546.498,545.87225,545.87225
546.1864,545.87225,545.87225
546.3577,545.87225,545.87225
546.5623,545.87225,545.87225
546.5217,545.87225,545.87225
546.2716,545.87225,545.87225
546.3753,545.87225,545.87225
546.3557,545.87225,545.87225
546.5206,545.87225,545.87225
546.28894,545.87225,545.87225
546.4387,545.87225,545.87225
546.3362,545.87225,545.87225
546.3247,545.87225,545.87225
546.4393,545.87225,545.87225
546.6836,545.87256,545.87225
546.2135,545.87225,545.87225
546.4648,545.87225,545.87225
546.29315,545.87225,545.87225
546.38007,545.87225,545.87225
546.3823,545.87225,545.87225
546.37976,545.87225,545.87225
546.30994,545.87225,545.87225
546.42004,545.87225,545.87225
546.3054,545.87225,545.87225
546.43066,545.87225,545.87225
546.37256,545.87225,545.87225
546.386,545.87225,545.87225
546.43066,545.87225,545.87225
546.83466,545.87256,545.87225
546.1431,545.87225,545.87225
546.49744,545.87225,545.87225
546.3015,545.87225,545.87225
546.3814,545.87225,545.87225
546.3647,545.87225,545.87225
546.3792,545.87225,545.87225
546.4698,545.87225,545.87225
546.2269,545.87225,545.87225
546.4404,545.87225,545.87225
546.3239,545.87225,545.87225
546.39233,545.87225,545.87225
546.3588,545.87225,545.87225
546.6478,545.87225,545.87225
546.2264,545.87225,545.87225
546.45715,545.87225,545.87225
546.2951,545.87225,545.87225
546.42474,545.87225,545.87225
546.34125,545.87225,545.87225
546.40546,545.87225,545.87225
546.3535,545.87225,545.87225
546.3426,545.87225,545.87225
546.37506,545.87225,545.87225
546.38367,545.87225,545.87225
546.37726,545.87225,545.87225
546.44543,545.87225,545.87225
546.3767,545.87225,545.87225
546.3991,545.87225,545.87225
546.3829,545.87225,545.87225
546.37726,545.87225,545.87225
546.3868,545.87225,545.87225
546.4284,545.87225,545.87225
546.3633,545.87225,545.87225
546.6255,545.87225,545.87225
546.45465,545.87225,545.87225
546.3351,545.87225,545.87225
546.439,545.87225,545.87225
546.3091,545.87225,545.87225
546.55194,545.87225,545.87225
546.29626,545.87225,545.87225
546.51166,545.87225,545.87225
546.2239,545.87225,545.87225
546.4907,545.87225,545.87225
546.2836,545.87225,545.87225
546.4605,545.87225,545.87225
546.32806,545.87225,545.87225
546.3991,545.87225,545.87225
546.33093,545.87225,545.87225
546.40125,545.87225,545.87225
546.37585,545.87225,545.87225
546.3622,545.87225,545.87225
546.3921,545.87225,545.87225
546.4002,545.87225,545.87225
546.36664,545.87225,545.87225
546.4393,545.87225,545.87225
546.4167,545.87225,545.87225
546.3795,545.87225,545.87225
546.4301,545.87225,545.87225
546.3714,545.87225,545.87225
546.401,545.87225,545.87225
546.3784,545.87225,545.87225
546.3814,545.87225,545.87225
546.4119,545.87225,545.87225
546.3541,545.87225,545.87225
546.3879,545.87225,545.87225
546.36633,545.87225,545.87225
546.418,545.87225,545.87225
546.35547,545.87225,545.87225
546.50946,545.87225,545.87225
546.3172,545.87225,545.87225
546.7549,545.87256,545.87225
546.218,545.87225,545.87225
546.4708,545.87225,545.87225
546.4379,545.87225,545.87225
546.56757,545.87225,545.87225
546.7113,545.87256,545.87225
546.53796,545.87225,545.87225
546.22504,545.87225,545.87225
546.5791,545.87256,545.87225
546.20685,545.87225,545.87225
546.41583,545.87225,545.87225
546.3297,545.87225,545.87225
546.3236,545.87225,545.87225
546.47034,545.87225,545.87225
546.1456,545.87225,545.87225
546.68726,545.87256,545.87225
546.1605,545.87225,545.87225
546.515,545.87225,545.87225
546.27856,545.87225,545.87225
546.5372,545.87225,545.87225
546.2747,545.87225,545.87225
546.4119,545.87225,545.87225
546.2566,545.87225,545.87225
546.34125,545.87225,545.87225
546.3504,545.87225,545.87225
546.372,545.87225,545.87225
546.3607,545.87225,545.87225
546.7205,545.87256,545.87225
546.18475,545.87225,545.87225
546.5086,545.87225,545.87225
546.45605,545.87225,545.87225
546.3172,545.87225,545.87225
546.4295,545.87225,545.87225
546.35376,545.87225,545.87225
546.34515,545.87225,545.87225
546.3236,545.87225,545.87225
546.3605,545.87225,545.87225
546.34766,545.87225,545.87225
546.3415,545.87225,545.87225
546.5587,545.87225,545.87225
546.2926,545.87225,545.87225
546.5064,545.87225,545.87225
