65.48123,121.83639,177.48853
160.23965,73.47678,449.10428
942.7159,2880.1902,438.08624
641.6449,232.51198,749.46423
273.72897,1299.7778,319.35544
1034.8574,382.7373,151.54794
204.01486,700.9621,55.13455
79.87707,71.64048,57.204136
49.51334,78.12413,112.56454
157.5035,1649.8822,1187.3176
1291.0457,1901.6377,295.39594
650.4326,104.73947,84.93825
16.273676,525.77527,43.448833
119.903076,174.602,793.0735
176.76483,2952.9814,488.1248
544.91425,238.58191,411.88126
198.56932,726.77966,60.17008
433.5348,79.22224,293.2259
239.83656,2.9307196,59.649944
1584.1775,90.10035,27.770092
102.8661,53.200542,4.609923
1932.4971,65.42323,1636.6866
111.05746,598.2841,2080.0068
2045.7418,472.7927,13.290458
57.541397,341.0038,49.241035
393.4002,281.97644,126.79683
51.83385,116.89427,1492.607
63.710487,1218.508,343.56494
744.0782,1094.4153,88.709404
218.57585,697.78723,73.529335
60.36211,243.53206,1200.9774
2073.4287,1972.5579,521.5415
34.12885,178.00919,168.65547
49.340878,163.47581,366.51627
12.856217,40.696484,2515.8066
150.69182,451.5908,525.04803
1069.0536,804.27185,1520.0372
413.98862,1834.0436,63.475384
327.84772,771.8847,137.96645
1685.3484,1968.688,790.3969
1018.9085,2832.078,440.4726
330.76706,77.65918,562.71216
367.2664,1689.7759,938.0924
1210.5636,2634.6975,188.72284
873.6824,1626.7611,1543.237
80.8464,28.17055,2547.4531
2639.568,2814.5654,740.6752
1210.5804,258.76657,1118.195
57.361572,156.09424,2620.727
516.4281,788.94635,35.03978
2045.055,175.42915,1554.2089
32.312057,391.82703,126.95046
220.67317,65.907104,204.88545
126.41415,696.7052,1200.2844
333.93964,698.50195,181.5588
1109.333,59.717056,479.82318
230.14293,1931.5256,1272.1766
588.074,3014.4023,17.280148
1439.2748,686.59143,53.09958
717.0055,188.25002,2763.3718
738.74603,2319.4744,1379.0605
2090.0894,898.3387,664.19165
965.7267,272.13043,1071.1229
282.89197,394.96497,1537.2399
181.03915,394.09937,70.27956
97.76979,1943.1124,2163.9473
132.76932,2583.8804,25.501686
187.93785,210.47443,366.5479
116.463455,1627.4077,38.981842
98.28722,1849.6808,661.0056
176.68892,102.51938,83.52107
936.4364,887.9334,897.3294
1044.1154,2237.3982,1400.7124
71.83182,787.0807,8.922968
937.7783,456.36075,130.79369
2312.4214,239.17273,289.49457
17.705107,73.92664,641.1652
1714.7758,2947.43,81.75293
2608.0083,251.35565,157.96233
288.75702,20.121042,852.81305
1379.2092,381.3713,513.409
564.0983,425.15186,498.9785
15.003037,2468.8125,72.45717
83.217545,80.032555,1525.1248
122.486374,1382.7026,67.33412
250.9229,622.4878,1874.836
332.43484,101.10573,140.40671
427.8847,242.42668,432.7551
709.0438,131.49841,445.27155
8.09423,205.36441,384.34058
912.97864,110.80664,113.33798
2120.3286,324.92743,1656.351
655.1738,178.26933,830.1435
204.40822,763.3888,436.97742
1617.0198,1841.2567,354.2809
802.4304,396.8519,59.17447
29.985218,17.344515,246.0081
204.7851,339.25397,20.780022
337.08844,53.872715,65.176414
645.2873,732.57574,69.40919
511.6883,584.4308,415.84833
2145.5945,193.03967,78.09278
179.12404,1115.9613,644.60913
172.14465,104.06455,608.7372
180.65562,32.088234,130.75482
155.80435,682.24915,802.6289
35.87504,201.218,877.2743
36.172646,2595.1602,1035.4292
1738.4163,1395.388,135.73059
18.232706,2511.0007,786.62897
22.467432,23.915865,470.43216
267.116,172.81783,1589.3069
357.87317,669.20416,1231.9707
1294.1067,38.958767,1156.2964
53.742855,191.98312,318.12115
153.073,2188.8567,166.86569
619.47845,327.9514,402.1131
1736.5638,745.4897,488.70355
1803.0504,109.32437,187.20465
1537.4778,349.37756,1379.5704
581.52655,360.6688,177.71199
152.38597,305.75098,1026.5145
152.9499,805.86115,580.391
2595.7993,230.97847,37.48871
634.9303,810.89703,442.50647
9.519206,2912.841,720.1853
1673.025,112.41101,270.55954
78.794,1851.7642,882.2683
63.63321,1678.3623,1046.191
32.52211,455.74762,52.466244
168.20552,211.70686,918.1067
615.4519,152.91853,34.429302
2791.1848,253.45285,79.01359
2516.389,33.911316,416.0715
1986.1072,195.7858,206.46715
220.3634,11.259003,1779.4812
81.822716,755.4432,952.71967
2245.065,617.2767,538.72516
252.4314,609.02435,615.34515
82.237114,539.08026,80.34281
100.85307,207.18422,56.392746
469.28143,536.2314,111.2442
445.81613,669.4848,1213.2594
1211.1082,145.16418,288.14774
371.87225,2955.9849,317.32828
276.7626,391.4472,11.415207
718.7756,2.2934916,2600.514
2428.8418,107.436386,1250.7561
469.7149,1040.733,1648.6371
103.118126,38.25458,1494.4124
1391.8461,827.37836,1908.9845
129.6618,10.980662,601.6476
129.16293,300.73514,2594.3994
35.680542,1865.8733,236.22215
71.88236,874.09436,259.44556
126.4869,2769.6843,4.083579
689.61365,195.01724,604.4294
87.696495,491.3975,11.491125
289.04053,1270.5543,493.4017
145.69795,570.4452,738.05
70.34357,309.9793,603.2201
82.4601,118.72929,507.8413
841.00415,567.40393,2032.7782
115.45,164.97694,92.98709
6.077329,26.229156,117.99977
9.528504,1763.2535,122.66473
506.80994,863.3384,727.14954
633.91437,594.94696,1221.6571
43.203415,1325.629,11.893829
226.9259,106.34801,596.4809
399.5452,1550.6827,343.89145
39.35543,1494.3895,792.41077
45.63438,447.89273,208.37376
941.96484,603.48895,139.81335
2442.6606,218.26064,1307.0493
561.5649,350.50327,79.96702
784.22363,1172.3031,51.94487
1001.8871,482.67963,300.32736
2431.6294,54.63785,201.18858
333.71454,218.03418,695.55096
562.017,1656.6373,2701.454
897.75214,1736.0977,132.92961
1209.6581,450.2024,91.35898
395.82407,398.6368,109.342384
102.49681,59.376595,221.38397
170.91142,31.487978,425.22192
108.955505,86.94586,308.98135
215.77574,86.33799,890.92126
260.33017,375.745,266.2965
333.35522,2165.5234,320.46985
182.11731,63.056404,171.08475
112.24381,106.53414,131.37794
184.15004,2016.0093,2545.7634
377.99637,954.635,333.66907
91.47525,47.50756,68.61524
651.1866,649.45886,849.46277
1529.5094,2465.9324,2246.0684
2236.2102,290.44894,1609.5233
932.2213,132.85455,1891.2725
271.098,1330.781,127.43698
1769.9105,138.15611,2689.1033
31.261038,1959.3811,44.5838
64.143776,303.73782,29.056116
427.68896,767.1066,184.39415
379.0999,534.34564,1542.9827
25.267977,626.7523,38.884693
148.05501,48.348637,1223.659
63.862488,1743.4869,711.56525
351.60608,309.5057,761.30615
95.97885,152.66216,253.35257
309.9256,61.434647,280.8815
448.7951,105.33587,1657.3258
725.59045,1271.9213,42.078987
20.688116,2122.4297,1552.2423
886.735,42.232426,243.42534
439.44617,1155.3564,32.80285
220.54588,76.11139,311.13187
148.70546,368.95126,41.59404
54.47257,1289.5476,36.927963
1867.3992,2783.5254,432.30972
2330.1887,1856.2738,511.2969
971.1982,154.38489,328.9352
282.15872,679.4654,65.74311
61.16908,846.60614,966.7222
427.66113,2063.7495,711.14716
2882.8435,259.66684,2692.2224
663.8152,121.96246,807.79877
9.057671,114.36684,407.02338
95.62346,296.91916,35.52405
276.7767,425.80054,15.864017
94.648994,2284.6333,162.70444
36.124924,76.17409,1638.8231
1703.8169,135.65271,47.091198
242.90065,3012.6062,152.09312
885.13763,296.81604,147.35338
520.84106,1579.2045,687.02936
57.755203,656.3801,30.684572
737.7901,280.576,401.39447
92.59404,2832.8015,126.19377
471.64484,19.880583,686.6464
1620.0876,1554.5336,107.64861
1682.9952,480.1767,124.20453
371.88852,1818.4614,114.796524
2996.452,31.147446,389.75702
631.9295,416.34323,107.90468
464.30838,49.58183,251.85374
298.6196,36.22854,1754.312
385.2738,1211.0597,660.71484
1158.1527,1011.3056,111.02921
4.4160323,1073.2675,129.02797
147.16393,610.2004,170.28214
54.75399,140.1551,834.1479
112.88927,316.8222,941.9933
89.073906,710.55414,271.75946
1964.9728,199.20934,2264.6633
138.3802,269.06128,315.36154
18.737919,10.412485,457.05566
2027.3938,201.84267,180.55908
1069.4868,1783.1323,1020.6431
2683.91,972.7013,636.1992
344.98364,341.42838,1356.3077
678.51416,1069.5162,436.37686
2066.953,346.0768,418.3321
127.94612,335.06015,90.02135
157.29082,1204.806,153.5007
8.957421,2349.374,517.70087
137.13953,184.34422,105.99832
41.205498,1901.729,289.40387
1593.1891,929.5747,628.18555
594.51294,527.36346,1238.7183
478.99658,442.96207,1840.9606
403.4983,203.68748,1273.1453
357.3838,49.03149,2486.0088
55.607903,26.417442,306.44843
202.06602,97.63274,273.22223
342.8976,93.26653,448.14612
27.243488,62.22734,88.97218
767.2961,104.11739,172.08992
493.8326,271.85727,1213.0803
590.32825,645.5521,757.7195
1030.8127,33.90067,554.2462
1101.5948,120.610435,519.86523
295.45633,411.71933,83.547775
181.73744,44.881523,744.17035
908.2827,393.7468,278.35193
167.81068,981.3472,221.40947
576.1272,487.83054,80.00198
431.08603,381.60272,160.53288
2562.647,61.596554,2313.7112
1045.8492,2874.8599,277.02316
325.43665,1304.2944,1147.2017
341.89,576.94965,167.54439
810.333,628.9398,235.07227
363.9306,1790.954,136.8441
1092.4863,27.356264,190.92969
384.5182,1420.2302,493.67078
106.33445,169.85742,120.83873
241.65334,2036.1736,1068.4238
255.93607,2084.5046,657.4463
129.80678,26.139061,46.94995
94.91347,27.015135,37.4667
334.75708,1563.9071,57.633198
49.213562,798.8661,1078.6844
7.9189963,424.32025,156.33168
21.466312,2252.8423,657.2985
183.56073,2108.0073,151.90758
51.932186,1205.7714,145.42006
319.12488,810.14685,141.88887
27.232704,9.294894,285.2416
63.90626,433.90744,1030.3174
1567.239,589.2542,287.72745
341.63165,64.50383,1758.2445
533.40607,630.0658,300.78867
74.61237,961.62036,601.249
301.75986,611.44073,213.3607
122.123,311.50696,774.28156
1582.7584,2241.6208,600.83075
2506.4504,569.4124,175.8748
318.38013,121.72653,70.34883
203.55217,70.17626,237.121
82.87854,98.75624,3007.8809
204.94968,1751.8833,1420.2058
36.67494,996.87726,111.5431
267.96915,118.602615,41.37636
229.9185,837.46155,187.99245
2486.8176,300.9633,141.2127
891.4089,1081.6553,706.8381
945.75037,230.57796,33.709602
2593.2598,2519.0813,175.11578
525.03284,70.67152,704.4444
18.22391,32.729668,147.90622
2378.2307,78.274864,269.75323
71.552284,35.89924,985.3902
1403.2676,1183.292,819.2537
208.19319,214.35266,2992.1423
96.102196,404.53766,230.05351
1685.5834,1210.9933,572.62683
568.4262,1079.1067,330.51746
165.76639,1598.4214,245.79958
108.07614,310.49493,150.1437
123.72627,77.85628,132.93173
169.91328,1261.3392,464.80994
446.30615,2427.268,501.9612
208.68642,602.7831,17.124434
838.8544,431.60577,179.02815
253.64713,54.410954,371.0164
270.09515,1258.4138,31.190395
204.5277,754.6747,1757.4177
123.2549,632.0971,69.19454
2798.0874,191.55899,152.58109
107.6099,182.028,1946.3735
2889.767,127.0186,511.35358
1013.81586,159.16664,1248.1401
1158.2788,2173.0605,78.16413
52.145504,79.33431,427.70615
101.03021,506.6434,1379.3752
1818.322,251.26663,1462.247
254.26776,172.16609,45.337006
2037.1259,107.57655,424.8038
205.16914,77.10364,2578.1223
705.0281,306.239,53.75285
554.6319,324.44562,1282.9075
578.10693,941.11957,108.839035
1947.6437,98.36633,55.177357
167.76474,419.76105,637.4318
