[  71.  167.  204. 1507.   36.  581. 1025.  214.  182.   22.  312.  211.
  725.  342.  238.]
[ 167.  204. 1507.   36.  581. 1025.  214.  182.   22.  312.  211.  725.
  342.  238. 1684.]
[ 204. 1507.   36.  581. 1025.  214.  182.   22.  312.  211.  725.  342.
  238. 1684.  130.]
[1507.   36.  581. 1025.  214.  182.   22.  312.  211.  725.  342.  238.
 1684.  130. 1838.]
[  36.  581. 1025.  214.  182.   22.  312.  211.  725.  342.  238. 1684.
  130. 1838.  288.]
[ 581. 1025.  214.  182.   22.  312.  211.  725.  342.  238. 1684.  130.
 1838.  288. 1910.]
[1025.  214.  182.   22.  312.  211.  725.  342.  238. 1684.  130. 1838.
  288. 1910. 2405.]
[ 214.  182.   22.  312.  211.  725.  342.  238. 1684.  130. 1838.  288.
 1910. 2405.   88.]
[ 182.   22.  312.  211.  725.  342.  238. 1684.  130. 1838.  288. 1910.
 2405.   88.   32.]
[  22.  312.  211.  725.  342.  238. 1684.  130. 1838.  288. 1910. 2405.
   88.   32.  129.]
[ 312.  211.  725.  342.  238. 1684.  130. 1838.  288. 1910. 2405.   88.
   32.  129. 8067.]
[ 211.  725.  342.  238. 1684.  130. 1838.  288. 1910. 2405.   88.   32.
  129. 8067.  132.]
[ 725.  342.  238. 1684.  130. 1838.  288. 1910. 2405.   88.   32.  129.
 8067.  132.   70.]
[ 342.  238. 1684.  130. 1838.  288. 1910. 2405.   88.   32.  129. 8067.
  132.   70.  178.]
[ 238. 1684.  130. 1838.  288. 1910. 2405.   88.   32.  129. 8067.  132.
   70.  178.  173.]
[1684.  130. 1838.  288. 1910. 2405.   88.   32.  129. 8067.  132.   70.
  178.  173. 7141.]
[ 130. 1838.  288. 1910. 2405.   88.   32.  129. 8067.  132.   70.  178.
  173. 7141.  138.]
[1838.  288. 1910. 2405.   88.   32.  129. 8067.  132.   70.  178.  173.
 7141.  138. 1438.]
[ 288. 1910. 2405.   88.   32.  129. 8067.  132.   70.  178.  173. 7141.
  138. 1438. 1080.]
[1910. 2405.   88.   32.  129. 8067.  132.   70.  178.  173. 7141.  138.
 1438. 1080.  582.]
[2405.   88.   32.  129. 8067.  132.   70.  178.  173. 7141.  138. 1438.
 1080.  582.   96.]
[  88.   32.  129. 8067.  132.   70.  178.  173. 7141.  138. 1438. 1080.
  582.   96.  508.]
[  32.  129. 8067.  132.   70.  178.  173. 7141.  138. 1438. 1080.  582.
   96.  508.   86.]
[ 129. 8067.  132.   70.  178.  173. 7141.  138. 1438. 1080.  582.   96.
  508.   86.  189.]
[8067.  132.   70.  178.  173. 7141.  138. 1438. 1080.  582.   96.  508.
   86.  189.  117.]
[ 132.   70.  178.  173. 7141.  138. 1438. 1080.  582.   96.  508.   86.
  189.  117.   19.]
[  70.  178.  173. 7141.  138. 1438. 1080.  582.   96.  508.   86.  189.
  117.   19.   17.]
[ 178.  173. 7141.  138. 1438. 1080.  582.   96.  508.   86.  189.  117.
   19.   17.  114.]
[ 173. 7141.  138. 1438. 1080.  582.   96.  508.   86.  189.  117.   19.
   17.  114. 1780.]
[7141.  138. 1438. 1080.  582.   96.  508.   86.  189.  117.   19.   17.
  114. 1780.   98.]
[ 138. 1438. 1080.  582.   96.  508.   86.  189.  117.   19.   17.  114.
 1780.   98. 5756.]
[1438. 1080.  582.   96.  508.   86.  189.  117.   19.   17.  114. 1780.
   98. 5756. 3464.]
[1080.  582.   96.  508.   86.  189.  117.   19.   17.  114. 1780.   98.
 5756. 3464.  601.]
[ 582.   96.  508.   86.  189.  117.   19.   17.  114. 1780.   98. 5756.
 3464.  601.  333.]
[  96.  508.   86.  189.  117.   19.   17.  114. 1780.   98. 5756. 3464.
  601.  333. 1663.]
[ 508.   86.  189.  117.   19.   17.  114. 1780.   98. 5756. 3464.  601.
  333. 1663.  218.]
[  86.  189.  117.   19.   17.  114. 1780.   98. 5756. 3464.  601.  333.
 1663.  218.  746.]
[ 189.  117.   19.   17.  114. 1780.   98. 5756. 3464.  601.  333. 1663.
  218.  746. 3028.]
[ 117.   19.   17.  114. 1780.   98. 5756. 3464.  601.  333. 1663.  218.
  746. 3028. 6877.]
[  19.   17.  114. 1780.   98. 5756. 3464.  601.  333. 1663.  218.  746.
 3028. 6877. 2263.]
[  17.  114. 1780.   98. 5756. 3464.  601.  333. 1663.  218.  746. 3028.
 6877. 2263.  455.]
[ 114. 1780.   98. 5756. 3464.  601.  333. 1663.  218.  746. 3028. 6877.
 2263.  455.  190.]
[1780.   98. 5756. 3464.  601.  333. 1663.  218.  746. 3028. 6877. 2263.
  455.  190.  241.]
[  98. 5756. 3464.  601.  333. 1663.  218.  746. 3028. 6877. 2263.  455.
  190.  241.  499.]
[5756. 3464.  601.  333. 1663.  218.  746. 3028. 6877. 2263.  455.  190.
  241.  499. 8040.]
[3464.  601.  333. 1663.  218.  746. 3028. 6877. 2263.  455.  190.  241.
  499. 8040.  575.]
[ 601.  333. 1663.  218.  746. 3028. 6877. 2263.  455.  190.  241.  499.
 8040.  575.  407.]
[ 333. 1663.  218.  746. 3028. 6877. 2263.  455.  190.  241.  499. 8040.
  575.  407. 2673.]
[1663.  218.  746. 3028. 6877. 2263.  455.  190.  241.  499. 8040.  575.
  407. 2673.  205.]
[ 218.  746. 3028. 6877. 2263.  455.  190.  241.  499. 8040.  575.  407.
 2673.  205.  838.]
[ 746. 3028. 6877. 2263.  455.  190.  241.  499. 8040.  575.  407. 2673.
  205.  838. 1672.]
[3028. 6877. 2263.  455.  190.  241.  499. 8040.  575.  407. 2673.  205.
  838. 1672. 4686.]
[6877. 2263.  455.  190.  241.  499. 8040.  575.  407. 2673.  205.  838.
 1672. 4686. 1551.]
[2263.  455.  190.  241.  499. 8040.  575.  407. 2673.  205.  838. 1672.
 4686. 1551.   16.]
[ 455.  190.  241.  499. 8040.  575.  407. 2673.  205.  838. 1672. 4686.
 1551.   16.  213.]
[1.900e+02 2.410e+02 4.990e+02 8.040e+03 5.750e+02 4.070e+02 2.673e+03
 2.050e+02 8.380e+02 1.672e+03 4.686e+03 1.551e+03 1.600e+01 2.130e+02
 7.000e+00]
[2.410e+02 4.990e+02 8.040e+03 5.750e+02 4.070e+02 2.673e+03 2.050e+02
 8.380e+02 1.672e+03 4.686e+03 1.551e+03 1.600e+01 2.130e+02 7.000e+00
 1.663e+03]
[4.990e+02 8.040e+03 5.750e+02 4.070e+02 2.673e+03 2.050e+02 8.380e+02
 1.672e+03 4.686e+03 1.551e+03 1.600e+01 2.130e+02 7.000e+00 1.663e+03
 4.350e+02]
[8.040e+03 5.750e+02 4.070e+02 2.673e+03 2.050e+02 8.380e+02 1.672e+03
 4.686e+03 1.551e+03 1.600e+01 2.130e+02 7.000e+00 1.663e+03 4.350e+02
 4.412e+03]
[ 575.  407. 2673.  205.  838. 1672. 4686. 1551.   16.  213.    7. 1663.
  435. 4412.   85.]
[ 407. 2673.  205.  838. 1672. 4686. 1551.   16.  213.    7. 1663.  435.
 4412.   85.  172.]
[2673.  205.  838. 1672. 4686. 1551.   16.  213.    7. 1663.  435. 4412.
   85.  172. 4367.]
[ 205.  838. 1672. 4686. 1551.   16.  213.    7. 1663.  435. 4412.   85.
  172. 4367.  159.]
[ 838. 1672. 4686. 1551.   16.  213.    7. 1663.  435. 4412.   85.  172.
 4367.  159.  182.]
[1672. 4686. 1551.   16.  213.    7. 1663.  435. 4412.   85.  172. 4367.
  159.  182.   49.]
[4686. 1551.   16.  213.    7. 1663.  435. 4412.   85.  172. 4367.  159.
  182.   49.  119.]
[1551.   16.  213.    7. 1663.  435. 4412.   85.  172. 4367.  159.  182.
   49.  119.  302.]
[  16.  213.    7. 1663.  435. 4412.   85.  172. 4367.  159.  182.   49.
  119.  302.  125.]
[ 213.     7.  1663.   435.  4412.    85.   172.  4367.   159.   182.
   49.   119.   302.   125.   221.5]
[   7.  1663.   435.  4412.    85.   172.  4367.   159.   182.    49.
  119.   302.   125.   221.5   90. ]
[1663.   435.  4412.    85.   172.  4367.   159.   182.    49.   119.
  302.   125.   221.5   90.  2951. ]
[ 435.  4412.    85.   172.  4367.   159.   182.    49.   119.   302.
  125.   221.5   90.  2951.   125. ]
[4412.    85.   172.  4367.   159.   182.    49.   119.   302.   125.
  221.5   90.  2951.   125.   118. ]
[  85.   172.  4367.   159.   182.    49.   119.   302.   125.   221.5
   90.  2951.   125.   118.    66. ]
[ 172.  4367.   159.   182.    49.   119.   302.   125.   221.5   90.
 2951.   125.   118.    66.    56. ]
[4367.   159.   182.    49.   119.   302.   125.   221.5   90.  2951.
  125.   118.    66.    56.   130. ]
[ 159.   182.    49.   119.   302.   125.   221.5   90.  2951.   125.
  118.    66.    56.   130.    47. ]
[ 182.    49.   119.   302.   125.   221.5   90.  2951.   125.   118.
   66.    56.   130.    47.   124. ]
[  49.   119.   302.   125.   221.5   90.  2951.   125.   118.    66.
   56.   130.    47.   124.    78. ]
[ 119.   302.   125.   221.5   90.  2951.   125.   118.    66.    56.
  130.    47.   124.    78.    61. ]
[ 302.   125.   221.5   90.  2951.   125.   118.    66.    56.   130.
   47.   124.    78.    61.   138. ]
[ 125.   221.5   90.  2951.   125.   118.    66.    56.   130.    47.
  124.    78.    61.   138.  1000. ]
[ 221.5   90.  2951.   125.   118.    66.    56.   130.    47.   124.
   78.    61.   138.  1000.   147. ]
[  90. 2951.  125.  118.   66.   56.  130.   47.  124.   78.   61.  138.
 1000.  147.   73.]
[2951.  125.  118.   66.   56.  130.   47.  124.   78.   61.  138. 1000.
  147.   73.   82.]
[ 125.  118.   66.   56.  130.   47.  124.   78.   61.  138. 1000.  147.
   73.   82.   51.]
[ 118.   66.   56.  130.   47.  124.   78.   61.  138. 1000.  147.   73.
   82.   51.  646.]
[  66.   56.  130.   47.  124.   78.   61.  138. 1000.  147.   73.   82.
   51.  646.   37.]
[  56.  130.   47.  124.   78.   61.  138. 1000.  147.   73.   82.   51.
  646.   37.  140.]
[ 130.   47.  124.   78.   61.  138. 1000.  147.   73.   82.   51.  646.
   37.  140. 7411.]
[  47.  124.   78.   61.  138. 1000.  147.   73.   82.   51.  646.   37.
  140. 7411.   82.]
[ 124.   78.   61.  138. 1000.  147.   73.   82.   51.  646.   37.  140.
 7411.   82.  102.]
[  78.   61.  138. 1000.  147.   73.   82.   51.  646.   37.  140. 7411.
   82.  102.  281.]
[  61.  138. 1000.  147.   73.   82.   51.  646.   37.  140. 7411.   82.
  102.  281.   35.]
[ 138. 1000.  147.   73.   82.   51.  646.   37.  140. 7411.   82.  102.
  281.   35. 3246.]
[1000.  147.   73.   82.   51.  646.   37.  140. 7411.   82.  102.  281.
   35. 3246.  356.]
[ 147.   73.   82.   51.  646.   37.  140. 7411.   82.  102.  281.   35.
 3246.  356.  139.]
[  73.   82.   51.  646.   37.  140. 7411.   82.  102.  281.   35. 3246.
  356.  139.   34.]
[  82.   51.  646.   37.  140. 7411.   82.  102.  281.   35. 3246.  356.
  139.   34.  581.]
[  51.  646.   37.  140. 7411.   82.  102.  281.   35. 3246.  356.  139.
   34.  581.  118.]
[ 646.   37.  140. 7411.   82.  102.  281.   35. 3246.  356.  139.   34.
  581.  118.   86.]
[  37.  140. 7411.   82.  102.  281.   35. 3246.  356.  139.   34.  581.
  118.   86.   67.]
[ 140. 7411.   82.  102.  281.   35. 3246.  356.  139.   34.  581.  118.
   86.   67.  283.]
[7411.   82.  102.  281.   35. 3246.  356.  139.   34.  581.  118.   86.
   67.  283.   44.]
[  82.  102.  281.   35. 3246.  356.  139.   34.  581.  118.   86.   67.
  283.   44.  203.]
[ 102.  281.   35. 3246.  356.  139.   34.  581.  118.   86.   67.  283.
   44.  203.  184.]
[ 281.   35. 3246.  356.  139.   34.  581.  118.   86.   67.  283.   44.
  203.  184. 4546.]
[  35. 3246.  356.  139.   34.  581.  118.   86.   67.  283.   44.  203.
  184. 4546.  120.]
[3246.  356.  139.   34.  581.  118.   86.   67.  283.   44.  203.  184.
 4546.  120.   62.]
[ 356.  139.   34.  581.  118.   86.   67.  283.   44.  203.  184. 4546.
  120.   62. 2159.]
[ 139.   34.  581.  118.   86.   67.  283.   44.  203.  184. 4546.  120.
   62. 2159.   89.]
[  34.  581.  118.   86.   67.  283.   44.  203.  184. 4546.  120.   62.
 2159.   89.   50.]
[ 581.  118.   86.   67.  283.   44.  203.  184. 4546.  120.   62. 2159.
   89.   50.  542.]
[ 118.   86.   67.  283.   44.  203.  184. 4546.  120.   62. 2159.   89.
   50.  542.  116.]
[  86.   67.  283.   44.  203.  184. 4546.  120.   62. 2159.   89.   50.
  542.  116.  118.]
[  67.  283.   44.  203.  184. 4546.  120.   62. 2159.   89.   50.  542.
  116.  118.   84.]
[ 283.   44.  203.  184. 4546.  120.   62. 2159.   89.   50.  542.  116.
  118.   84. 1463.]
[  44.  203.  184. 4546.  120.   62. 2159.   89.   50.  542.  116.  118.
   84. 1463. 3562.]
[ 203.  184. 4546.  120.   62. 2159.   89.   50.  542.  116.  118.   84.
 1463. 3562.  107.]
[ 184. 4546.  120.   62. 2159.   89.   50.  542.  116.  118.   84. 1463.
 3562.  107. 2460.]
[4546.  120.   62. 2159.   89.   50.  542.  116.  118.   84. 1463. 3562.
  107. 2460. 7570.]
[ 120.   62. 2159.   89.   50.  542.  116.  118.   84. 1463. 3562.  107.
 2460. 7570.   48.]
[  62. 2159.   89.   50.  542.  116.  118.   84. 1463. 3562.  107. 2460.
 7570.   48.   80.]
[2159.   89.   50.  542.  116.  118.   84. 1463. 3562.  107. 2460. 7570.
   48.   80.  163.]
[  89.   50.  542.  116.  118.   84. 1463. 3562.  107. 2460. 7570.   48.
   80.  163.  103.]
[  50.  542.  116.  118.   84. 1463. 3562.  107. 2460. 7570.   48.   80.
  163.  103.   89.]
[ 542.  116.  118.   84. 1463. 3562.  107. 2460. 7570.   48.   80.  163.
  103.   89. 6129.]
[ 116.  118.   84. 1463. 3562.  107. 2460. 7570.   48.   80.  163.  103.
   89. 6129.  352.]
[ 118.   84. 1463. 3562.  107. 2460. 7570.   48.   80.  163.  103.   89.
 6129.  352.   67.]
[  84. 1463. 3562.  107. 2460. 7570.   48.   80.  163.  103.   89. 6129.
  352.   67.   94.]
[1463. 3562.  107. 2460. 7570.   48.   80.  163.  103.   89. 6129.  352.
   67.   94.   34.]
[3562.  107. 2460. 7570.   48.   80.  163.  103.   89. 6129.  352.   67.
   94.   34.  127.]
[ 107. 2460. 7570.   48.   80.  163.  103.   89. 6129.  352.   67.   94.
   34.  127.  529.]
[2460. 7570.   48.   80.  163.  103.   89. 6129.  352.   67.   94.   34.
  127.  529.  144.]
[7570.   48.   80.  163.  103.   89. 6129.  352.   67.   94.   34.  127.
  529.  144.   40.]
[  48.   80.  163.  103.   89. 6129.  352.   67.   94.   34.  127.  529.
  144.   40.  592.]
[  80.  163.  103.   89. 6129.  352.   67.   94.   34.  127.  529.  144.
   40.  592.  848.]
[ 163.  103.   89. 6129.  352.   67.   94.   34.  127.  529.  144.   40.
  592.  848.  105.]
[ 103.   89. 6129.  352.   67.   94.   34.  127.  529.  144.   40.  592.
  848.  105.   23.]
[  89. 6129.  352.   67.   94.   34.  127.  529.  144.   40.  592.  848.
  105.   23.  291.]
[6129.  352.   67.   94.   34.  127.  529.  144.   40.  592.  848.  105.
   23.  291.   56.]
[352.  67.  94.  34. 127. 529. 144.  40. 592. 848. 105.  23. 291.  56.
 106.]
[ 67.  94.  34. 127. 529. 144.  40. 592. 848. 105.  23. 291.  56. 106.
 567.]
[ 94.  34. 127. 529. 144.  40. 592. 848. 105.  23. 291.  56. 106. 567.
  47.]
[ 34. 127. 529. 144.  40. 592. 848. 105.  23. 291.  56. 106. 567.  47.
 156.]
[ 127.  529.  144.   40.  592.  848.  105.   23.  291.   56.  106.  567.
   47.  156. 1674.]
[ 529.  144.   40.  592.  848.  105.   23.  291.   56.  106.  567.   47.
  156. 1674.  230.]
[ 144.   40.  592.  848.  105.   23.  291.   56.  106.  567.   47.  156.
 1674.  230. 1462.]
[  40.  592.  848.  105.   23.  291.   56.  106.  567.   47.  156. 1674.
  230. 1462. 1193.]
[ 592.  848.  105.   23.  291.   56.  106.  567.   47.  156. 1674.  230.
 1462. 1193. 6521.]
[ 848.  105.   23.  291.   56.  106.  567.   47.  156. 1674.  230. 1462.
 1193. 6521.  500.]
[ 105.   23.  291.   56.  106.  567.   47.  156. 1674.  230. 1462. 1193.
 6521.  500.  933.]
[  23.  291.   56.  106.  567.   47.  156. 1674.  230. 1462. 1193. 6521.
  500.  933.   93.]
[ 291.   56.  106.  567.   47.  156. 1674.  230. 1462. 1193. 6521.  500.
  933.   93. 1073.]
[  56.  106.  567.   47.  156. 1674.  230. 1462. 1193. 6521.  500.  933.
   93. 1073.  466.]
[ 106.  567.   47.  156. 1674.  230. 1462. 1193. 6521.  500.  933.   93.
 1073.  466.   79.]
[ 567.   47.  156. 1674.  230. 1462. 1193. 6521.  500.  933.   93. 1073.
  466.   79. 2361.]
[  47.  156. 1674.  230. 1462. 1193. 6521.  500.  933.   93. 1073.  466.
   79. 2361.  317.]
[ 156. 1674.  230. 1462. 1193. 6521.  500.  933.   93. 1073.  466.   79.
 2361.  317. 6885.]
[1674.  230. 1462. 1193. 6521.  500.  933.   93. 1073.  466.   79. 2361.
  317. 6885. 2405.]
[ 230. 1462. 1193. 6521.  500.  933.   93. 1073.  466.   79. 2361.  317.
 6885. 2405.  101.]
[1462. 1193. 6521.  500.  933.   93. 1073.  466.   79. 2361.  317. 6885.
 2405.  101.  399.]
[1193. 6521.  500.  933.   93. 1073.  466.   79. 2361.  317. 6885. 2405.
  101.  399.   50.]
[6521.  500.  933.   93. 1073.  466.   79. 2361.  317. 6885. 2405.  101.
  399.   50. 1930.]
[ 500.  933.   93. 1073.  466.   79. 2361.  317. 6885. 2405.  101.  399.
   50. 1930. 1561.]
[ 933.   93. 1073.  466.   79. 2361.  317. 6885. 2405.  101.  399.   50.
 1930. 1561.  424.]
[  93. 1073.  466.   79. 2361.  317. 6885. 2405.  101.  399.   50. 1930.
 1561.  424.  913.]
[1073.  466.   79. 2361.  317. 6885. 2405.  101.  399.   50. 1930. 1561.
  424.  913. 4587.]
[ 466.   79. 2361.  317. 6885. 2405.  101.  399.   50. 1930. 1561.  424.
  913. 4587.   88.]
[  79. 2361.  317. 6885. 2405.  101.  399.   50. 1930. 1561.  424.  913.
 4587.   88.   74.]
[2361.  317. 6885. 2405.  101.  399.   50. 1930. 1561.  424.  913. 4587.
   88.   74.  831.]
[ 317. 6885. 2405.  101.  399.   50. 1930. 1561.  424.  913. 4587.   88.
   74.  831. 1242.]
[6885. 2405.  101.  399.   50. 1930. 1561.  424.  913. 4587.   88.   74.
  831. 1242. 1469.]
[2405.  101.  399.   50. 1930. 1561.  424.  913. 4587.   88.   74.  831.
 1242. 1469.   51.]
[ 101.  399.   50. 1930. 1561.  424.  913. 4587.   88.   74.  831. 1242.
 1469.   51. 1457.]
[ 399.   50. 1930. 1561.  424.  913. 4587.   88.   74.  831. 1242. 1469.
   51. 1457.  489.]
[  50. 1930. 1561.  424.  913. 4587.   88.   74.  831. 1242. 1469.   51.
 1457.  489.   39.]
[1930. 1561.  424.  913. 4587.   88.   74.  831. 1242. 1469.   51. 1457.
  489.   39. 7174.]
[1561.  424.  913. 4587.   88.   74.  831. 1242. 1469.   51. 1457.  489.
   39. 7174.  193.]
[ 424.  913. 4587.   88.   74.  831. 1242. 1469.   51. 1457.  489.   39.
 7174.  193. 1517.]
[ 913. 4587.   88.   74.  831. 1242. 1469.   51. 1457.  489.   39. 7174.
  193. 1517.  671.]
[4587.   88.   74.  831. 1242. 1469.   51. 1457.  489.   39. 7174.  193.
 1517.  671. 1285.]
[  88.   74.  831. 1242. 1469.   51. 1457.  489.   39. 7174.  193. 1517.
  671. 1285.  263.]
[  74.  831. 1242. 1469.   51. 1457.  489.   39. 7174.  193. 1517.  671.
 1285.  263.  291.]
[ 831. 1242. 1469.   51. 1457.  489.   39. 7174.  193. 1517.  671. 1285.
  263.  291.  532.]
[1242. 1469.   51. 1457.  489.   39. 7174.  193. 1517.  671. 1285.  263.
  291.  532.  259.]
[1469.   51. 1457.  489.   39. 7174.  193. 1517.  671. 1285.  263.  291.
  532.  259.   16.]
[  51. 1457.  489.   39. 7174.  193. 1517.  671. 1285.  263.  291.  532.
  259.   16.  152.]
[1457.  489.   39. 7174.  193. 1517.  671. 1285.  263.  291.  532.  259.
   16.  152.   70.]
[ 489.   39. 7174.  193. 1517.  671. 1285.  263.  291.  532.  259.   16.
  152.   70. 4927.]
[  39. 7174.  193. 1517.  671. 1285.  263.  291.  532.  259.   16.  152.
   70. 4927.  113.]
[7174.  193. 1517.  671. 1285.  263.  291.  532.  259.   16.  152.   70.
 4927.  113. 3804.]
[ 193. 1517.  671. 1285.  263.  291.  532.  259.   16.  152.   70. 4927.
  113. 3804. 3975.]
[1517.  671. 1285.  263.  291.  532.  259.   16.  152.   70. 4927.  113.
 3804. 3975. 1015.]
[ 671. 1285.  263.  291.  532.  259.   16.  152.   70. 4927.  113. 3804.
 3975. 1015.   40.]
[1285.  263.  291.  532.  259.   16.  152.   70. 4927.  113. 3804. 3975.
 1015.   40.  296.]
[ 263.  291.  532.  259.   16.  152.   70. 4927.  113. 3804. 3975. 1015.
   40.  296.    9.]
[ 291.  532.  259.   16.  152.   70. 4927.  113. 3804. 3975. 1015.   40.
  296.    9.    9.]
[ 532.  259.   16.  152.   70. 4927.  113. 3804. 3975. 1015.   40.  296.
    9.    9.  108.]
[ 259.   16.  152.   70. 4927.  113. 3804. 3975. 1015.   40.  296.    9.
    9.  108.  788.]
[  16.  152.   70. 4927.  113. 3804. 3975. 1015.   40.  296.    9.    9.
  108.  788.   48.]
[ 152.   70. 4927.  113. 3804. 3975. 1015.   40.  296.    9.    9.  108.
  788.   48.  102.]
[  70. 4927.  113. 3804. 3975. 1015.   40.  296.    9.    9.  108.  788.
   48.  102.  153.]
[4927.  113. 3804. 3975. 1015.   40.  296.    9.    9.  108.  788.   48.
  102.  153.   98.]
[ 113. 3804. 3975. 1015.   40.  296.    9.    9.  108.  788.   48.  102.
  153.   98.  136.]
[3804. 3975. 1015.   40.  296.    9.    9.  108.  788.   48.  102.  153.
   98.  136.  154.]
[3975. 1015.   40.  296.    9.    9.  108.  788.   48.  102.  153.   98.
  136.  154.   41.]
[1015.   40.  296.    9.    9.  108.  788.   48.  102.  153.   98.  136.
  154.   41.   94.]
[ 40. 296.   9.   9. 108. 788.  48. 102. 153.  98. 136. 154.  41.  94.
 122.]
[296.   9.   9. 108. 788.  48. 102. 153.  98. 136. 154.  41.  94. 122.
 420.]
[  9.   9. 108. 788.  48. 102. 153.  98. 136. 154.  41.  94. 122. 420.
 455.]
[  9. 108. 788.  48. 102. 153.  98. 136. 154.  41.  94. 122. 420. 455.
 113.]
[108. 788.  48. 102. 153.  98. 136. 154.  41.  94. 122. 420. 455. 113.
  86.]
[788.  48. 102. 153.  98. 136. 154.  41.  94. 122. 420. 455. 113.  86.
 289.]
[ 48. 102. 153.  98. 136. 154.  41.  94. 122. 420. 455. 113.  86. 289.
 133.]
[102. 153.  98. 136. 154.  41.  94. 122. 420. 455. 113.  86. 289. 133.
  50.]
[153.  98. 136. 154.  41.  94. 122. 420. 455. 113.  86. 289. 133.  50.
  41.]
[  98.  136.  154.   41.   94.  122.  420.  455.  113.   86.  289.  133.
   50.   41. 2748.]
[ 136.  154.   41.   94.  122.  420.  455.  113.   86.  289.  133.   50.
   41. 2748.  108.]
[ 154.   41.   94.  122.  420.  455.  113.   86.  289.  133.   50.   41.
 2748.  108.   91.]
[  41.   94.  122.  420.  455.  113.   86.  289.  133.   50.   41. 2748.
  108.   91.  117.]
[  94.  122.  420.  455.  113.   86.  289.  133.   50.   41. 2748.  108.
   91.  117.  192.]
[ 122.  420.  455.  113.   86.  289.  133.   50.   41. 2748.  108.   91.
  117.  192.   42.]
[ 420.  455.  113.   86.  289.  133.   50.   41. 2748.  108.   91.  117.
  192.   42. 5715.]
[ 455.  113.   86.  289.  133.   50.   41. 2748.  108.   91.  117.  192.
   42. 5715.  851.]
[ 113.   86.  289.  133.   50.   41. 2748.  108.   91.  117.  192.   42.
 5715.  851.  399.]
[  86.  289.  133.   50.   41. 2748.  108.   91.  117.  192.   42. 5715.
  851.  399.  145.]
[ 289.  133.   50.   41. 2748.  108.   91.  117.  192.   42. 5715.  851.
  399.  145.   49.]
[ 133.   50.   41. 2748.  108.   91.  117.  192.   42. 5715.  851.  399.
  145.   49.  951.]
[  50.   41. 2748.  108.   91.  117.  192.   42. 5715.  851.  399.  145.
   49.  951.  254.]
[  41. 2748.  108.   91.  117.  192.   42. 5715.  851.  399.  145.   49.
  951.  254.   38.]
[2748.  108.   91.  117.  192.   42. 5715.  851.  399.  145.   49.  951.
  254.   38.   83.]
[ 108.   91.  117.  192.   42. 5715.  851.  399.  145.   49.  951.  254.
   38.   83.  123.]
[  91.  117.  192.   42. 5715.  851.  399.  145.   49.  951.  254.   38.
   83.  123.  911.]
[ 117.  192.   42. 5715.  851.  399.  145.   49.  951.  254.   38.   83.
  123.  911.   96.]
[ 192.   42. 5715.  851.  399.  145.   49.  951.  254.   38.   83.  123.
  911.   96.   65.]
[  42. 5715.  851.  399.  145.   49.  951.  254.   38.   83.  123.  911.
   96.   65.  845.]
[5715.  851.  399.  145.   49.  951.  254.   38.   83.  123.  911.   96.
   65.  845.   88.]
[851. 399. 145.  49. 951. 254.  38.  83. 123. 911.  96.  65. 845.  88.
 182.]
[ 399.  145.   49.  951.  254.   38.   83.  123.  911.   96.   65.  845.
   88.  182. 1037.]
[ 145.   49.  951.  254.   38.   83.  123.  911.   96.   65.  845.   88.
  182. 1037.  112.]
[  49.  951.  254.   38.   83.  123.  911.   96.   65.  845.   88.  182.
 1037.  112. 5483.]
[ 951.  254.   38.   83.  123.  911.   96.   65.  845.   88.  182. 1037.
  112. 5483.  136.]
[ 254.   38.   83.  123.  911.   96.   65.  845.   88.  182. 1037.  112.
 5483.  136. 6890.]
[  38.   83.  123.  911.   96.   65.  845.   88.  182. 1037.  112. 5483.
  136. 6890.  183.]
[  83.  123.  911.   96.   65.  845.   88.  182. 1037.  112. 5483.  136.
 6890.  183.  516.]
[ 123.  911.   96.   65.  845.   88.  182. 1037.  112. 5483.  136. 6890.
  183.  516.  179.]
[ 911.   96.   65.  845.   88.  182. 1037.  112. 5483.  136. 6890.  183.
  516.  179. 1366.]
[  96.   65.  845.   88.  182. 1037.  112. 5483.  136. 6890.  183.  516.
  179. 1366.   39.]
[  65.  845.   88.  182. 1037.  112. 5483.  136. 6890.  183.  516.  179.
 1366.   39.  149.]
[ 845.    88.   182.  1037.   112.  5483.   136.  6890.   183.   516.
  179.  1366.    39.   149.   221.5]
[  88.   182.  1037.   112.  5483.   136.  6890.   183.   516.   179.
 1366.    39.   149.   221.5 6026. ]
[ 182.  1037.   112.  5483.   136.  6890.   183.   516.   179.  1366.
   39.   149.   221.5 6026.  4247. ]
[1037.   112.  5483.   136.  6890.   183.   516.   179.  1366.    39.
  149.   221.5 6026.  4247.    99. ]
[ 112.  5483.   136.  6890.   183.   516.   179.  1366.    39.   149.
  221.5 6026.  4247.    99.   122. ]
[5483.   136.  6890.   183.   516.   179.  1366.    39.   149.   221.5
 6026.  4247.    99.   122.    35. ]
[ 136.  6890.   183.   516.   179.  1366.    39.   149.   221.5 6026.
 4247.    99.   122.    35.   187. ]
[6890.   183.   516.   179.  1366.    39.   149.   221.5 6026.  4247.
   99.   122.    35.   187.  7160. ]
[ 183.   516.   179.  1366.    39.   149.   221.5 6026.  4247.    99.
  122.    35.   187.  7160.   124. ]
[ 516.   179.  1366.    39.   149.   221.5 6026.  4247.    99.   122.
   35.   187.  7160.   124.   148. ]
[ 179.  1366.    39.   149.   221.5 6026.  4247.    99.   122.    35.
  187.  7160.   124.   148.   152. ]
[1366.    39.   149.   221.5 6026.  4247.    99.   122.    35.   187.
 7160.   124.   148.   152.  1123. ]
[  39.   149.   221.5 6026.  4247.    99.   122.    35.   187.  7160.
  124.   148.   152.  1123.   113. ]
[ 149.   221.5 6026.  4247.    99.   122.    35.   187.  7160.   124.
  148.   152.  1123.   113.  1367. ]
[ 221.5 6026.  4247.    99.   122.    35.   187.  7160.   124.   148.
  152.  1123.   113.  1367.    21. ]
[6026. 4247.   99.  122.   35.  187. 7160.  124.  148.  152. 1123.  113.
 1367.   21.  129.]
[4247.   99.  122.   35.  187. 7160.  124.  148.  152. 1123.  113. 1367.
   21.  129. 2485.]
[  99.  122.   35.  187. 7160.  124.  148.  152. 1123.  113. 1367.   21.
  129. 2485.  211.]
[ 122.   35.  187. 7160.  124.  148.  152. 1123.  113. 1367.   21.  129.
 2485.  211. 5760.]
[  35.  187. 7160.  124.  148.  152. 1123.  113. 1367.   21.  129. 2485.
  211. 5760.  749.]
[ 187. 7160.  124.  148.  152. 1123.  113. 1367.   21.  129. 2485.  211.
 5760.  749.  178.]
[7160.  124.  148.  152. 1123.  113. 1367.   21.  129. 2485.  211. 5760.
  749.  178.  203.]
[ 124.  148.  152. 1123.  113. 1367.   21.  129. 2485.  211. 5760.  749.
  178.  203. 5135.]
[ 148.  152. 1123.  113. 1367.   21.  129. 2485.  211. 5760.  749.  178.
  203. 5135.  168.]
[ 152. 1123.  113. 1367.   21.  129. 2485.  211. 5760.  749.  178.  203.
 5135.  168. 1378.]
[1123.  113. 1367.   21.  129. 2485.  211. 5760.  749.  178.  203. 5135.
  168. 1378.  261.]
[ 113. 1367.   21.  129. 2485.  211. 5760.  749.  178.  203. 5135.  168.
 1378.  261. 2491.]
[1367.   21.  129. 2485.  211. 5760.  749.  178.  203. 5135.  168. 1378.
  261. 2491.  152.]
[  21.  129. 2485.  211. 5760.  749.  178.  203. 5135.  168. 1378.  261.
 2491.  152.   84.]
[ 129. 2485.  211. 5760.  749.  178.  203. 5135.  168. 1378.  261. 2491.
  152.   84. 6076.]
[2485.  211. 5760.  749.  178.  203. 5135.  168. 1378.  261. 2491.  152.
   84. 6076.  120.]
[ 211. 5760.  749.  178.  203. 5135.  168. 1378.  261. 2491.  152.   84.
 6076.  120.  780.]
[5760.  749.  178.  203. 5135.  168. 1378.  261. 2491.  152.   84. 6076.
  120.  780.   76.]
[ 749.  178.  203. 5135.  168. 1378.  261. 2491.  152.   84. 6076.  120.
  780.   76. 1620.]
[ 178.  203. 5135.  168. 1378.  261. 2491.  152.   84. 6076.  120.  780.
   76. 1620.  273.]
[ 203. 5135.  168. 1378.  261. 2491.  152.   84. 6076.  120.  780.   76.
 1620.  273.  103.]
[5135.  168. 1378.  261. 2491.  152.   84. 6076.  120.  780.   76. 1620.
  273.  103. 1094.]
[ 168. 1378.  261. 2491.  152.   84. 6076.  120.  780.   76. 1620.  273.
  103. 1094.  367.]
[1378.  261. 2491.  152.   84. 6076.  120.  780.   76. 1620.  273.  103.
 1094.  367.   64.]
[ 261. 2491.  152.   84. 6076.  120.  780.   76. 1620.  273.  103. 1094.
  367.   64. 5899.]
[2491.  152.   84. 6076.  120.  780.   76. 1620.  273.  103. 1094.  367.
   64. 5899.  202.]
[ 152.   84. 6076.  120.  780.   76. 1620.  273.  103. 1094.  367.   64.
 5899.  202.  267.]
[  84. 6076.  120.  780.   76. 1620.  273.  103. 1094.  367.   64. 5899.
  202.  267.  187.]
[6076.  120.  780.   76. 1620.  273.  103. 1094.  367.   64. 5899.  202.
  267.  187.  139.]
[ 120.  780.   76. 1620.  273.  103. 1094.  367.   64. 5899.  202.  267.
  187.  139. 2940.]
[ 780.   76. 1620.  273.  103. 1094.  367.   64. 5899.  202.  267.  187.
  139. 2940. 8076.]
[  76. 1620.  273.  103. 1094.  367.   64. 5899.  202.  267.  187.  139.
 2940. 8076.   95.]
[1620.  273.  103. 1094.  367.   64. 5899.  202.  267.  187.  139. 2940.
 8076.   95.  109.]
[ 273.  103. 1094.  367.   64. 5899.  202.  267.  187.  139. 2940. 8076.
   95.  109.  448.]
[ 103. 1094.  367.   64. 5899.  202.  267.  187.  139. 2940. 8076.   95.
  109.  448.  111.]
[1094.  367.   64. 5899.  202.  267.  187.  139. 2940. 8076.   95.  109.
  448.  111. 1374.]
[ 367.   64. 5899.  202.  267.  187.  139. 2940. 8076.   95.  109.  448.
  111. 1374.  327.]
[  64. 5899.  202.  267.  187.  139. 2940. 8076.   95.  109.  448.  111.
 1374.  327.  587.]
[5899.  202.  267.  187.  139. 2940. 8076.   95.  109.  448.  111. 1374.
  327.  587.   28.]
[ 202.  267.  187.  139. 2940. 8076.   95.  109.  448.  111. 1374.  327.
  587.   28.  525.]
[ 267.  187.  139. 2940. 8076.   95.  109.  448.  111. 1374.  327.  587.
   28.  525.  105.]
[ 187.  139. 2940. 8076.   95.  109.  448.  111. 1374.  327.  587.   28.
  525.  105.  684.]
[ 139. 2940. 8076.   95.  109.  448.  111. 1374.  327.  587.   28.  525.
  105.  684.  205.]
[2940. 8076.   95.  109.  448.  111. 1374.  327.  587.   28.  525.  105.
  684.  205.  249.]
[8076.   95.  109.  448.  111. 1374.  327.  587.   28.  525.  105.  684.
  205.  249. 1139.]
[  95.  109.  448.  111. 1374.  327.  587.   28.  525.  105.  684.  205.
  249. 1139.  146.]
[ 109.  448.  111. 1374.  327.  587.   28.  525.  105.  684.  205.  249.
 1139.  146.   82.]
[ 448.  111. 1374.  327.  587.   28.  525.  105.  684.  205.  249. 1139.
  146.   82.  110.]
[ 111. 1374.  327.  587.   28.  525.  105.  684.  205.  249. 1139.  146.
   82.  110.  125.]
[1374.  327.  587.   28.  525.  105.  684.  205.  249. 1139.  146.   82.
  110.  125.   30.]
[ 327.  587.   28.  525.  105.  684.  205.  249. 1139.  146.   82.  110.
  125.   30.  216.]
[ 587.   28.  525.  105.  684.  205.  249. 1139.  146.   82.  110.  125.
   30.  216.  117.]
[  28.  525.  105.  684.  205.  249. 1139.  146.   82.  110.  125.   30.
  216.  117.   69.]
[ 525.  105.  684.  205.  249. 1139.  146.   82.  110.  125.   30.  216.
  117.   69.  283.]
[ 105.  684.  205.  249. 1139.  146.   82.  110.  125.   30.  216.  117.
   69.  283.  136.]
[ 684.  205.  249. 1139.  146.   82.  110.  125.   30.  216.  117.   69.
  283.  136.  193.]
[ 205.  249. 1139.  146.   82.  110.  125.   30.  216.  117.   69.  283.
  136.  193.  784.]
[ 249. 1139.  146.   82.  110.  125.   30.  216.  117.   69.  283.  136.
  193.  784.   57.]
[1139.  146.   82.  110.  125.   30.  216.  117.   69.  283.  136.  193.
  784.   57.  219.]
[ 146.   82.  110.  125.   30.  216.  117.   69.  283.  136.  193.  784.
   57.  219. 6829.]
[  82.  110.  125.   30.  216.  117.   69.  283.  136.  193.  784.   57.
  219. 6829.   86.]
[ 110.  125.   30.  216.  117.   69.  283.  136.  193.  784.   57.  219.
 6829.   86.   26.]
[ 125.   30.  216.  117.   69.  283.  136.  193.  784.   57.  219. 6829.
   86.   26.   47.]
[  30.  216.  117.   69.  283.  136.  193.  784.   57.  219. 6829.   86.
   26.   47.  741.]
[ 216.  117.   69.  283.  136.  193.  784.   57.  219. 6829.   86.   26.
   47.  741.  588.]
[ 117.   69.  283.  136.  193.  784.   57.  219. 6829.   86.   26.   47.
  741.  588.  262.]
[  69.  283.  136.  193.  784.   57.  219. 6829.   86.   26.   47.  741.
  588.  262.  252.]
[ 283.  136.  193.  784.   57.  219. 6829.   86.   26.   47.  741.  588.
  262.  252.  122.]
[ 136.  193.  784.   57.  219. 6829.   86.   26.   47.  741.  588.  262.
  252.  122. 9808.]
[ 193.  784.   57.  219. 6829.   86.   26.   47.  741.  588.  262.  252.
  122. 9808.  243.]
[ 784.   57.  219. 6829.   86.   26.   47.  741.  588.  262.  252.  122.
 9808.  243.  108.]
[  57.  219. 6829.   86.   26.   47.  741.  588.  262.  252.  122. 9808.
  243.  108.   43.]
[ 219. 6829.   86.   26.   47.  741.  588.  262.  252.  122. 9808.  243.
  108.   43. 1585.]
[6829.   86.   26.   47.  741.  588.  262.  252.  122. 9808.  243.  108.
   43. 1585.  584.]
[  86.   26.   47.  741.  588.  262.  252.  122. 9808.  243.  108.   43.
 1585.  584.  459.]
[  26.   47.  741.  588.  262.  252.  122. 9808.  243.  108.   43. 1585.
  584.  459.  353.]
[  47.  741.  588.  262.  252.  122. 9808.  243.  108.   43. 1585.  584.
  459.  353.  176.]
[ 741.  588.  262.  252.  122. 9808.  243.  108.   43. 1585.  584.  459.
  353.  176. 2271.]
[ 588.  262.  252.  122. 9808.  243.  108.   43. 1585.  584.  459.  353.
  176. 2271. 2428.]
[ 262.  252.  122. 9808.  243.  108.   43. 1585.  584.  459.  353.  176.
 2271. 2428. 8295.]
[ 252.  122. 9808.  243.  108.   43. 1585.  584.  459.  353.  176. 2271.
 2428. 8295.  219.]
[ 122. 9808.  243.  108.   43. 1585.  584.  459.  353.  176. 2271. 2428.
 8295.  219.  103.]
[9808.  243.  108.   43. 1585.  584.  459.  353.  176. 2271. 2428. 8295.
  219.  103.  482.]
[ 243.  108.   43. 1585.  584.  459.  353.  176. 2271. 2428. 8295.  219.
  103.  482.  330.]
[ 108.   43. 1585.  584.  459.  353.  176. 2271. 2428. 8295.  219.  103.
  482.  330.  357.]
[  43. 1585.  584.  459.  353.  176. 2271. 2428. 8295.  219.  103.  482.
  330.  357.  313.]
[1585.  584.  459.  353.  176. 2271. 2428. 8295.  219.  103.  482.  330.
  357.  313.   69.]
[ 584.  459.  353.  176. 2271. 2428. 8295.  219.  103.  482.  330.  357.
  313.   69. 1604.]
[ 459.  353.  176. 2271. 2428. 8295.  219.  103.  482.  330.  357.  313.
   69. 1604.  253.]
[ 353.  176. 2271. 2428. 8295.  219.  103.  482.  330.  357.  313.   69.
 1604.  253.  248.]
[ 176. 2271. 2428. 8295.  219.  103.  482.  330.  357.  313.   69. 1604.
  253.  248.  131.]
[2271. 2428. 8295.  219.  103.  482.  330.  357.  313.   69. 1604.  253.
  248.  131.  208.]
[2428. 8295.  219.  103.  482.  330.  357.  313.   69. 1604.  253.  248.
  131.  208. 1390.]
[8295.  219.  103.  482.  330.  357.  313.   69. 1604.  253.  248.  131.
  208. 1390.  177.]
[ 219.  103.  482.  330.  357.  313.   69. 1604.  253.  248.  131.  208.
 1390.  177. 3253.]
[ 103.  482.  330.  357.  313.   69. 1604.  253.  248.  131.  208. 1390.
  177. 3253.  134.]
[ 482.  330.  357.  313.   69. 1604.  253.  248.  131.  208. 1390.  177.
 3253.  134. 2451.]
[ 330.  357.  313.   69. 1604.  253.  248.  131.  208. 1390.  177. 3253.
  134. 2451.  202.]
[ 357.  313.   69. 1604.  253.  248.  131.  208. 1390.  177. 3253.  134.
 2451.  202.  141.]
[ 313.   69. 1604.  253.  248.  131.  208. 1390.  177. 3253.  134. 2451.
  202.  141. 7725.]
[  69. 1604.  253.  248.  131.  208. 1390.  177. 3253.  134. 2451.  202.
  141. 7725.  207.]
[1604.  253.  248.  131.  208. 1390.  177. 3253.  134. 2451.  202.  141.
 7725.  207.  178.]
[ 253.  248.  131.  208. 1390.  177. 3253.  134. 2451.  202.  141. 7725.
  207.  178. 1031.]
[ 248.  131.  208. 1390.  177. 3253.  134. 2451.  202.  141. 7725.  207.
  178. 1031.   57.]
[ 131.  208. 1390.  177. 3253.  134. 2451.  202.  141. 7725.  207.  178.
 1031.   57.  171.]
[ 208. 1390.  177. 3253.  134. 2451.  202.  141. 7725.  207.  178. 1031.
   57.  171.  103.]
[1390.  177. 3253.  134. 2451.  202.  141. 7725.  207.  178. 1031.   57.
  171.  103.  548.]
[ 177. 3253.  134. 2451.  202.  141. 7725.  207.  178. 1031.   57.  171.
  103.  548. 1024.]
[3253.  134. 2451.  202.  141. 7725.  207.  178. 1031.   57.  171.  103.
  548. 1024.  136.]
[ 134. 2451.  202.  141. 7725.  207.  178. 1031.   57.  171.  103.  548.
 1024.  136.  113.]
[2451.  202.  141. 7725.  207.  178. 1031.   57.  171.  103.  548. 1024.
  136.  113. 1530.]
[ 202.  141. 7725.  207.  178. 1031.   57.  171.  103.  548. 1024.  136.
  113. 1530.  251.]
[ 141. 7725.  207.  178. 1031.   57.  171.  103.  548. 1024.  136.  113.
 1530.  251.   60.]
[7725.  207.  178. 1031.   57.  171.  103.  548. 1024.  136.  113. 1530.
  251.   60.  341.]
[ 207.  178. 1031.   57.  171.  103.  548. 1024.  136.  113. 1530.  251.
   60.  341. 9513.]
[ 178. 1031.   57.  171.  103.  548. 1024.  136.  113. 1530.  251.   60.
  341. 9513.  153.]
[1031.   57.  171.  103.  548. 1024.  136.  113. 1530.  251.   60.  341.
 9513.  153.  174.]
[  57.  171.  103.  548. 1024.  136.  113. 1530.  251.   60.  341. 9513.
  153.  174.  826.]
[ 171.  103.  548. 1024.  136.  113. 1530.  251.   60.  341. 9513.  153.
  174.  826.   91.]
[ 103.  548. 1024.  136.  113. 1530.  251.   60.  341. 9513.  153.  174.
  826.   91.  155.]
[ 548. 1024.  136.  113. 1530.  251.   60.  341. 9513.  153.  174.  826.
   91.  155.  874.]
[1024.  136.  113. 1530.  251.   60.  341. 9513.  153.  174.  826.   91.
  155.  874.   82.]
[ 136.  113. 1530.  251.   60.  341. 9513.  153.  174.  826.   91.  155.
  874.   82.   92.]
[ 113. 1530.  251.   60.  341. 9513.  153.  174.  826.   91.  155.  874.
   82.   92.  289.]
[1530.  251.   60.  341. 9513.  153.  174.  826.   91.  155.  874.   82.
   92.  289.  193.]
[ 251.   60.  341. 9513.  153.  174.  826.   91.  155.  874.   82.   92.
  289.  193.   91.]
[  60.  341. 9513.  153.  174.  826.   91.  155.  874.   82.   92.  289.
  193.   91.  156.]
[ 341. 9513.  153.  174.  826.   91.  155.  874.   82.   92.  289.  193.
   91.  156. 1206.]
[9513.  153.  174.  826.   91.  155.  874.   82.   92.  289.  193.   91.
  156. 1206.  370.]
[ 153.  174.  826.   91.  155.  874.   82.   92.  289.  193.   91.  156.
 1206.  370.  414.]
[ 174.  826.   91.  155.  874.   82.   92.  289.  193.   91.  156. 1206.
  370.  414.  162.]
[ 826.   91.  155.  874.   82.   92.  289.  193.   91.  156. 1206.  370.
  414.  162.   71.]
[  91.  155.  874.   82.   92.  289.  193.   91.  156. 1206.  370.  414.
  162.   71.  374.]
[ 155.  874.   82.   92.  289.  193.   91.  156. 1206.  370.  414.  162.
   71.  374.  539.]
[ 874.   82.   92.  289.  193.   91.  156. 1206.  370.  414.  162.   71.
  374.  539.  107.]
[  82.   92.  289.  193.   91.  156. 1206.  370.  414.  162.   71.  374.
  539.  107.  289.]
[  92.  289.  193.   91.  156. 1206.  370.  414.  162.   71.  374.  539.
  107.  289.  159.]
[ 289.  193.   91.  156. 1206.  370.  414.  162.   71.  374.  539.  107.
  289.  159.  266.]
[ 193.   91.  156. 1206.  370.  414.  162.   71.  374.  539.  107.  289.
  159.  266.  320.]
[  91.  156. 1206.  370.  414.  162.   71.  374.  539.  107.  289.  159.
  266.  320.  326.]
[ 156. 1206.  370.  414.  162.   71.  374.  539.  107.  289.  159.  266.
  320.  326.  189.]
[1206.  370.  414.  162.   71.  374.  539.  107.  289.  159.  266.  320.
  326.  189.   81.]
[ 370.  414.  162.   71.  374.  539.  107.  289.  159.  266.  320.  326.
  189.   81. 1223.]
[ 414.  162.   71.  374.  539.  107.  289.  159.  266.  320.  326.  189.
   81. 1223.  124.]
[ 162.   71.  374.  539.  107.  289.  159.  266.  320.  326.  189.   81.
 1223.  124.  127.]
[  71.  374.  539.  107.  289.  159.  266.  320.  326.  189.   81. 1223.
  124.  127.  259.]
[ 374.  539.  107.  289.  159.  266.  320.  326.  189.   81. 1223.  124.
  127.  259.  254.]
[ 539.  107.  289.  159.  266.  320.  326.  189.   81. 1223.  124.  127.
  259.  254.  217.]
[ 107.  289.  159.  266.  320.  326.  189.   81. 1223.  124.  127.  259.
  254.  217. 8644.]
[ 289.  159.  266.  320.  326.  189.   81. 1223.  124.  127.  259.  254.
  217. 8644.  192.]
[ 159.  266.  320.  326.  189.   81. 1223.  124.  127.  259.  254.  217.
 8644.  192.  444.]
[ 266.  320.  326.  189.   81. 1223.  124.  127.  259.  254.  217. 8644.
  192.  444.  154.]
[ 320.  326.  189.   81. 1223.  124.  127.  259.  254.  217. 8644.  192.
  444.  154.  484.]
[ 326.  189.   81. 1223.  124.  127.  259.  254.  217. 8644.  192.  444.
  154.  484. 1768.]
[ 189.   81. 1223.  124.  127.  259.  254.  217. 8644.  192.  444.  154.
  484. 1768.  286.]
[  81. 1223.  124.  127.  259.  254.  217. 8644.  192.  444.  154.  484.
 1768.  286.  202.]
[1223.  124.  127.  259.  254.  217. 8644.  192.  444.  154.  484. 1768.
  286.  202. 3298.]
[ 124.  127.  259.  254.  217. 8644.  192.  444.  154.  484. 1768.  286.
  202. 3298.  214.]
[ 127.  259.  254.  217. 8644.  192.  444.  154.  484. 1768.  286.  202.
 3298.  214.   50.]
[ 259.  254.  217. 8644.  192.  444.  154.  484. 1768.  286.  202. 3298.
  214.   50.  461.]
[ 254.  217. 8644.  192.  444.  154.  484. 1768.  286.  202. 3298.  214.
   50.  461.  225.]
[ 217. 8644.  192.  444.  154.  484. 1768.  286.  202. 3298.  214.   50.
  461.  225.  260.]
[8644.  192.  444.  154.  484. 1768.  286.  202. 3298.  214.   50.  461.
  225.  260.  118.]
[ 192.  444.  154.  484. 1768.  286.  202. 3298.  214.   50.  461.  225.
  260.  118.  152.]
[ 444.  154.  484. 1768.  286.  202. 3298.  214.   50.  461.  225.  260.
  118.  152.  211.]
[ 154.  484. 1768.  286.  202. 3298.  214.   50.  461.  225.  260.  118.
  152.  211.  483.]
[ 484. 1768.  286.  202. 3298.  214.   50.  461.  225.  260.  118.  152.
  211.  483.   82.]
[1768.  286.  202. 3298.  214.   50.  461.  225.  260.  118.  152.  211.
  483.   82.  247.]
[ 286.  202. 3298.  214.   50.  461.  225.  260.  118.  152.  211.  483.
   82.  247.  109.]
[ 202. 3298.  214.   50.  461.  225.  260.  118.  152.  211.  483.   82.
  247.  109.  244.]
[3298.  214.   50.  461.  225.  260.  118.  152.  211.  483.   82.  247.
  109.  244.  168.]
[214.  50. 461. 225. 260. 118. 152. 211. 483.  82. 247. 109. 244. 168.
 346.]
[ 50. 461. 225. 260. 118. 152. 211. 483.  82. 247. 109. 244. 168. 346.
 142.]
[461. 225. 260. 118. 152. 211. 483.  82. 247. 109. 244. 168. 346. 142.
 754.]
[225. 260. 118. 152. 211. 483.  82. 247. 109. 244. 168. 346. 142. 754.
  19.]
[ 260.  118.  152.  211.  483.   82.  247.  109.  244.  168.  346.  142.
  754.   19. 1204.]
[ 118.  152.  211.  483.   82.  247.  109.  244.  168.  346.  142.  754.
   19. 1204.  170.]
[ 152.  211.  483.   82.  247.  109.  244.  168.  346.  142.  754.   19.
 1204.  170.  348.]
[ 211.  483.   82.  247.  109.  244.  168.  346.  142.  754.   19. 1204.
  170.  348.  171.]
[ 483.   82.  247.  109.  244.  168.  346.  142.  754.   19. 1204.  170.
  348.  171.  310.]
[  82.  247.  109.  244.  168.  346.  142.  754.   19. 1204.  170.  348.
  171.  310.  675.]
[ 247.  109.  244.  168.  346.  142.  754.   19. 1204.  170.  348.  171.
  310.  675.   60.]
[ 109.  244.  168.  346.  142.  754.   19. 1204.  170.  348.  171.  310.
  675.   60.  122.]
[ 244.  168.  346.  142.  754.   19. 1204.  170.  348.  171.  310.  675.
   60.  122. 2735.]
[ 168.  346.  142.  754.   19. 1204.  170.  348.  171.  310.  675.   60.
  122. 2735.  185.]
[ 346.  142.  754.   19. 1204.  170.  348.  171.  310.  675.   60.  122.
 2735.  185.  247.]
[ 142.  754.   19. 1204.  170.  348.  171.  310.  675.   60.  122. 2735.
  185.  247.   24.]
[ 754.   19. 1204.  170.  348.  171.  310.  675.   60.  122. 2735.  185.
  247.   24.  120.]
[  19. 1204.  170.  348.  171.  310.  675.   60.  122. 2735.  185.  247.
   24.  120. 1358.]
[1204.  170.  348.  171.  310.  675.   60.  122. 2735.  185.  247.   24.
  120. 1358.  151.]
[ 170.  348.  171.  310.  675.   60.  122. 2735.  185.  247.   24.  120.
 1358.  151.  132.]
[ 348.  171.  310.  675.   60.  122. 2735.  185.  247.   24.  120. 1358.
  151.  132.   73.]
[ 171.  310.  675.   60.  122. 2735.  185.  247.   24.  120. 1358.  151.
  132.   73.   47.]
[ 310.  675.   60.  122. 2735.  185.  247.   24.  120. 1358.  151.  132.
   73.   47.  188.]
[ 675.   60.  122. 2735.  185.  247.   24.  120. 1358.  151.  132.   73.
   47.  188.  167.]
[  60.  122. 2735.  185.  247.   24.  120. 1358.  151.  132.   73.   47.
  188.  167. 7030.]
[ 122. 2735.  185.  247.   24.  120. 1358.  151.  132.   73.   47.  188.
  167. 7030.  345.]
[2735.  185.  247.   24.  120. 1358.  151.  132.   73.   47.  188.  167.
 7030.  345.  434.]
[ 185.  247.   24.  120. 1358.  151.  132.   73.   47.  188.  167. 7030.
  345.  434.  106.]
[ 247.   24.  120. 1358.  151.  132.   73.   47.  188.  167. 7030.  345.
  434.  106.  456.]
[  24.  120. 1358.  151.  132.   73.   47.  188.  167. 7030.  345.  434.
  106.  456.  634.]
[ 120. 1358.  151.  132.   73.   47.  188.  167. 7030.  345.  434.  106.
  456.  634.   94.]
[1358.  151.  132.   73.   47.  188.  167. 7030.  345.  434.  106.  456.
  634.   94.  260.]
[ 151.  132.   73.   47.  188.  167. 7030.  345.  434.  106.  456.  634.
   94.  260.   38.]
[ 132.   73.   47.  188.  167. 7030.  345.  434.  106.  456.  634.   94.
  260.   38.  173.]
[  73.   47.  188.  167. 7030.  345.  434.  106.  456.  634.   94.  260.
   38.  173.   39.]
[  47.  188.  167. 7030.  345.  434.  106.  456.  634.   94.  260.   38.
  173.   39.  151.]
[ 188.   167.  7030.   345.   434.   106.   456.   634.    94.   260.
   38.   173.    39.   151.   221.5]
[ 167.  7030.   345.   434.   106.   456.   634.    94.   260.    38.
  173.    39.   151.   221.5  868. ]
[7030.   345.   434.   106.   456.   634.    94.   260.    38.   173.
   39.   151.   221.5  868.  1079. ]
[ 345.   434.   106.   456.   634.    94.   260.    38.   173.    39.
  151.   221.5  868.  1079.   112. ]
[ 434.   106.   456.   634.    94.   260.    38.   173.    39.   151.
  221.5  868.  1079.   112.   531. ]
[ 106.   456.   634.    94.   260.    38.   173.    39.   151.   221.5
  868.  1079.   112.   531.   158. ]
[ 456.   634.    94.   260.    38.   173.    39.   151.   221.5  868.
 1079.   112.   531.   158.  2896. ]
[ 634.    94.   260.    38.   173.    39.   151.   221.5  868.  1079.
  112.   531.   158.  2896.    89. ]
[  94.   260.    38.   173.    39.   151.   221.5  868.  1079.   112.
  531.   158.  2896.    89.  1438. ]
[ 260.    38.   173.    39.   151.   221.5  868.  1079.   112.   531.
  158.  2896.    89.  1438.   386. ]
[  38.   173.    39.   151.   221.5  868.  1079.   112.   531.   158.
 2896.    89.  1438.   386.   142. ]
[ 173.    39.   151.   221.5  868.  1079.   112.   531.   158.  2896.
   89.  1438.   386.   142.   234. ]
[  39.   151.   221.5  868.  1079.   112.   531.   158.  2896.    89.
 1438.   386.   142.   234.   225. ]
[ 151.   221.5  868.  1079.   112.   531.   158.  2896.    89.  1438.
  386.   142.   234.   225.    68. ]
[ 221.5  868.  1079.   112.   531.   158.  2896.    89.  1438.   386.
  142.   234.   225.    68.  8055. ]
[ 868. 1079.  112.  531.  158. 2896.   89. 1438.  386.  142.  234.  225.
   68. 8055. 1892.]
[1079.  112.  531.  158. 2896.   89. 1438.  386.  142.  234.  225.   68.
 8055. 1892.  186.]
[ 112.  531.  158. 2896.   89. 1438.  386.  142.  234.  225.   68. 8055.
 1892.  186.  152.]
[ 531.  158. 2896.   89. 1438.  386.  142.  234.  225.   68. 8055. 1892.
  186.  152. 1862.]
[ 158. 2896.   89. 1438.  386.  142.  234.  225.   68. 8055. 1892.  186.
  152. 1862.  815.]
[2896.   89. 1438.  386.  142.  234.  225.   68. 8055. 1892.  186.  152.
 1862.  815.  234.]
[  89. 1438.  386.  142.  234.  225.   68. 8055. 1892.  186.  152. 1862.
  815.  234.  194.]
[1438.  386.  142.  234.  225.   68. 8055. 1892.  186.  152. 1862.  815.
  234.  194.   48.]
[ 386.  142.  234.  225.   68. 8055. 1892.  186.  152. 1862.  815.  234.
  194.   48.  213.]
[ 142.   234.   225.    68.  8055.  1892.   186.   152.  1862.   815.
  234.   194.    48.   213.   221.5]
[ 234.   225.    68.  8055.  1892.   186.   152.  1862.   815.   234.
  194.    48.   213.   221.5  636. ]
[ 225.    68.  8055.  1892.   186.   152.  1862.   815.   234.   194.
   48.   213.   221.5  636.  1705. ]
[  68.  8055.  1892.   186.   152.  1862.   815.   234.   194.    48.
  213.   221.5  636.  1705.   141. ]
[8055.  1892.   186.   152.  1862.   815.   234.   194.    48.   213.
  221.5  636.  1705.   141.  3641. ]
[1892.   186.   152.  1862.   815.   234.   194.    48.   213.   221.5
  636.  1705.   141.  3641.   906. ]
[ 186.   152.  1862.   815.   234.   194.    48.   213.   221.5  636.
 1705.   141.  3641.   906.     0. ]
[ 152.  1862.   815.   234.   194.    48.   213.   221.5  636.  1705.
  141.  3641.   906.     0.   103. ]
[1862.   815.   234.   194.    48.   213.   221.5  636.  1705.   141.
 3641.   906.     0.   103.   386. ]
[ 815.   234.   194.    48.   213.   221.5  636.  1705.   141.  3641.
  906.     0.   103.   386.   120. ]
[ 234.   194.    48.   213.   221.5  636.  1705.   141.  3641.   906.
    0.   103.   386.   120.    70. ]
[ 194.    48.   213.   221.5  636.  1705.   141.  3641.   906.     0.
  103.   386.   120.    70.  4262. ]
[  48.   213.   221.5  636.  1705.   141.  3641.   906.     0.   103.
  386.   120.    70.  4262.  5495. ]
[ 213.   221.5  636.  1705.   141.  3641.   906.     0.   103.   386.
  120.    70.  4262.  5495.   725. ]
[ 221.5  636.  1705.   141.  3641.   906.     0.   103.   386.   120.
   70.  4262.  5495.   725.   169. ]
[ 636. 1705.  141. 3641.  906.    0.  103.  386.  120.   70. 4262. 5495.
  725.  169.   71.]
[1705.  141. 3641.  906.    0.  103.  386.  120.   70. 4262. 5495.  725.
  169.   71.  143.]
[ 141. 3641.  906.    0.  103.  386.  120.   70. 4262. 5495.  725.  169.
   71.  143.  446.]
[3641.  906.    0.  103.  386.  120.   70. 4262. 5495.  725.  169.   71.
  143.  446. 2004.]
[ 906.    0.  103.  386.  120.   70. 4262. 5495.  725.  169.   71.  143.
  446. 2004.   67.]
[   0.  103.  386.  120.   70. 4262. 5495.  725.  169.   71.  143.  446.
 2004.   67.   73.]
[ 103.  386.  120.   70. 4262. 5495.  725.  169.   71.  143.  446. 2004.
   67.   73.   54.]
[ 386.  120.   70. 4262. 5495.  725.  169.   71.  143.  446. 2004.   67.
   73.   54.   89.]
[ 120.   70. 4262. 5495.  725.  169.   71.  143.  446. 2004.   67.   73.
   54.   89. 1186.]
[  70. 4262. 5495.  725.  169.   71.  143.  446. 2004.   67.   73.   54.
   89. 1186.   53.]
[4262. 5495.  725.  169.   71.  143.  446. 2004.   67.   73.   54.   89.
 1186.   53.   19.]
[5495.  725.  169.   71.  143.  446. 2004.   67.   73.   54.   89. 1186.
   53.   19. 2255.]
[ 725.  169.   71.  143.  446. 2004.   67.   73.   54.   89. 1186.   53.
   19. 2255. 1296.]
[ 169.   71.  143.  446. 2004.   67.   73.   54.   89. 1186.   53.   19.
 2255. 1296.   71.]
[  71.  143.  446. 2004.   67.   73.   54.   89. 1186.   53.   19. 2255.
 1296.   71.  195.]
[ 143.  446. 2004.   67.   73.   54.   89. 1186.   53.   19. 2255. 1296.
   71.  195. 3162.]
[ 446. 2004.   67.   73.   54.   89. 1186.   53.   19. 2255. 1296.   71.
  195. 3162.  386.]
[2004.   67.   73.   54.   89. 1186.   53.   19. 2255. 1296.   71.  195.
 3162.  386.  207.]
[  67.   73.   54.   89. 1186.   53.   19. 2255. 1296.   71.  195. 3162.
  386.  207. 1072.]
[  73.   54.   89. 1186.   53.   19. 2255. 1296.   71.  195. 3162.  386.
  207. 1072.   87.]
[  54.   89. 1186.   53.   19. 2255. 1296.   71.  195. 3162.  386.  207.
 1072.   87. 5696.]
[  89. 1186.   53.   19. 2255. 1296.   71.  195. 3162.  386.  207. 1072.
   87. 5696.   86.]
[1186.   53.   19. 2255. 1296.   71.  195. 3162.  386.  207. 1072.   87.
 5696.   86.  722.]
[  53.   19. 2255. 1296.   71.  195. 3162.  386.  207. 1072.   87. 5696.
   86.  722.  178.]
[  19. 2255. 1296.   71.  195. 3162.  386.  207. 1072.   87. 5696.   86.
  722.  178. 4511.]
[2255. 1296.   71.  195. 3162.  386.  207. 1072.   87. 5696.   86.  722.
  178. 4511.  239.]
[1296.   71.  195. 3162.  386.  207. 1072.   87. 5696.   86.  722.  178.
 4511.  239. 1858.]
[  71.  195. 3162.  386.  207. 1072.   87. 5696.   86.  722.  178. 4511.
  239. 1858.  138.]
[ 195. 3162.  386.  207. 1072.   87. 5696.   86.  722.  178. 4511.  239.
 1858.  138.  166.]
[3162.  386.  207. 1072.   87. 5696.   86.  722.  178. 4511.  239. 1858.
  138.  166.   60.]
[ 386.  207. 1072.   87. 5696.   86.  722.  178. 4511.  239. 1858.  138.
  166.   60.   39.]
[ 207. 1072.   87. 5696.   86.  722.  178. 4511.  239. 1858.  138.  166.
   60.   39. 1528.]
[1072.   87. 5696.   86.  722.  178. 4511.  239. 1858.  138.  166.   60.
   39. 1528. 6478.]
[  87. 5696.   86.  722.  178. 4511.  239. 1858.  138.  166.   60.   39.
 1528. 6478.    7.]
[5696.   86.  722.  178. 4511.  239. 1858.  138.  166.   60.   39. 1528.
 6478.    7.  655.]
[  86.  722.  178. 4511.  239. 1858.  138.  166.   60.   39. 1528. 6478.
    7.  655.   54.]
[ 722.  178. 4511.  239. 1858.  138.  166.   60.   39. 1528. 6478.    7.
  655.   54.  200.]
[ 178. 4511.  239. 1858.  138.  166.   60.   39. 1528. 6478.    7.  655.
   54.  200.  100.]
[4511.   239.  1858.   138.   166.    60.    39.  1528.  6478.     7.
  655.    54.   200.   100.   221.5]
[ 239.  1858.   138.   166.    60.    39.  1528.  6478.     7.   655.
   54.   200.   100.   221.5 1600. ]
[1858.   138.   166.    60.    39.  1528.  6478.     7.   655.    54.
  200.   100.   221.5 1600.    20. ]
[ 138.   166.    60.    39.  1528.  6478.     7.   655.    54.   200.
  100.   221.5 1600.    20.   296. ]
[ 166.    60.    39.  1528.  6478.     7.   655.    54.   200.   100.
  221.5 1600.    20.   296.  2539. ]
[  60.    39.  1528.  6478.     7.   655.    54.   200.   100.   221.5
 1600.    20.   296.  2539.   221.5]
[  39.  1528.  6478.     7.   655.    54.   200.   100.   221.5 1600.
   20.   296.  2539.   221.5   82. ]
[1528.  6478.     7.   655.    54.   200.   100.   221.5 1600.    20.
  296.  2539.   221.5   82.    56. ]
[6478.     7.   655.    54.   200.   100.   221.5 1600.    20.   296.
 2539.   221.5   82.    56.    52. ]
[   7.   655.    54.   200.   100.   221.5 1600.    20.   296.  2539.
  221.5   82.    56.    52.  1643. ]
[ 655.    54.   200.   100.   221.5 1600.    20.   296.  2539.   221.5
   82.    56.    52.  1643.   118. ]
[  54.   200.   100.   221.5 1600.    20.   296.  2539.   221.5   82.
   56.    52.  1643.   118.   173. ]
[ 200.   100.   221.5 1600.    20.   296.  2539.   221.5   82.    56.
   52.  1643.   118.   173.    46. ]
[ 100.   221.5 1600.    20.   296.  2539.   221.5   82.    56.    52.
 1643.   118.   173.    46.    47. ]
[ 221.5 1600.    20.   296.  2539.   221.5   82.    56.    52.  1643.
  118.   173.    46.    47.  9416. ]
[1600.    20.   296.  2539.   221.5   82.    56.    52.  1643.   118.
  173.    46.    47.  9416.    36. ]
[  20.   296.  2539.   221.5   82.    56.    52.  1643.   118.   173.
   46.    47.  9416.    36.   132. ]
[ 296.  2539.   221.5   82.    56.    52.  1643.   118.   173.    46.
   47.  9416.    36.   132.   122. ]
[2539.   221.5   82.    56.    52.  1643.   118.   173.    46.    47.
 9416.    36.   132.   122.   199. ]
[ 221.5   82.    56.    52.  1643.   118.   173.    46.    47.  9416.
   36.   132.   122.   199.    38. ]
[  82.   56.   52. 1643.  118.  173.   46.   47. 9416.   36.  132.  122.
  199.   38.   47.]
[  56.    52.  1643.   118.   173.    46.    47.  9416.    36.   132.
  122.   199.    38.    47.   221.5]
[  52.  1643.   118.   173.    46.    47.  9416.    36.   132.   122.
  199.    38.    47.   221.5   51. ]
[1643.   118.   173.    46.    47.  9416.    36.   132.   122.   199.
   38.    47.   221.5   51.   429. ]
[ 118.   173.    46.    47.  9416.    36.   132.   122.   199.    38.
   47.   221.5   51.   429.  5874. ]
[ 173.    46.    47.  9416.    36.   132.   122.   199.    38.    47.
  221.5   51.   429.  5874.   479. ]
[  46.    47.  9416.    36.   132.   122.   199.    38.    47.   221.5
   51.   429.  5874.   479.    80. ]
[  47.  9416.    36.   132.   122.   199.    38.    47.   221.5   51.
  429.  5874.   479.    80.    79. ]
[9416.    36.   132.   122.   199.    38.    47.   221.5   51.   429.
 5874.   479.    80.    79.    48. ]
[  36.   132.   122.   199.    38.    47.   221.5   51.   429.  5874.
  479.    80.    79.    48.   965. ]
[ 132.   122.   199.    38.    47.   221.5   51.   429.  5874.   479.
   80.    79.    48.   965.  2383. ]
[ 122.   199.    38.    47.   221.5   51.   429.  5874.   479.    80.
   79.    48.   965.  2383.    66. ]
[ 199.    38.    47.   221.5   51.   429.  5874.   479.    80.    79.
   48.   965.  2383.    66.    18. ]
[  38.    47.   221.5   51.   429.  5874.   479.    80.    79.    48.
  965.  2383.    66.    18.    70. ]
[  47.   221.5   51.   429.  5874.   479.    80.    79.    48.   965.
 2383.    66.    18.    70.     7. ]
[ 221.5   51.   429.  5874.   479.    80.    79.    48.   965.  2383.
   66.    18.    70.     7.   552. ]
[  51.  429. 5874.  479.   80.   79.   48.  965. 2383.   66.   18.   70.
    7.  552.   44.]
[ 429. 5874.  479.   80.   79.   48.  965. 2383.   66.   18.   70.    7.
  552.   44. 1338.]
[5874.  479.   80.   79.   48.  965. 2383.   66.   18.   70.    7.  552.
   44. 1338.  321.]
[ 479.   80.   79.   48.  965. 2383.   66.   18.   70.    7.  552.   44.
 1338.  321.  140.]
[  80.   79.   48.  965. 2383.   66.   18.   70.    7.  552.   44. 1338.
  321.  140.  155.]
[  79.   48.  965. 2383.   66.   18.   70.    7.  552.   44. 1338.  321.
  140.  155.  718.]
[  48.  965. 2383.   66.   18.   70.    7.  552.   44. 1338.  321.  140.
  155.  718. 1536.]
[ 965. 2383.   66.   18.   70.    7.  552.   44. 1338.  321.  140.  155.
  718. 1536.  138.]
[2.383e+03 6.600e+01 1.800e+01 7.000e+01 7.000e+00 5.520e+02 4.400e+01
 1.338e+03 3.210e+02 1.400e+02 1.550e+02 7.180e+02 1.536e+03 1.380e+02
 7.471e+03]
[6.600e+01 1.800e+01 7.000e+01 7.000e+00 5.520e+02 4.400e+01 1.338e+03
 3.210e+02 1.400e+02 1.550e+02 7.180e+02 1.536e+03 1.380e+02 7.471e+03
 1.140e+02]
[1.800e+01 7.000e+01 7.000e+00 5.520e+02 4.400e+01 1.338e+03 3.210e+02
 1.400e+02 1.550e+02 7.180e+02 1.536e+03 1.380e+02 7.471e+03 1.140e+02
 1.350e+02]
[7.000e+01 7.000e+00 5.520e+02 4.400e+01 1.338e+03 3.210e+02 1.400e+02
 1.550e+02 7.180e+02 1.536e+03 1.380e+02 7.471e+03 1.140e+02 1.350e+02
 1.280e+02]
[7.000e+00 5.520e+02 4.400e+01 1.338e+03 3.210e+02 1.400e+02 1.550e+02
 7.180e+02 1.536e+03 1.380e+02 7.471e+03 1.140e+02 1.350e+02 1.280e+02
 7.100e+01]
[ 552.   44. 1338.  321.  140.  155.  718. 1536.  138. 7471.  114.  135.
  128.   71.   86.]
[  44. 1338.  321.  140.  155.  718. 1536.  138. 7471.  114.  135.  128.
   71.   86.  721.]
[1338.  321.  140.  155.  718. 1536.  138. 7471.  114.  135.  128.   71.
   86.  721. 9822.]
[ 321.  140.  155.  718. 1536.  138. 7471.  114.  135.  128.   71.   86.
  721. 9822. 4127.]
[ 140.  155.  718. 1536.  138. 7471.  114.  135.  128.   71.   86.  721.
 9822. 4127. 1375.]
[ 155.  718. 1536.  138. 7471.  114.  135.  128.   71.   86.  721. 9822.
 4127. 1375. 9214.]
[ 718. 1536.  138. 7471.  114.  135.  128.   71.   86.  721. 9822. 4127.
 1375. 9214.  891.]
[1536.  138. 7471.  114.  135.  128.   71.   86.  721. 9822. 4127. 1375.
 9214.  891. 1365.]
[ 138. 7471.  114.  135.  128.   71.   86.  721. 9822. 4127. 1375. 9214.
  891. 1365.  164.]
[7471.  114.  135.  128.   71.   86.  721. 9822. 4127. 1375. 9214.  891.
 1365.  164. 1093.]
[ 114.  135.  128.   71.   86.  721. 9822. 4127. 1375. 9214.  891. 1365.
  164. 1093. 1023.]
[ 135.  128.   71.   86.  721. 9822. 4127. 1375. 9214.  891. 1365.  164.
 1093. 1023.   39.]
[ 128.   71.   86.  721. 9822. 4127. 1375. 9214.  891. 1365.  164. 1093.
 1023.   39. 1295.]
[  71.   86.  721. 9822. 4127. 1375. 9214.  891. 1365.  164. 1093. 1023.
   39. 1295.  127.]
[  86.  721. 9822. 4127. 1375. 9214.  891. 1365.  164. 1093. 1023.   39.
 1295.  127. 2730.]
[ 721. 9822. 4127. 1375. 9214.  891. 1365.  164. 1093. 1023.   39. 1295.
  127. 2730.   85.]
[9822. 4127. 1375. 9214.  891. 1365.  164. 1093. 1023.   39. 1295.  127.
 2730.   85. 7214.]
[4127. 1375. 9214.  891. 1365.  164. 1093. 1023.   39. 1295.  127. 2730.
   85. 7214.  378.]
[1375. 9214.  891. 1365.  164. 1093. 1023.   39. 1295.  127. 2730.   85.
 7214.  378. 3873.]
[9214.  891. 1365.  164. 1093. 1023.   39. 1295.  127. 2730.   85. 7214.
  378. 3873.   81.]
[ 891. 1365.  164. 1093. 1023.   39. 1295.  127. 2730.   85. 7214.  378.
 3873.   81.  117.]
[1365.  164. 1093. 1023.   39. 1295.  127. 2730.   85. 7214.  378. 3873.
   81.  117.  160.]
[ 164. 1093. 1023.   39. 1295.  127. 2730.   85. 7214.  378. 3873.   81.
  117.  160.  557.]
[1093. 1023.   39. 1295.  127. 2730.   85. 7214.  378. 3873.   81.  117.
  160.  557.  195.]
[1023.   39. 1295.  127. 2730.   85. 7214.  378. 3873.   81.  117.  160.
  557.  195.  193.]
[  39. 1295.  127. 2730.   85. 7214.  378. 3873.   81.  117.  160.  557.
  195.  193.   68.]
[1295.  127. 2730.   85. 7214.  378. 3873.   81.  117.  160.  557.  195.
  193.   68. 4305.]
[ 127. 2730.   85. 7214.  378. 3873.   81.  117.  160.  557.  195.  193.
   68. 4305.  201.]
[2730.   85. 7214.  378. 3873.   81.  117.  160.  557.  195.  193.   68.
 4305.  201.   44.]
[  85. 7214.  378. 3873.   81.  117.  160.  557.  195.  193.   68. 4305.
  201.   44. 1545.]
[7214.   378.  3873.    81.   117.   160.   557.   195.   193.    68.
 4305.   201.    44.  1545.   221.5]
[ 378.  3873.    81.   117.   160.   557.   195.   193.    68.  4305.
  201.    44.  1545.   221.5  505. ]
[3873.    81.   117.   160.   557.   195.   193.    68.  4305.   201.
   44.  1545.   221.5  505.    23. ]
[  81.   117.   160.   557.   195.   193.    68.  4305.   201.    44.
 1545.   221.5  505.    23.  1786. ]
[ 117.   160.   557.   195.   193.    68.  4305.   201.    44.  1545.
  221.5  505.    23.  1786.  3956. ]
[ 160.   557.   195.   193.    68.  4305.   201.    44.  1545.   221.5
  505.    23.  1786.  3956.   133. ]
[ 557.   195.   193.    68.  4305.   201.    44.  1545.   221.5  505.
   23.  1786.  3956.   133.   154. ]
[ 195.   193.    68.  4305.   201.    44.  1545.   221.5  505.    23.
 1786.  3956.   133.   154.   125. ]
[ 193.    68.  4305.   201.    44.  1545.   221.5  505.    23.  1786.
 3956.   133.   154.   125.   950. ]
[  68.  4305.   201.    44.  1545.   221.5  505.    23.  1786.  3956.
  133.   154.   125.   950.   221.5]
[4305.   201.    44.  1545.   221.5  505.    23.  1786.  3956.   133.
  154.   125.   950.   221.5 7420. ]
[ 201.    44.  1545.   221.5  505.    23.  1786.  3956.   133.   154.
  125.   950.   221.5 7420.   643. ]
[  44.  1545.   221.5  505.    23.  1786.  3956.   133.   154.   125.
  950.   221.5 7420.   643.   222. ]
[1545.   221.5  505.    23.  1786.  3956.   133.   154.   125.   950.
  221.5 7420.   643.   222.    71. ]
[ 221.5  505.    23.  1786.  3956.   133.   154.   125.   950.   221.5
 7420.   643.   222.    71.   523. ]
[ 505.    23.  1786.  3956.   133.   154.   125.   950.   221.5 7420.
  643.   222.    71.   523.  1899. ]
[  23.  1786.  3956.   133.   154.   125.   950.   221.5 7420.   643.
  222.    71.   523.  1899.   405. ]
[1786.  3956.   133.   154.   125.   950.   221.5 7420.   643.   222.
   71.   523.  1899.   405.  5343. ]
[3956.   133.   154.   125.   950.   221.5 7420.   643.   222.    71.
  523.  1899.   405.  5343.   113. ]
[ 133.   154.   125.   950.   221.5 7420.   643.   222.    71.   523.
 1899.   405.  5343.   113.  2711. ]
[ 154.   125.   950.   221.5 7420.   643.   222.    71.   523.  1899.
  405.  5343.   113.  2711.   111. ]
[ 125.   950.   221.5 7420.   643.   222.    71.   523.  1899.   405.
 5343.   113.  2711.   111.   353. ]
[ 950.   221.5 7420.   643.   222.    71.   523.  1899.   405.  5343.
  113.  2711.   111.   353.   198. ]
[ 221.5 7420.   643.   222.    71.   523.  1899.   405.  5343.   113.
 2711.   111.   353.   198.   899. ]
[7420.  643.  222.   71.  523. 1899.  405. 5343.  113. 2711.  111.  353.
  198.  899.  362.]
[ 643.  222.   71.  523. 1899.  405. 5343.  113. 2711.  111.  353.  198.
  899.  362. 3120.]
[ 222.   71.  523. 1899.  405. 5343.  113. 2711.  111.  353.  198.  899.
  362. 3120.  220.]
[  71.  523. 1899.  405. 5343.  113. 2711.  111.  353.  198.  899.  362.
 3120.  220.  303.]
[ 523. 1899.  405. 5343.  113. 2711.  111.  353.  198.  899.  362. 3120.
  220.  303. 1436.]
[1899.  405. 5343.  113. 2711.  111.  353.  198.  899.  362. 3120.  220.
  303. 1436.   60.]
[ 405. 5343.  113. 2711.  111.  353.  198.  899.  362. 3120.  220.  303.
 1436.   60.  462.]
[5343.  113. 2711.  111.  353.  198.  899.  362. 3120.  220.  303. 1436.
   60.  462.  172.]
[ 113. 2711.  111.  353.  198.  899.  362. 3120.  220.  303. 1436.   60.
  462.  172. 1099.]
[2711.  111.  353.  198.  899.  362. 3120.  220.  303. 1436.   60.  462.
  172. 1099. 1452.]
[ 111.  353.  198.  899.  362. 3120.  220.  303. 1436.   60.  462.  172.
 1099. 1452.  405.]
[ 353.  198.  899.  362. 3120.  220.  303. 1436.   60.  462.  172. 1099.
 1452.  405.   97.]
[ 198.  899.  362. 3120.  220.  303. 1436.   60.  462.  172. 1099. 1452.
  405.   97.   38.]
[ 899.  362. 3120.  220.  303. 1436.   60.  462.  172. 1099. 1452.  405.
   97.   38.   91.]
[ 362. 3120.  220.  303. 1436.   60.  462.  172. 1099. 1452.  405.   97.
   38.   91.  396.]
[3120.  220.  303. 1436.   60.  462.  172. 1099. 1452.  405.   97.   38.
   91.  396.  168.]
[ 220.  303. 1436.   60.  462.  172. 1099. 1452.  405.   97.   38.   91.
  396.  168.   56.]
[ 303. 1436.   60.  462.  172. 1099. 1452.  405.   97.   38.   91.  396.
  168.   56.   56.]
[1436.   60.  462.  172. 1099. 1452.  405.   97.   38.   91.  396.  168.
   56.   56.  434.]
[  60.  462.  172. 1099. 1452.  405.   97.   38.   91.  396.  168.   56.
   56.  434.  423.]
[ 462.  172. 1099. 1452.  405.   97.   38.   91.  396.  168.   56.   56.
  434.  423.  150.]
[ 172. 1099. 1452.  405.   97.   38.   91.  396.  168.   56.   56.  434.
  423.  150.   32.]
[1099. 1452.  405.   97.   38.   91.  396.  168.   56.   56.  434.  423.
  150.   32.  104.]
[1452.  405.   97.   38.   91.  396.  168.   56.   56.  434.  423.  150.
   32.  104.  298.]
[405.  97.  38.  91. 396. 168.  56.  56. 434. 423. 150.  32. 104. 298.
  57.]
[ 97.  38.  91. 396. 168.  56.  56. 434. 423. 150.  32. 104. 298.  57.
  25.]
[ 38.  91. 396. 168.  56.  56. 434. 423. 150.  32. 104. 298.  57.  25.
 125.]
[ 91. 396. 168.  56.  56. 434. 423. 150.  32. 104. 298.  57.  25. 125.
   9.]
[ 396.  168.   56.   56.  434.  423.  150.   32.  104.  298.   57.   25.
  125.    9. 1209.]
[ 168.   56.   56.  434.  423.  150.   32.  104.  298.   57.   25.  125.
    9. 1209.  197.]
[  56.   56.  434.  423.  150.   32.  104.  298.   57.   25.  125.    9.
 1209.  197.  193.]
[  56.  434.  423.  150.   32.  104.  298.   57.   25.  125.    9. 1209.
  197.  193.   14.]
[ 434.  423.  150.   32.  104.  298.   57.   25.  125.    9. 1209.  197.
  193.   14.    3.]
[ 423.  150.   32.  104.  298.   57.   25.  125.    9. 1209.  197.  193.
   14.    3.  179.]
[ 150.   32.  104.  298.   57.   25.  125.    9. 1209.  197.  193.   14.
    3.  179.  168.]
[  32.  104.  298.   57.   25.  125.    9. 1209.  197.  193.   14.    3.
  179.  168.  157.]
[ 104.  298.   57.   25.  125.    9. 1209.  197.  193.   14.    3.  179.
  168.  157.  288.]
[ 298.   57.   25.  125.    9. 1209.  197.  193.   14.    3.  179.  168.
  157.  288.  198.]
[  57.   25.  125.    9. 1209.  197.  193.   14.    3.  179.  168.  157.
  288.  198.  101.]
[  25.  125.    9. 1209.  197.  193.   14.    3.  179.  168.  157.  288.
  198.  101.  229.]
[ 125.    9. 1209.  197.  193.   14.    3.  179.  168.  157.  288.  198.
  101.  229.  126.]
[   9. 1209.  197.  193.   14.    3.  179.  168.  157.  288.  198.  101.
  229.  126.  964.]
[1209.  197.  193.   14.    3.  179.  168.  157.  288.  198.  101.  229.
  126.  964. 2421.]
[ 197.  193.   14.    3.  179.  168.  157.  288.  198.  101.  229.  126.
  964. 2421.  200.]
[ 193.    14.     3.   179.   168.   157.   288.   198.   101.   229.
  126.   964.  2421.   200.   221.5]
[  14.     3.   179.   168.   157.   288.   198.   101.   229.   126.
  964.  2421.   200.   221.5   69. ]
[   3.   179.   168.   157.   288.   198.   101.   229.   126.   964.
 2421.   200.   221.5   69.   243. ]
[ 179.   168.   157.   288.   198.   101.   229.   126.   964.  2421.
  200.   221.5   69.   243.   554. ]
[ 168.   157.   288.   198.   101.   229.   126.   964.  2421.   200.
  221.5   69.   243.   554.   117. ]
[ 157.   288.   198.   101.   229.   126.   964.  2421.   200.   221.5
   69.   243.   554.   117.   701. ]
[ 288.   198.   101.   229.   126.   964.  2421.   200.   221.5   69.
  243.   554.   117.   701.   221. ]
[ 198.   101.   229.   126.   964.  2421.   200.   221.5   69.   243.
  554.   117.   701.   221.   200. ]
[ 101.   229.   126.   964.  2421.   200.   221.5   69.   243.   554.
  117.   701.   221.   200.   150. ]
[ 229.   126.   964.  2421.   200.   221.5   69.   243.   554.   117.
  701.   221.   200.   150.   901. ]
[ 126.   964.  2421.   200.   221.5   69.   243.   554.   117.   701.
  221.   200.   150.   901.  7270. ]
[ 964.  2421.   200.   221.5   69.   243.   554.   117.   701.   221.
  200.   150.   901.  7270.  2235. ]
[2421.   200.   221.5   69.   243.   554.   117.   701.   221.   200.
  150.   901.  7270.  2235.   399. ]
[ 200.   221.5   69.   243.   554.   117.   701.   221.   200.   150.
  901.  7270.  2235.   399.   261. ]
[ 221.5   69.   243.   554.   117.   701.   221.   200.   150.   901.
 7270.  2235.   399.   261.   440. ]
[  69.  243.  554.  117.  701.  221.  200.  150.  901. 7270. 2235.  399.
  261.  440.  138.]
[ 243.  554.  117.  701.  221.  200.  150.  901. 7270. 2235.  399.  261.
  440.  138.   28.]
[ 554.  117.  701.  221.  200.  150.  901. 7270. 2235.  399.  261.  440.
  138.   28.   88.]
[ 117.  701.  221.  200.  150.  901. 7270. 2235.  399.  261.  440.  138.
   28.   88. 3434.]
[ 701.  221.  200.  150.  901. 7270. 2235.  399.  261.  440.  138.   28.
   88. 3434.  104.]
[ 221.  200.  150.  901. 7270. 2235.  399.  261.  440.  138.   28.   88.
 3434.  104.  920.]
[ 200.   150.   901.  7270.  2235.   399.   261.   440.   138.    28.
   88.  3434.   104.   920.   221.5]
[ 150.   901.  7270.  2235.   399.   261.   440.   138.    28.    88.
 3434.   104.   920.   221.5  582. ]
[ 901.  7270.  2235.   399.   261.   440.   138.    28.    88.  3434.
  104.   920.   221.5  582.   517. ]
[7270.  2235.   399.   261.   440.   138.    28.    88.  3434.   104.
  920.   221.5  582.   517.  1637. ]
[2235.   399.   261.   440.   138.    28.    88.  3434.   104.   920.
  221.5  582.   517.  1637.  2990. ]
[ 399.   261.   440.   138.    28.    88.  3434.   104.   920.   221.5
  582.   517.  1637.  2990.    86. ]
[2.610e+02 4.400e+02 1.380e+02 2.800e+01 8.800e+01 3.434e+03 1.040e+02
 9.200e+02 2.215e+02 5.820e+02 5.170e+02 1.637e+03 2.990e+03 8.600e+01
 2.000e+00]
[4.400e+02 1.380e+02 2.800e+01 8.800e+01 3.434e+03 1.040e+02 9.200e+02
 2.215e+02 5.820e+02 5.170e+02 1.637e+03 2.990e+03 8.600e+01 2.000e+00
 6.220e+02]
[1.380e+02 2.800e+01 8.800e+01 3.434e+03 1.040e+02 9.200e+02 2.215e+02
 5.820e+02 5.170e+02 1.637e+03 2.990e+03 8.600e+01 2.000e+00 6.220e+02
 1.057e+03]
[2.800e+01 8.800e+01 3.434e+03 1.040e+02 9.200e+02 2.215e+02 5.820e+02
 5.170e+02 1.637e+03 2.990e+03 8.600e+01 2.000e+00 6.220e+02 1.057e+03
 7.300e+01]
[8.800e+01 3.434e+03 1.040e+02 9.200e+02 2.215e+02 5.820e+02 5.170e+02
 1.637e+03 2.990e+03 8.600e+01 2.000e+00 6.220e+02 1.057e+03 7.300e+01
 1.590e+02]
[3.434e+03 1.040e+02 9.200e+02 2.215e+02 5.820e+02 5.170e+02 1.637e+03
 2.990e+03 8.600e+01 2.000e+00 6.220e+02 1.057e+03 7.300e+01 1.590e+02
 1.430e+02]
[1.040e+02 9.200e+02 2.215e+02 5.820e+02 5.170e+02 1.637e+03 2.990e+03
 8.600e+01 2.000e+00 6.220e+02 1.057e+03 7.300e+01 1.590e+02 1.430e+02
 1.160e+02]
[9.200e+02 2.215e+02 5.820e+02 5.170e+02 1.637e+03 2.990e+03 8.600e+01
 2.000e+00 6.220e+02 1.057e+03 7.300e+01 1.590e+02 1.430e+02 1.160e+02
 6.900e+01]
[2.215e+02 5.820e+02 5.170e+02 1.637e+03 2.990e+03 8.600e+01 2.000e+00
 6.220e+02 1.057e+03 7.300e+01 1.590e+02 1.430e+02 1.160e+02 6.900e+01
 2.700e+01]
[5.820e+02 5.170e+02 1.637e+03 2.990e+03 8.600e+01 2.000e+00 6.220e+02
 1.057e+03 7.300e+01 1.590e+02 1.430e+02 1.160e+02 6.900e+01 2.700e+01
 3.800e+02]
[5.170e+02 1.637e+03 2.990e+03 8.600e+01 2.000e+00 6.220e+02 1.057e+03
 7.300e+01 1.590e+02 1.430e+02 1.160e+02 6.900e+01 2.700e+01 3.800e+02
 3.500e+01]
[1.637e+03 2.990e+03 8.600e+01 2.000e+00 6.220e+02 1.057e+03 7.300e+01
 1.590e+02 1.430e+02 1.160e+02 6.900e+01 2.700e+01 3.800e+02 3.500e+01
 2.200e+01]
[2.990e+03 8.600e+01 2.000e+00 6.220e+02 1.057e+03 7.300e+01 1.590e+02
 1.430e+02 1.160e+02 6.900e+01 2.700e+01 3.800e+02 3.500e+01 2.200e+01
 4.400e+01]
[8.600e+01 2.000e+00 6.220e+02 1.057e+03 7.300e+01 1.590e+02 1.430e+02
 1.160e+02 6.900e+01 2.700e+01 3.800e+02 3.500e+01 2.200e+01 4.400e+01
 2.958e+03]
[2.000e+00 6.220e+02 1.057e+03 7.300e+01 1.590e+02 1.430e+02 1.160e+02
 6.900e+01 2.700e+01 3.800e+02 3.500e+01 2.200e+01 4.400e+01 2.958e+03
 8.800e+01]
[ 622. 1057.   73.  159.  143.  116.   69.   27.  380.   35.   22.   44.
 2958.   88. 4465.]
[1057.    73.   159.   143.   116.    69.    27.   380.    35.    22.
   44.  2958.    88.  4465.   221.5]
[  73.   159.   143.   116.    69.    27.   380.    35.    22.    44.
 2958.    88.  4465.   221.5  586. ]
[ 159.   143.   116.    69.    27.   380.    35.    22.    44.  2958.
   88.  4465.   221.5  586.   209. ]
[ 143.   116.    69.    27.   380.    35.    22.    44.  2958.    88.
 4465.   221.5  586.   209.   213. ]
[ 116.    69.    27.   380.    35.    22.    44.  2958.    88.  4465.
  221.5  586.   209.   213.   108. ]
[  69.    27.   380.    35.    22.    44.  2958.    88.  4465.   221.5
  586.   209.   213.   108.    33. ]
[  27.   380.    35.    22.    44.  2958.    88.  4465.   221.5  586.
  209.   213.   108.    33.  9084. ]
[ 380.    35.    22.    44.  2958.    88.  4465.   221.5  586.   209.
  213.   108.    33.  9084.  2326. ]
[  35.    22.    44.  2958.    88.  4465.   221.5  586.   209.   213.
  108.    33.  9084.  2326.  3791. ]
[  22.    44.  2958.    88.  4465.   221.5  586.   209.   213.   108.
   33.  9084.  2326.  3791.   502. ]
[  44.  2958.    88.  4465.   221.5  586.   209.   213.   108.    33.
 9084.  2326.  3791.   502.   202. ]
[2958.    88.  4465.   221.5  586.   209.   213.   108.    33.  9084.
 2326.  3791.   502.   202.   453. ]
[  88.  4465.   221.5  586.   209.   213.   108.    33.  9084.  2326.
 3791.   502.   202.   453.   318. ]
[4465.   221.5  586.   209.   213.   108.    33.  9084.  2326.  3791.
  502.   202.   453.   318.    59. ]
[ 221.5  586.   209.   213.   108.    33.  9084.  2326.  3791.   502.
  202.   453.   318.    59.   844. ]
[ 586.  209.  213.  108.   33. 9084. 2326. 3791.  502.  202.  453.  318.
   59.  844.  835.]
[ 209.  213.  108.   33. 9084. 2326. 3791.  502.  202.  453.  318.   59.
  844.  835.   50.]
[ 213.  108.   33. 9084. 2326. 3791.  502.  202.  453.  318.   59.  844.
  835.   50. 4537.]
[ 108.   33. 9084. 2326. 3791.  502.  202.  453.  318.   59.  844.  835.
   50. 4537.  563.]
[  33. 9084. 2326. 3791.  502.  202.  453.  318.   59.  844.  835.   50.
 4537.  563.  114.]
[9084. 2326. 3791.  502.  202.  453.  318.   59.  844.  835.   50. 4537.
  563.  114.  513.]
[2326. 3791.  502.  202.  453.  318.   59.  844.  835.   50. 4537.  563.
  114.  513. 4436.]
[3791.  502.  202.  453.  318.   59.  844.  835.   50. 4537.  563.  114.
  513. 4436.  169.]
[ 502.  202.  453.  318.   59.  844.  835.   50. 4537.  563.  114.  513.
 4436.  169.   14.]
[ 202.  453.  318.   59.  844.  835.   50. 4537.  563.  114.  513. 4436.
  169.   14.  279.]
[ 453.  318.   59.  844.  835.   50. 4537.  563.  114.  513. 4436.  169.
   14.  279.  780.]
[ 318.   59.  844.  835.   50. 4537.  563.  114.  513. 4436.  169.   14.
  279.  780.  117.]
[  59.  844.  835.   50. 4537.  563.  114.  513. 4436.  169.   14.  279.
  780.  117.   56.]
[ 844.  835.   50. 4537.  563.  114.  513. 4436.  169.   14.  279.  780.
  117.   56.   64.]
[ 835.   50. 4537.  563.  114.  513. 4436.  169.   14.  279.  780.  117.
   56.   64.   44.]
[  50. 4537.  563.  114.  513. 4436.  169.   14.  279.  780.  117.   56.
   64.   44.  373.]
[4537.  563.  114.  513. 4436.  169.   14.  279.  780.  117.   56.   64.
   44.  373.  112.]
[ 563.  114.  513. 4436.  169.   14.  279.  780.  117.   56.   64.   44.
  373.  112.  793.]
[ 114.  513. 4436.  169.   14.  279.  780.  117.   56.   64.   44.  373.
  112.  793.  474.]
[ 513. 4436.  169.   14.  279.  780.  117.   56.   64.   44.  373.  112.
  793.  474.  296.]
[4436.  169.   14.  279.  780.  117.   56.   64.   44.  373.  112.  793.
  474.  296.  161.]
[169.  14. 279. 780. 117.  56.  64.  44. 373. 112. 793. 474. 296. 161.
 103.]
[  14.  279.  780.  117.   56.   64.   44.  373.  112.  793.  474.  296.
  161.  103. 1014.]
[ 279.  780.  117.   56.   64.   44.  373.  112.  793.  474.  296.  161.
  103. 1014.   61.]
[ 780.  117.   56.   64.   44.  373.  112.  793.  474.  296.  161.  103.
 1014.   61.   75.]
[ 117.   56.   64.   44.  373.  112.  793.  474.  296.  161.  103. 1014.
   61.   75. 1250.]
[  56.   64.   44.  373.  112.  793.  474.  296.  161.  103. 1014.   61.
   75. 1250. 4091.]
[  64.   44.  373.  112.  793.  474.  296.  161.  103. 1014.   61.   75.
 1250. 4091.   40.]
[  44.  373.  112.  793.  474.  296.  161.  103. 1014.   61.   75. 1250.
 4091.   40.  283.]
[ 373.  112.  793.  474.  296.  161.  103. 1014.   61.   75. 1250. 4091.
   40.  283.  130.]
[ 112.  793.  474.  296.  161.  103. 1014.   61.   75. 1250. 4091.   40.
  283.  130.   38.]
[ 793.  474.  296.  161.  103. 1014.   61.   75. 1250. 4091.   40.  283.
  130.   38.  144.]
[ 474.  296.  161.  103. 1014.   61.   75. 1250. 4091.   40.  283.  130.
   38.  144. 1292.]
[ 296.  161.  103. 1014.   61.   75. 1250. 4091.   40.  283.  130.   38.
  144. 1292.   45.]
[ 161.  103. 1014.   61.   75. 1250. 4091.   40.  283.  130.   38.  144.
 1292.   45. 1345.]
[ 103. 1014.   61.   75. 1250. 4091.   40.  283.  130.   38.  144. 1292.
   45. 1345.  109.]
[1014.   61.   75. 1250. 4091.   40.  283.  130.   38.  144. 1292.   45.
 1345.  109.  105.]
[  61.   75. 1250. 4091.   40.  283.  130.   38.  144. 1292.   45. 1345.
  109.  105.  332.]
[  75. 1250. 4091.   40.  283.  130.   38.  144. 1292.   45. 1345.  109.
  105.  332.  451.]
[1250. 4091.   40.  283.  130.   38.  144. 1292.   45. 1345.  109.  105.
  332.  451. 1463.]
[4091.   40.  283.  130.   38.  144. 1292.   45. 1345.  109.  105.  332.
  451. 1463.  242.]
[  40.  283.  130.   38.  144. 1292.   45. 1345.  109.  105.  332.  451.
 1463.  242. 2630.]
[ 283.  130.   38.  144. 1292.   45. 1345.  109.  105.  332.  451. 1463.
  242. 2630. 2439.]
[ 130.   38.  144. 1292.   45. 1345.  109.  105.  332.  451. 1463.  242.
 2630. 2439.  319.]
[  38.  144. 1292.   45. 1345.  109.  105.  332.  451. 1463.  242. 2630.
 2439.  319.   59.]
