477.77,512.77,547.76,582.76,617.76,
438.03,467.51,496.99,526.46,555.94,
408.69,433.32,457.96,482.59,507.23,
333.1,348.57,364.05,379.53,395.01,
275.06,283.19,291.32,299.45,307.59,
234.88,237.22,239.56,241.9,244.25,
185.17,180.27,175.36,170.46,165.56,
99.2,83.7,68.2,52.7,37.2,
329.63,333.16,336.69,340.21,343.74,
236.49,228.2,219.91,211.62,203.33,
126.36,104.59,82.82,61.05,39.28,
121.88,105.74,89.61,73.48,57.35,
154.83,149.41,143.99,138.56,133.14,
113.96,103.34,92.72,82.1,71.48,
94.57,83.97,73.36,62.76,52.16,
103.65,97.41,91.18,84.94,78.7,
67.7,57.77,47.85,37.93,28.01,
51.21,40.28,29.35,18.41,7.48,
1.48,0.0,0.0,0.0,0.0,
0.0,0.0,0.0,0.0,0.0,
2454.45,2666.66,2878.88,3091.09,3303.3,
2167.27,2344.39,2521.52,2698.64,2875.77,
5663.94,6159.06,6654.18,7149.3,7644.41,
5136.22,5575.18,6014.14,6453.1,6892.06,
4461.82,4817.03,5172.24,5527.45,5882.66,
6114.42,6603.3,7092.19,7581.08,8069.96,
5337.72,5724.41,6111.09,6497.77,6884.45,
4409.66,4679.66,4949.67,5219.68,5489.69,
5731.93,6097.21,6462.48,6827.76,7193.03,
5197.39,5475.5,5753.6,6031.71,6309.82,
3934.06,4054.64,4175.22,4295.8,4416.39,
2677.2,2640.63,2604.05,2567.47,2530.9,
1424.97,1232.04,1039.11,846.19,653.26,
183.46,0.0,0.0,0.0,0.0,
0.0,0.0,0.0,0.0,0.0,
0.0,0.0,0.0,0.0,0.0,
0.0,0.0,0.0,0.0,0.0,
0.0,0.0,0.0,0.0,0.0,
0.0,0.0,0.0,0.0,0.0,
0.0,0.0,0.0,0.0,0.0,
0.0,0.0,0.0,0.0,0.0,
0.0,0.0,0.0,0.0,0.0,
0.0,0.0,0.0,0.0,0.0,
143.74,118.69,93.63,68.57,43.51,
415.9,445.02,474.15,503.28,532.41,
351.72,372.48,393.24,414.0,434.75,
298.2,311.97,325.75,339.52,353.3,
245.44,252.28,259.13,265.98,272.82,
198.74,200.01,201.28,202.55,203.81,
139.98,134.25,128.51,122.77,117.04,
80.57,67.39,54.21,41.04,27.86,
12.54,0.0,0.0,0.0,0.0,
3000.63,3257.41,3514.19,3770.96,4027.74,
2638.19,2849.17,3060.15,3271.14,3482.12,
2305.45,2475.76,2646.08,2816.39,2986.7,
4273.13,4616.51,4959.88,5303.26,5646.63,
3907.65,4215.71,4523.78,4831.84,5139.9,
5590.79,6040.9,6491.0,6941.11,7391.22,
4809.75,5162.26,5514.77,5867.28,6219.8,
3975.83,4224.38,4472.94,4721.49,4970.04,
3139.49,3283.67,3427.86,3572.04,3716.23,
4928.86,5215.19,5501.52,5787.85,6074.19,
3822.89,3971.27,4119.66,4268.04,4416.43,
2766.72,2781.73,2796.74,2811.75,2826.75,
1666.53,1543.43,1420.33,1297.23,1174.13,
4238.82,4322.0,4405.19,4488.38,4571.56,
5409.49,5554.67,5699.86,5845.04,5990.23,
5461.4,5708.35,5955.3,6202.25,6449.2,
3992.47,4056.67,4120.87,4185.07,4249.27,
2546.1,2429.87,2313.65,2197.43,2081.21,
2522.98,2476.42,2429.86,2383.3,2336.74,
1359.73,1168.06,976.38,784.71,593.03,
1505.92,1402.63,1299.34,1196.05,1092.75,
540.99,318.22,95.45,0.0,0.0,
0.0,0.0,0.0,0.0,0.0,
0.0,0.0,0.0,0.0,0.0,
0.0,0.0,0.0,0.0,0.0,
0.0,0.0,0.0,0.0,0.0,
0.0,0.0,0.0,0.0,0.0,
0.0,0.0,0.0,0.0,0.0,
0.0,0.0,0.0,0.0,0.0,
416.39,440.3,464.2,488.11,512.02,
370.13,387.36,404.58,421.81,439.03,
307.77,316.29,324.81,333.34,341.86,
230.37,229.59,228.81,228.04,227.26,
158.24,149.31,140.38,131.45,122.52,
2722.48,2953.12,3183.76,3414.4,3645.05,
2408.34,2598.54,2788.73,2978.92,3169.11,
2053.51,2198.95,2344.39,2489.83,2635.27,
1696.44,1796.71,1896.98,1997.25,2097.52,
1332.96,1388.27,1443.57,1498.87,1554.18,
1232.78,1287.65,1342.51,1397.37,1452.24,
927.46,943.99,960.52,977.05,993.59,
657.71,642.18,626.64,611.11,595.57,
451.72,416.38,381.04,345.7,310.35,
164.82,93.3,21.79,0.0,0.0,
0.0,0.0,0.0,0.0,0.0,
0.0,0.0,0.0,0.0,0.0,
0.0,0.0,0.0,0.0,0.0,
0.0,0.0,0.0,0.0,0.0,
0.0,0.0,0.0,0.0,0.0,
223.04,230.81,238.58,246.35,254.12,
327.75,345.84,363.92,382.01,400.1,
266.03,276.91,287.79,298.66,309.54,
2452.83,2667.41,2881.99,3096.56,3311.14,
2178.43,2357.76,2537.09,2716.41,2895.74,
2002.9,2157.28,2311.65,2466.02,2620.39,
1809.0,1936.1,2063.2,2190.3,2317.4,
1497.29,1585.77,1674.26,1762.74,1851.23,
1189.22,1238.68,1288.14,1337.6,1387.06,
878.46,889.21,899.97,910.73,921.49,
587.17,563.72,540.26,516.81,493.36,
446.67,414.89,383.12,351.34,319.57,
268.24,211.63,155.03,98.43,41.82,
1964.16,2057.59,2151.02,2244.45,2337.88,
1491.29,1524.8,1558.31,1591.82,1625.33,
1495.68,1513.44,1531.21,1548.98,1566.75,
1009.56,970.74,931.92,893.1,854.28,
470.11,363.25,256.39,149.53,42.67,
1320.57,1388.72,1456.86,1525.01,1593.16,
1068.9,1104.92,1140.95,1176.98,1213.01,
4279.65,4612.54,4945.43,5278.32,5611.2,
3677.52,3938.38,4199.24,4460.1,4720.95,
3018.94,3197.41,3375.88,3554.35,3732.81,
2361.82,2458.63,2555.44,2652.25,2749.06,
1723.04,1739.53,1756.03,1772.53,1789.02,
1066.72,1000.56,934.39,868.22,802.05,
398.96,249.19,99.42,0.0,0.0,
393.21,226.85,60.5,0.0,0.0,
877.17,833.37,789.56,745.76,701.96,
402.81,300.1,197.4,94.69,0.0,
201.85,90.31,0.0,0.0,0.0,
0.0,0.0,0.0,0.0,0.0,
0.0,0.0,0.0,0.0,0.0,
0.0,0.0,0.0,0.0,0.0,
0.0,0.0,0.0,0.0,0.0,
307.55,314.46,321.37,328.28,335.2,
2517.7,2729.3,2940.9,3152.51,3364.11,
4450.48,4832.99,5215.51,5598.03,5980.55,
6555.38,7117.1,7678.81,8240.52,8802.24,
5702.11,6157.8,6613.49,7069.18,7524.87,
4848.83,5198.16,5547.49,5896.81,6246.14,
4005.71,4249.08,4492.44,4735.81,4979.17,
3517.3,3718.15,3919.0,4119.84,4320.69,
2822.85,2933.54,3044.23,3154.92,3265.6,
2015.37,2025.79,2036.21,2046.64,2057.06,
1195.46,1103.36,1011.27,919.18,827.09,
810.12,656.26,502.39,348.52,194.65,
0.0,0.0,0.0,0.0,0.0,
0.0,0.0,0.0,0.0,0.0,
0.0,0.0,0.0,0.0,0.0,
0.0,0.0,0.0,0.0,0.0,
0.0,0.0,0.0,0.0,0.0,
0.0,0.0,0.0,0.0,0.0,
177.8,175.48,173.15,170.83,168.5,
127.9,118.82,109.75,100.68,91.61,
72.27,55.99,39.72,23.44,7.17,
19.26,0.0,0.0,0.0,0.0,
0.0,0.0,0.0,0.0,0.0,
0.0,0.0,0.0,0.0,0.0,
0.0,0.0,0.0,0.0,0.0,
0.0,0.0,0.0,0.0,0.0,
2510.33,2738.21,2966.08,3193.96,3421.83,
4559.24,4970.43,5381.63,5792.83,6204.02,
4030.39,4375.67,4720.95,5066.24,5411.52,
3505.54,3785.56,4065.58,4345.6,4625.61,
5693.82,6164.13,6634.44,7104.75,7575.06,
7018.91,7588.78,8158.64,8728.51,9298.37,
8239.76,8892.17,9544.57,10196.97,10849.38,
6958.04,7450.51,7942.98,8435.45,8927.92,
5705.44,6041.43,6377.43,6713.43,7049.42,
7211.65,7649.54,8087.43,8525.32,8963.2,
5649.53,5892.08,6134.63,6377.18,6619.73,
4447.73,4528.61,4609.48,4690.36,4771.23,
5752.72,5906.61,6060.49,6214.37,6368.25,
6701.43,6885.96,7070.49,7255.01,7439.54,
4593.5,4514.8,4436.1,4357.39,4278.69,
3827.4,3725.85,3624.3,3522.75,3421.2,
3275.83,3177.86,3079.89,2981.91,2883.94,
1571.57,1259.82,948.06,636.31,324.56,
0.0,0.0,0.0,0.0,0.0,
0.0,0.0,0.0,0.0,0.0,
0.0,0.0,0.0,0.0,0.0,
0.0,0.0,0.0,0.0,0.0,
0.0,0.0,0.0,0.0,0.0,
0.0,0.0,0.0,0.0,0.0,
0.0,0.0,0.0,0.0,0.0,
0.0,0.0,0.0,0.0,0.0,
0.0,0.0,0.0,0.0,0.0,
0.0,0.0,0.0,0.0,0.0,
21.91,9.03,0.0,0.0,0.0,
261.7,273.58,285.45,297.32,309.19,
244.9,254.7,264.5,274.31,284.11,
193.68,197.32,200.96,204.6,208.25,
191.97,194.82,197.66,200.51,203.36,
174.98,178.12,181.26,184.4,187.54,
158.49,161.07,163.66,166.24,168.83,
154.52,157.91,161.29,164.67,168.05,
114.52,112.93,111.34,109.75,108.15,
97.87,93.52,89.17,84.82,80.47,
80.37,75.24,70.11,64.99,59.86,
49.97,40.94,31.91,22.89,13.86,
