787.898,724.15924,715.5165
789.5316,724.1558,715.5165
184.4148,727.6774,715.5626
2.7738445,2.970503,2.965479
688.3229,724.3925,715.5193
787.0646,724.1611,715.5165
790.2298,724.1546,715.5165
790.8986,724.1531,715.5165
790.5837,724.1537,715.5165
655.1974,724.4833,715.52075
790.7375,724.1533,715.5165
785.3074,724.16486,715.5165
787.3616,724.1605,715.5165
790.8991,724.1531,715.5165
2.7238126,2.7166808,2.7170115
790.90076,724.1531,715.5165
790.90076,724.1531,715.5165
586.5129,724.69696,715.52386
790.90106,724.1531,715.5165
755.69025,724.2292,715.51715
756.9706,724.226,715.51715
790.89966,724.1531,715.5165
722.9738,724.30524,715.5184
790.8984,724.1531,715.5165
790.2849,724.1543,715.5165
790.9,724.1531,715.5165
63.421036,731.74133,715.6155
756.85754,724.2264,715.51715
790.90106,724.1531,715.5165
270.7161,726.54474,715.54785
183.61124,727.6911,715.5626
790.90106,724.1531,715.5165
2.7364197,2.7173543,2.7166717
30.05982,735.8397,715.6689
788.98444,724.1571,715.5165
790.89935,724.1531,715.5165
790.9017,724.1531,715.5165
788.32135,724.1583,715.5165
787.04285,724.1611,715.5165
776.28986,724.1838,715.51715
790.90106,724.1531,715.5165
154.8562,728.24243,715.56995
790.5188,724.15393,715.5165
790.9003,724.1531,715.5165
790.90106,724.1531,715.5165
651.32227,724.49445,715.52075
790.90106,724.1531,715.5165
790.90106,724.1531,715.5165
790.90106,724.1531,715.5165
790.6351,724.1537,715.5165
790.86774,724.1531,715.5165
790.6112,724.1537,715.5165
572.03925,724.7471,715.52386
790.90106,724.1531,715.5165
780.7656,724.1742,715.51715
785.9388,724.16327,715.5165
790.84705,724.1533,715.5165
790.90106,724.1531,715.5165
786.18274,724.16296,715.5165
411.59357,725.4696,715.5337
790.9024,724.1531,715.5165
790.8956,724.1531,715.5165
10.345349,745.5526,715.7924
790.25775,724.1543,715.5165
3.4260895,550.1514,713.47424
790.89465,724.1531,715.5165
790.90106,724.1531,715.5165
359.51483,725.79846,715.5377
8.202867,748.6923,715.82904
790.88995,724.1531,715.5165
790.9017,724.1531,715.5165
3.6270282,655.2817,714.22473
789.6342,724.1558,715.5165
756.8407,724.2264,715.51715
790.7143,724.1533,715.5165
704.97,724.3497,715.5186
788.6858,724.1577,715.5165
787.5794,724.1599,715.5165
778.30334,724.17944,715.51715
317.3711,726.1169,715.5423
779.2593,724.17755,715.51715
790.7465,724.1533,715.5165
770.517,724.1962,715.51715
790.90106,724.1531,715.5165
787.7681,724.1596,715.5165
790.4594,724.15393,715.5165
790.9218,724.1531,715.5165
790.9,724.1531,715.5165
788.22955,724.1586,715.5165
789.37335,724.1562,715.5165
790.4427,724.1568,715.5165
594.33514,724.6706,715.52386
790.9014,724.1531,715.5165
767.13635,724.2036,715.51715
2.7234256,2.7166827,2.717675
790.2775,724.1543,715.5165
790.90106,724.1531,715.5165
790.665,724.1537,715.5165
83.04078,730.5589,715.6007
790.90106,724.1531,715.5165
716.592,724.3208,715.5184
787.4192,724.1602,715.5165
790.90106,724.1531,715.5165
223.42416,727.0931,715.55524
790.85736,724.1533,715.5165
778.5077,724.1791,715.51715
783.3208,724.1689,715.5165
790.89966,724.1531,715.5165
783.579,724.1683,715.5165
789.9886,724.1549,715.5165
790.7224,724.1533,715.5165
52.417824,732.65814,715.62775
788.9258,724.1571,715.5165
790.9014,724.1531,715.5165
790.89667,724.1531,715.5165
790.90106,724.1531,715.5165
790.90106,724.1531,715.5165
787.81134,724.1596,715.5165
776.85693,724.18256,715.51715
790.6347,724.1537,715.5165
170.24892,727.9316,715.5657
790.9037,724.1531,715.5165
291.32324,726.3441,715.54474
698.2443,724.36676,715.5193
780.15674,724.17566,715.51715
700.4309,724.36115,715.5193
783.66455,724.1683,715.5165
755.2951,724.2298,715.51715
790.90106,724.1531,715.5165
784.6454,724.1661,715.5165
790.2342,724.1546,715.5165
752.4883,724.23627,715.51715
783.7662,724.1679,715.5165
674.0129,724.4307,715.5202
790.4393,724.15393,715.5165
790.46045,724.15393,715.5165
752.2126,724.23694,715.51715
700.9278,724.35986,715.5193
781.3314,724.1732,715.51715
790.7492,724.1533,715.5165
789.78986,724.1556,715.5165
742.6863,724.2586,715.51776
785.288,724.16486,715.5165
790.71765,724.1533,715.5165
789.68494,724.1556,715.5165
790.8977,724.1531,715.5165
772.1995,724.1925,715.51715
790.06335,724.1549,715.5165
789.97577,724.1549,715.5165
786.9017,724.1615,715.5165
790.88995,724.1531,715.5165
790.2338,724.1546,715.5165
785.27594,724.16486,715.5165
789.30023,724.1565,715.5165
769.7746,724.19775,715.51715
629.7086,724.55817,715.52203
774.4073,724.1878,715.51715
683.6747,724.4049,715.5199
779.17596,724.17755,715.51715
778.1632,724.17975,715.51715
790.888,724.1531,715.5165
788.0936,724.159,715.5165
695.7603,724.3733,715.5193
789.9775,724.1549,715.5165
786.20636,724.16296,715.5165
768.66785,724.20026,715.51715
790.01404,724.1549,715.5165
790.88153,724.1533,715.5165
790.90076,724.1531,715.5165
790.90106,724.1531,715.5165
640.5812,724.52545,715.5214
761.3834,724.2161,715.51715
649.1146,724.5007,715.52075
783.7029,724.1679,715.5165
513.6371,724.9708,715.5272
24.96189,737.11694,715.6858
789.4038,724.1562,715.5165
790.49194,724.15393,715.5165
763.2219,724.21204,715.51715
714.96246,724.32477,715.5184
774.87854,724.1869,715.51715
790.8681,724.1531,715.5165
790.66565,724.1537,715.5165
698.9235,724.3652,715.5193
790.90106,724.1531,715.5165
771.97095,724.19305,715.51715
783.8078,724.1679,715.5165
790.5058,724.15393,715.5165
790.8167,724.1533,715.5165
790.9003,724.1531,715.5165
504.0405,725.0112,715.5276
742.2789,724.2596,715.51776
790.90076,724.1531,715.5165
776.815,724.18286,715.51715
790.8984,724.1531,715.5165
770.62396,724.1959,715.51715
790.8977,724.1531,715.5165
677.8426,724.4205,715.51953
776.8177,724.18286,715.51715
790.7744,724.1533,715.5165
728.2687,724.2925,715.5184
4.1703906,736.5395,715.4188
2.8113935,2.914541,2.9701014
485.44305,725.0933,715.5288
785.9561,724.16327,715.5165
787.95734,724.15924,715.5165
788.53235,724.158,715.5165
790.90076,724.1531,715.5165
790.9108,724.1531,715.5165
790.80634,724.1533,715.5165
790.898,724.1531,715.5165
783.71686,724.1679,715.5165
790.90106,724.1531,715.5165
755.3583,724.2298,715.51715
789.55145,724.1558,715.5165
753.2803,724.2344,715.51715
782.83765,724.1698,715.5165
689.637,724.3891,715.5193
723.15027,724.3046,715.5184
786.5269,724.16235,715.5165
790.90106,724.1531,715.5165
790.3359,724.1543,715.5165
763.937,724.2108,715.51715
785.45557,724.1645,715.5165
790.3966,724.1543,715.5165
723.24927,724.3046,715.5184
15.190698,741.2844,715.73895
790.90436,724.1531,715.5165
790.8799,724.1531,715.5165
790.90106,724.1531,715.5165
756.6515,724.227,715.51715
790.67096,724.1537,715.5165
788.44495,724.158,715.5165
392.59018,725.5825,715.5353
790.90076,724.1531,715.5165
727.74664,724.2937,715.5184
787.9091,724.15924,715.5165
664.6586,724.4565,715.5202
790.89465,724.1531,715.5165
790.5152,724.15393,715.5165
3.3652532,494.57797,713.2888
783.25653,724.1689,715.5165
790.898,724.1531,715.5165
789.7306,724.1556,715.5165
400.91202,725.5321,715.5343
788.1325,724.1586,715.5165
790.90106,724.1531,715.5165
783.00977,724.16956,715.5165
790.90106,724.1531,715.5165
720.49,724.31116,715.5184
788.9861,724.1571,715.5165
790.6884,724.1537,715.5165
752.9332,724.2353,715.51715
615.68994,724.6013,715.52264
790.90076,724.1531,715.5165
790.90106,724.1531,715.5165
46.477467,733.27875,715.63574
608.06683,724.6255,715.52325
790.90106,724.1531,715.5165
657.0857,724.4776,715.52075
2.7255018,2.7166777,2.7168078
790.90106,724.1531,715.5165
790.97125,724.1531,715.5165
790.90106,724.1531,715.5165
790.90106,724.1531,715.5165
784.9502,724.16547,715.5165
790.8288,724.1533,715.5165
790.90106,724.1531,715.5165
316.42966,726.12463,715.5423
