86.933333,67.666667,283.116667,
67.666667,283.116667,44.0,
283.116667,44.0,203.633333,
44.0,203.633333,184.633333,
203.633333,184.633333,4546.6,
184.633333,4546.6,120.916667,
4546.6,120.916667,62.6,
120.916667,62.6,2159.733333,
62.6,2159.733333,89.35,
2159.733333,89.35,50.566667,
89.35,50.566667,542.233333,
50.566667,542.233333,116.2,
542.233333,116.2,118.116667,
116.2,118.116667,84.75,
118.116667,84.75,1463.866667,
84.75,1463.866667,3562.766667,
1463.866667,3562.766667,107.3,
3562.766667,107.3,2460.983333,
107.3,2460.983333,436.687059,
2460.983333,436.687059,48.383333,
436.687059,48.383333,80.033333,
48.383333,80.033333,87.314267,
80.033333,87.314267,163.95,
87.314267,163.95,103.883333,
1561.066667,424.166667,913.25,
424.166667,913.25,4587.6,
913.25,4587.6,90.730547,
4587.6,90.730547,88.816667,
90.730547,88.816667,74.483333,
88.816667,74.483333,170.375702,
74.483333,170.375702,831.833333,
170.375702,831.833333,1242.883333,
831.833333,1242.883333,1469.616667,
1242.883333,1469.616667,51.05,
1469.616667,51.05,1457.883333,
51.05,1457.883333,489.883333,
1457.883333,489.883333,39.1,
489.883333,39.1,7174.033333,
39.1,7174.033333,1379.342918,
7174.033333,1379.342918,1219.182791,
1379.342918,1219.182791,193.866667,
1219.182791,193.866667,1517.266667,
193.866667,1517.266667,671.8,
1517.266667,671.8,1285.733333,
671.8,1285.733333,263.683333,
148.166667,152.75,1123.75,
152.75,1123.75,113.166667,
1123.75,113.166667,1367.183333,
113.166667,1367.183333,21.766667,
1367.183333,21.766667,129.65,
21.766667,129.65,2485.416667,
129.65,2485.416667,28.963195,
2485.416667,28.963195,211.883333,
28.963195,211.883333,305.806651,
211.883333,305.806651,5760.15,
305.806651,5760.15,749.183333,
5760.15,749.183333,178.816667,
749.183333,178.816667,203.283333,
178.816667,203.283333,5135.95,
203.283333,5135.95,168.833333,
5135.95,168.833333,1378.683333,
168.833333,1378.683333,261.183333,
1378.683333,261.183333,2491.516667,
434.983333,106.816667,456.466667,
106.816667,456.466667,634.183333,
456.466667,634.183333,94.766667,
634.183333,94.766667,260.183333,
94.766667,260.183333,38.333333,
260.183333,38.333333,173.883333,
38.333333,173.883333,39.633333,
173.883333,39.633333,151.566667,
39.633333,151.566667,41.710782,
151.566667,41.710782,868.866667,
41.710782,868.866667,1106.839314,
868.866667,1106.839314,1079.716667,
1106.839314,1079.716667,112.9,
1079.716667,112.9,531.4,
112.9,531.4,158.35,
531.4,158.35,2896.383333,
158.35,2896.383333,89.0,
2896.383333,89.0,1438.4,
89.0,1438.4,386.016667,
5696.583333,86.833333,722.05,
86.833333,722.05,178.65,
722.05,178.65,4511.716667,
178.65,4511.716667,239.35,
4511.716667,239.35,1858.516667,
239.35,1858.516667,138.75,
1858.516667,138.75,166.6,
138.75,166.6,60.066667,
166.6,60.066667,39.216667,
60.066667,39.216667,333.127705,
39.216667,333.127705,1528.216667,
333.127705,1528.216667,6478.183333,
1528.216667,6478.183333,7.2,
6478.183333,7.2,655.7,
7.2,655.7,3811.162346,
655.7,3811.162346,54.616667,
3811.162346,54.616667,200.25,
54.616667,200.25,100.216667,
200.25,100.216667,67.007697,
100.216667,67.007697,1600.466667,
67.007697,1600.466667,20.466667,
1600.466667,20.466667,296.85,
20.466667,296.85,2539.25,
296.85,2539.25,197.567402,
2539.25,197.567402,464.049634,
197.567402,464.049634,52.047553,
464.049634,52.047553,82.783333,
52.047553,82.783333,56.45,
82.783333,56.45,52.033333,
362.35,3120.866667,220.333333,
3120.866667,220.333333,303.616667,
220.333333,303.616667,1436.233333,
303.616667,1436.233333,60.866667,
1436.233333,60.866667,462.233333,
60.866667,462.233333,172.616667,
462.233333,172.616667,1099.966667,
172.616667,1099.966667,1452.366667,
1099.966667,1452.366667,405.566667,
1452.366667,405.566667,116.391011,
405.566667,116.391011,97.033333,
116.391011,97.033333,38.983333,
97.033333,38.983333,91.2,
38.983333,91.2,396.183333,
91.2,396.183333,168.7,
396.183333,168.7,39.428585,
168.7,39.428585,56.383333,
39.428585,56.383333,56.85,
56.383333,56.85,434.933333,
56.85,434.933333,423.95,
434.933333,423.95,150.633333,
423.95,150.633333,32.366667,
150.633333,32.366667,104.483333,
32.366667,104.483333,298.95,
104.483333,298.95,57.583333,
298.95,57.583333,25.633333,
57.583333,25.633333,125.533333,
25.633333,125.533333,9.683333,
125.533333,9.683333,1209.266667,
9.683333,1209.266667,197.133333,
1209.266667,197.133333,217.937943,
197.133333,217.937943,193.866667,
217.937943,193.866667,14.283333,
193.866667,14.283333,3.983333,
14.283333,3.983333,179.1,
3.983333,179.1,168.75,
179.1,168.75,157.066667,
168.75,157.066667,288.466667,
157.066667,288.466667,198.416667,
288.466667,198.416667,101.033333,
198.416667,101.033333,229.35,
101.033333,229.35,126.733333,
229.35,126.733333,964.866667,
1019.40022,296.348413,179.376938,
296.348413,179.376938,237.675509,
179.376938,237.675509,704.92921,
237.675509,704.92921,325.755662,
704.92921,325.755662,33.128496,
325.755662,33.128496,152.283333,
33.128496,152.283333,1365.916667,
152.283333,1365.916667,103.636421,
1365.916667,103.636421,325.033333,
103.636421,325.033333,1368.466667,
325.033333,1368.466667,408.938294,
1368.466667,408.938294,189.816667,
408.938294,189.816667,344.466667,
189.816667,344.466667,430.15,
344.466667,430.15,734.483333,
430.15,734.483333,167.3,
734.483333,167.3,24.9,
167.3,24.9,624.7,
24.9,624.7,638.083333,
624.7,638.083333,102.082782,
638.083333,102.082782,254.417661,
102.082782,254.417661,267.791395,
254.417661,267.791395,469.949737,
267.791395,469.949737,63.890958,
469.949737,63.890958,150.358015,
63.890958,150.358015,104.674182,
150.358015,104.674182,103.316667,
104.674182,103.316667,80.25,
103.316667,80.25,145.916667,
80.25,145.916667,929.4,
145.916667,929.4,7466.338333,
929.4,7466.338333,2220.991403,
7466.338333,2220.991403,37.112513,
2220.991403,37.112513,904.873561,
37.112513,904.873561,358.917078,
904.873561,358.917078,289.965247,
358.917078,289.965247,33.435443,
289.965247,33.435443,4151.883333,
33.435443,4151.883333,24.783333,
4151.883333,24.783333,302.933333,
24.783333,302.933333,444.966667,
302.933333,444.966667,1782.2,
444.966667,1782.2,92.56302,
1782.2,92.56302,68.283333,
92.56302,68.283333,118.533333,
68.283333,118.533333,170.2,
118.533333,170.2,56.366667,
170.2,56.366667,967.483333,
56.366667,967.483333,980.95,
967.483333,980.95,192.05,
980.95,192.05,221.216667,
192.05,221.216667,1322.633333,
254.65,493.6,996.616667,
493.6,996.616667,185.560006,
996.616667,185.560006,351.033333,
185.560006,351.033333,149.816667,
351.033333,149.816667,392.766667,
149.816667,392.766667,170.8,
392.766667,170.8,122.468761,
170.8,122.468761,32.867654,
122.468761,32.867654,229.727095,
32.867654,229.727095,574.642539,
229.727095,574.642539,261.966667,
574.642539,261.966667,3274.505639,
261.966667,3274.505639,1806.816667,
3274.505639,1806.816667,293.715329,
1806.816667,293.715329,57.25,
293.715329,57.25,248.916667,
57.25,248.916667,143.458208,
248.916667,143.458208,997.05,
143.458208,997.05,219.767675,
997.05,219.767675,465.0,
219.767675,465.0,498.2,
465.0,498.2,2190.466667,
498.2,2190.466667,190.881149,
2190.466667,190.881149,119.816667,
190.881149,119.816667,1234.233333,
119.816667,1234.233333,301.316667,
1234.233333,301.316667,106.366667,
301.316667,106.366667,49.483333,
106.366667,49.483333,203.403889,
49.483333,203.403889,2163.521459,
203.403889,2163.521459,35.060692,
2163.521459,35.060692,626.516667,
35.060692,626.516667,108.75,
626.516667,108.75,159.4,
108.75,159.4,1833.708001,
159.4,1833.708001,1170.283333,
1833.708001,1170.283333,1326.4,
1170.283333,1326.4,59.58978,
1326.4,59.58978,156.833333,
59.58978,156.833333,225.683333,
156.833333,225.683333,45.807388,
225.683333,45.807388,287.433333,
45.807388,287.433333,231.5,
287.433333,231.5,1039.061173,
231.5,1039.061173,881.394761,
1039.061173,881.394761,5477.633333,
881.394761,5477.633333,76.924853,
5477.633333,76.924853,200.033333,
76.924853,200.033333,313.333333,
200.033333,313.333333,1483.766667,
313.333333,1483.766667,2865.463245,
1483.766667,2865.463245,358.116667,
2865.463245,358.116667,4248.4,
358.116667,4248.4,1108.15,
4248.4,1108.15,4174.9,
1108.15,4174.9,237.79647,
4174.9,237.79647,116.083333,
237.79647,116.083333,163.283333,
116.083333,163.283333,243.633333,
163.283333,243.633333,673.333333,
243.633333,673.333333,298.666667,
673.333333,298.666667,566.466667,
298.666667,566.466667,103.3,
