971.1031,823.67535,355.99146,327.16226,353.51526
718.14294,350.77304,250.84294,293.1451,316.6724
512.39044,209.58124,258.1478,339.62067,317.882
451.72226,211.92244,278.875,405.11102,341.87708
282.70618,193.26793,234.99026,355.38324,312.3475
193.61563,185.14003,155.21005,257.6264,266.78387
163.20471,168.80981,96.93647,196.94724,244.32794
374.06674,462.90762,403.64664,298.1171,290.99765
360.15546,483.26968,470.33096,305.02594,285.32986
469.06683,299.53806,343.29227,313.55136,303.17834
519.8548,394.53067,383.14386,326.24902,307.52722
446.76602,351.26053,430.10483,358.78815,306.41266
337.0831,245.61359,272.66452,341.08694,269.75372
251.09557,162.97382,253.88248,367.18454,316.44226
304.46863,174.67345,2575.135,4112.035,59.491978
344.81873,225.09909,534.46216,509.67044,372.3708
501.50055,365.63162,456.93906,898.36475,928.42566
609.6104,312.5844,223.05002,298.59122,302.4839
502.1574,378.79883,148.25406,106.005356,426.67834
342.59247,343.23364,251.82405,169.10542,608.5223
338.47388,217.72084,171.66106,3850.403,4393.6504
402.40692,364.92688,437.80698,534.40955,429.11093
489.287,578.1226,347.28442,330.91232,340.43707
622.3916,699.5942,260.73447,269.83246,317.86426
691.2193,524.68945,173.16145,223.5641,305.44553
552.38995,496.10974,109.82781,90.71854,311.315
144.45508,27.657394,882.26324,516.87103,298.6063
900.934,351.66486,278.7747,279.20575,300.32574
617.4094,407.4524,353.54114,258.26767,284.74326
496.56674,431.19302,365.67615,249.98749,281.74063
205.14014,225.63768,1501.8132,556.32025,297.1492
181.48186,327.27017,676.8133,418.06763,337.9101
784.784,271.39886,187.57497,238.59966,274.8212
545.4634,296.5254,213.35405,252.0902,274.16772
296.0318,252.64114,232.68718,257.07047,272.30725
121.42198,213.09618,254.03139,258.8076,270.78366
97.31377,228.81091,271.7921,257.722,270.97583
114.287544,278.5523,285.25443,263.3345,274.48087
121.7764,351.6497,323.44858,264.3199,273.93436
125.13476,394.59354,351.4932,259.9873,270.55963
128.3343,423.91196,400.3485,253.77388,263.9325
406.24338,284.03595,355.83844,327.29507,307.0545
524.0709,326.7394,383.25974,360.45352,321.58853
427.65558,352.8919,449.29208,358.1706,309.44208
314.81985,328.9934,449.93787,329.81546,281.0847
439.3319,278.33972,572.9621,672.9373,196.91492
390.61484,651.88837,710.0355,398.60593,138.18176
516.8854,636.814,583.83716,456.04483,356.62076
526.373,435.4911,464.6087,436.7886,361.18274
425.21506,296.89957,244.47905,313.8865,312.99857
299.41745,358.62967,1252.7749,954.37067,371.58286
545.31305,819.0284,1395.2557,686.84235,411.82468
638.41187,551.75793,125.66805,159.98431,327.97528
461.33542,256.79752,1368.9722,599.64105,318.71658
242.0614,154.88841,176.66954,303.33838,333.03702
364.62726,445.92285,540.3196,517.8237,425.00714
392.72897,441.94647,578.6763,508.0597,413.234
456.87988,388.7525,472.03146,505.1711,451.29742
526.8179,364.62448,307.97113,428.82733,496.61743
565.2791,370.038,197.07384,243.4287,311.47702
563.07996,392.84824,131.54962,154.41884,284.182
121.68421,161.58003,491.2609,63.995697,3.9760087
328.35974,325.44946,269.00745,255.70972,284.16043
428.00598,249.68611,291.48392,315.04654,307.97046
413.16394,216.23729,226.47325,360.64084,332.86823
290.26596,220.14967,278.07446,285.98367,210.77812
193.81744,180.36285,167.7874,284.36166,294.83386
295.2858,401.2587,465.17953,290.76773,269.908
355.44873,305.7799,239.27368,244.09566,283.4845
466.7567,433.4741,245.98892,273.9386,303.65335
534.2549,330.39838,198.01463,283.81592,307.52402
522.7099,242.94704,166.05147,320.90012,329.62796
486.83868,190.33348,139.97649,391.97098,421.03342
452.73962,429.0117,318.92523,234.66153,274.0271
390.79,449.06757,382.6437,278.87,296.0873
367.20633,379.21835,373.89716,304.82486,315.84818
349.26624,338.2058,414.62552,440.4557,395.56226
408.998,296.35712,478.24512,735.09064,502.10913
516.79865,152.33542,128.17531,449.30118,379.0846
573.30817,40.941616,22.311644,684.2562,646.2861
11.589761,8.171427,11.652969,16.403522,376.8261
41.037296,61.074482,1950.6849,1048.3585,301.60526
350.843,272.38068,406.26413,346.78568,314.77005
782.2422,279.77676,209.40495,257.013,278.92953
502.0621,279.18787,210.63104,253.09068,272.72623
382.55817,269.8459,218.66194,254.1005,272.16385
242.97365,284.39914,243.82191,266.81738,275.9954
119.67704,274.27112,262.15854,264.66653,275.66763
575.36926,343.74747,217.24985,272.0251,313.6779
456.37256,247.48877,225.8739,269.56372,292.4741
382.2993,267.54733,273.0915,356.5772,300.13794
254.82574,438.14526,257.03317,247.96509,282.19345
233.11769,279.2058,163.18843,282.08917,1203.0941
566.636,339.96347,363.18277,530.65546,426.60056
360.84006,336.50244,247.16588,295.18777,324.5446
543.77765,185.60207,167.24785,399.851,609.33435
426.9641,206.57866,226.86774,400.83557,512.0788
360.7257,204.38379,269.9593,448.81082,641.4155
342.95477,247.30502,361.85886,509.0806,726.6697
428.50613,366.05447,424.92953,354.22144,445.6242
465.75073,414.88995,535.39044,386.4979,125.354225
462.56354,386.17847,466.51785,369.01736,120.000984
437.96173,298.5797,327.7252,749.46356,99.149185
380.79962,344.33408,654.96765,1756.1686,89.298584
380.05612,415.04257,805.95404,642.37854,187.39464
373.72784,198.19699,363.43613,3345.25,95.11645
335.77286,349.13605,509.52945,634.7372,480.72122
438.26968,519.0171,277.19095,303.72083,344.35962
567.65497,657.668,181.25372,227.00127,334.27127
568.6253,945.45483,71.80742,22.885277,385.9094
613.5661,112.63711,869.1367,338.49982,239.60646
2954.2573,1159.6409,43.56687,149.49626,334.04874
771.51447,415.8144,281.2469,290.55835,714.698
612.6868,522.17596,393.89468,249.57944,323.90268
418.44354,237.0749,92.65027,211.12634,3737.3467
317.48044,308.2234,182.19325,557.91876,4740.1655
307.21756,226.10257,203.89154,779.98553,862.13586
211.39008,168.66891,583.99603,1615.4395,773.48157
331.76364,711.43365,576.74384,389.86176,372.39236
698.0191,948.04645,244.24698,211.5899,354.24698
753.6204,313.55188,101.30339,128.05241,328.23325
185.30374,67.95448,694.72815,426.78394,289.3101
359.67453,360.437,376.1992,287.64832,286.65564
427.6474,362.52444,278.89566,227.2077,272.70663
467.3802,339.35928,240.09004,217.7671,276.84634
475.37918,339.59885,229.42365,237.48769,300.94113
408.21072,308.39178,272.07745,360.1131,371.63733
380.79413,281.98907,287.30875,695.14417,947.2403
417.88934,401.50836,439.62283,1110.592,1644.1183
446.62616,721.8053,837.7877,299.85144,9.904352
1790.7721,3618.9329,1318.9543,187.40242,218.61299
1090.4946,226.65366,363.86188,342.16315,312.90643
543.7029,1012.5346,1101.894,419.0026,344.10092
615.045,603.04517,287.91876,213.46436,277.33768
372.9351,394.20966,322.1247,269.7903,299.93472
394.3786,424.24777,375.79065,304.87296,322.8217
358.9971,383.08273,410.28217,397.8938,376.2911
346.72812,351.9159,483.1283,573.46967,494.72012
378.3915,349.13535,622.9593,802.7536,540.03326
681.6488,393.50162,319.02228,706.9852,420.81253
1149.8214,1086.2253,104.28324,78.20459,402.10657
639.4742,48.832134,399.77612,423.50974,330.50464
505.8438,216.6587,289.75052,384.4838,348.33575
420.24506,216.15297,238.59831,315.91824,414.69724
324.04865,286.25656,369.64407,308.16342,278.72287
412.79102,396.01294,306.0999,249.65437,286.69293
464.6391,353.4985,273.90036,284.96497,312.83917
413.06628,298.4093,300.29834,367.8633,357.4476
380.96353,289.81088,304.72534,587.40393,652.31714
469.56155,431.2647,433.16544,858.6322,1014.67865
175.40959,256.11795,396.33975,348.04535,336.40442
415.2713,366.2271,260.93488,351.33316,388.0054
466.44067,299.1073,291.12738,468.05832,504.82175
382.5999,279.28488,378.19598,524.8848,541.4471
354.13672,283.50943,551.151,719.3878,684.30676
427.6263,472.12326,1011.25006,917.8548,460.28976
704.584,1342.9515,1018.0839,223.67842,25.262957
475.63495,345.84573,471.86298,265.8156,264.82983
1141.5447,1020.0066,93.32538,145.6438,609.418
261.80103,255.11755,574.47516,467.34592,351.1052
319.98538,410.46155,527.6925,793.40717,746.37024
400.35602,560.8299,882.19946,759.6207,498.50836
518.19696,519.668,677.3115,636.50494,458.47916
738.3489,502.95593,287.81952,394.1511,499.59525
843.94507,515.02344,226.94327,419.53653,588.3532
751.6209,507.87296,277.8016,552.643,454.34512
147.0861,346.60077,465.04962,352.65213,332.26218
319.48694,585.97064,646.5975,470.34637,382.9465
408.6485,513.6648,484.2893,345.7842,343.09003
493.54968,465.66205,344.97922,326.94644,354.0895
467.7788,367.83643,248.75801,389.9204,523.56976
423.77036,395.20023,322.43774,728.1878,1396.265
475.6137,548.81573,571.2973,1290.5105,1442.9348
1756.0402,2696.1326,185.95226,164.37923,177.59853
569.1099,155.3519,357.5913,468.82565,345.7414
570.4818,294.08566,292.7813,227.64656,265.89862
149.36707,510.59897,893.572,392.22498,323.61322
305.77017,649.8022,529.4129,369.23843,356.64066
334.88168,500.67398,461.92706,382.36002,348.6809
443.80075,402.9728,482.1957,439.96823,381.0393
434.11432,401.29715,395.84457,386.1644,388.68246
432.44983,429.4236,400.1309,408.01718,425.81927
436.76443,509.56708,475.93494,455.36746,450.29865
446.57434,592.96954,612.4659,484.56207,465.34503
501.869,182.68729,442.1085,702.3537,415.50226
458.93402,225.91182,463.15247,319.25494,280.87006
928.6861,289.48978,303.342,252.77876,274.75845
163.43158,270.138,436.24637,280.5931,282.24838
241.06177,404.62946,410.1903,368.9599,345.52658
499.3466,371.4216,315.2129,386.26047,370.9716
488.70862,331.18738,273.47064,348.08667,363.42776
432.79962,277.80264,249.08992,344.79062,382.1709
387.39566,243.8346,231.07541,332.57782,392.88577
313.08554,182.20082,246.172,411.8795,688.35675
421.70483,340.14536,634.9477,578.1172,424.3352
374.37943,597.9338,1019.1604,514.2689,338.4036
615.93463,570.24805,462.38696,337.5189,318.8632
673.97186,616.00885,467.12247,309.77078,316.2385
553.3246,131.82457,36.46067,103.60302,288.3916
395.86148,466.08853,135.69632,234.2999,1024.7643
316.45557,232.05031,39.913498,884.6763,494.74918
88.85345,59.74167,23.073626,255.63875,4617.449
103.14908,32.3553,57.72269,569.0955,235.34119
881.36163,4137.8545,3130.903,12.544932,0.6714456
3163.4517,4531.351,56.872704,27.651005,529.355
3122.928,1190.2172,97.367645,192.0354,443.37656
1663.65,346.39517,171.94585,270.2714,325.5493
428.87762,278.3646,259.89157,286.58017,290.0027
144.46606,247.03018,340.64334,307.51175,295.45123
131.11385,283.66034,261.60068,256.21136,277.25604
139.76285,270.00186,210.21428,218.81131,265.63165
148.28497,262.48566,223.31908,183.26428,235.56902
192.47508,209.16397,230.20757,197.1602,234.65834
308.12408,404.7156,199.96237,174.56506,191.37952
261.9242,399.0569,108.0006,122.96978,238.43318
422.5159,345.72086,346.42047,852.1137,852.0404
398.60187,475.19333,647.3787,835.53986,729.7344
597.79156,489.18076,551.66296,1006.281,778.918
670.8193,69.81546,264.8793,307.2544,304.6515
391.43088,436.9264,591.88684,365.59335,339.23868
557.67395,298.65546,183.44058,215.22304,283.93124
795.83954,336.79977,297.45273,314.6886,340.0516
446.88818,339.8749,437.95923,326.52258,294.2557
434.84015,403.6167,361.12244,262.5645,289.7083
425.76733,386.9573,352.61642,297.7525,316.9772
439.2988,371.86,320.77347,327.0403,324.4978
426.08554,335.8003,237.36546,291.08978,315.2282
429.68314,301.04584,202.25342,273.9604,314.21063
399.81064,276.15573,360.2387,294.94955,353.59003
516.0491,359.79514,336.764,465.30774,440.16553
494.99762,576.45624,649.4961,506.7681,401.18436
543.1373,611.94305,481.28735,373.18027,360.0139
625.8491,583.1216,326.03156,294.20633,321.17804
685.25726,437.81302,169.2983,230.74538,294.36087
813.40283,325.01797,16.276192,63.222874,472.9955
386.58804,190.2049,156.86526,148.39413,247.61084
244.94528,284.84113,150.94891,95.92744,141.59923
220.3753,142.30035,224.16542,297.111,293.75714
108.869064,123.0915,1211.5466,697.137,396.22617
1611.074,552.1929,257.976,295.26398,318.47415
667.3424,252.10722,207.00673,246.79791,272.10233
577.08856,290.9809,210.18196,248.47939,272.63202
339.40286,314.62808,249.64584,266.64774,275.433
143.85518,321.4539,365.5725,304.89944,295.21793
291.7504,350.16357,232.67197,245.56754,295.2937
294.59647,252.92905,171.8167,204.71648,273.0184
329.90256,172.606,183.8593,225.68222,255.90971
272.68713,174.58528,196.15718,240.87282,235.98553
215.7493,325.45877,192.71696,189.7623,244.89136
534.3502,394.43808,447.70218,761.98755,681.7879
568.6512,342.88257,286.10382,347.76404,326.15677
683.75867,261.99152,375.19244,399.1354,337.01004
497.2209,243.26128,388.26935,781.1635,869.2525
294.73404,468.53986,1196.3129,969.0579,571.7631
436.37057,447.64908,622.814,477.5034,416.0775
505.64972,385.3775,166.84737,212.59901,457.48706
554.22925,531.0464,208.09363,459.2046,711.633
817.73816,402.25458,510.2463,458.6517,289.3515
457.24252,476.68732,497.88605,321.81818,283.02426
556.1381,626.78546,445.3415,338.70538,364.33334
567.9612,630.69824,417.23123,334.0563,433.99622
380.21017,413.83704,268.52454,294.98016,427.61172
363.5083,402.35986,305.7513,437.79916,645.5991
425.6565,304.64896,128.49066,180.04579,733.8477
412.6067,219.06079,191.72166,601.27606,454.94205
638.7584,3050.2217,3229.294,148.08914,1.6790001
166.35928,1634.8861,104.21738,71.4412,279.93774
681.79126,471.67413,188.27716,189.52606,573.6879
726.2588,355.12198,151.34189,280.14493,1246.0479
579.9446,272.34296,150.64955,324.87717,422.62222
345.08002,121.63322,162.72202,682.98785,534.7842
120.25562,151.29942,372.87726,309.9288,258.99838
240.26894,66.976654,369.35873,86.33511,42.772415
1089.0056,550.02264,60.344658,90.516304,318.89413
782.5781,154.15118,200.12743,328.67105,376.1148
143.50488,272.2546,280.70605,238.34637,272.3369
284.28552,331.63116,330.54236,280.79074,287.30698
437.04648,341.9801,337.06055,306.14746,302.01666
364.21472,363.37973,318.2185,288.86475,292.8523
299.35617,340.43805,276.3091,272.56418,286.6962
298.61798,357.79602,270.5159,260.4702,284.56012
308.08594,386.4711,315.48993,259.10318,277.61862
364.85953,285.82208,242.7408,272.48657,212.82776
324.76398,588.00604,563.97577,424.359,287.2032
564.9182,577.8324,462.7599,385.13385,339.81805
571.6771,460.5344,441.87134,415.2914,351.99042
478.21497,332.08575,319.416,364.34924,326.65515
492.7366,2369.187,4609.128,75.566956,44.93995
763.98065,272.70792,199.1409,219.05144,289.8161
863.8318,94.49766,277.04257,318.7673,256.24738
648.8841,276.29782,268.86227,317.64514,317.53308
461.07147,273.73383,153.7873,178.34209,269.10263
365.65125,169.07825,93.26552,117.04544,230.8461
362.4678,279.49747,262.1416,322.2762,321.291
316.5872,173.86586,138.23997,465.92307,151.08078
195.3676,133.21716,228.66194,388.2958,323.04214
166.24054,89.59035,261.44113,435.10696,335.55078
333.3558,347.14835,388.37296,314.8365,298.38495
290.9421,310.48923,325.41788,297.36694,291.25806
220.62633,273.67114,311.6117,285.4558,284.30994
329.06265,309.44153,264.21225,278.0002,284.1743
229.43965,316.28622,264.9273,269.54532,282.55307
301.36664,363.8735,266.82126,259.8773,285.19745
377.18826,353.39697,288.7266,259.4378,282.79498
430.66537,283.85828,299.02325,440.68707,341.82303
276.24252,446.7115,319.53162,302.09283,287.63107
226.30421,398.68958,210.4092,332.94455,492.92963
446.02438,339.5485,204.35031,429.03958,450.34595
374.38226,187.14198,151.70163,563.7233,1101.9949
438.64896,398.9865,376.11157,355.58997,337.61945
440.14224,359.69485,300.0635,329.13126,337.83432
433.41245,347.93082,257.7913,312.45462,339.78238
423.24667,294.04236,208.60097,286.40353,341.7662
396.22433,210.48883,164.1467,269.2069,364.45834
374.97604,193.03218,367.38788,3829.3838,2371.2458
381.80032,462.53235,465.49646,491.1391,485.58005
618.14484,999.2114,293.54254,264.82846,343.53998
810.3449,856.2606,200.7563,226.33994,300.86798
335.4693,212.70125,162.58578,223.10278,271.81177
75.47695,33.76892,135.3284,224.41866,240.4021
10.864877,11.537423,311.80847,560.8435,312.61328
144.35056,75.69423,150.81148,246.13988,382.80215
540.3866,205.62828,168.66353,231.77768,487.42563
398.23422,132.86964,230.83228,322.42966,405.86627
804.1813,1188.7416,3816.6667,4135.067,601.5717
596.6397,979.0443,511.7855,370.40005,350.7336
593.62067,547.3018,360.6579,338.63638,327.89844
464.71866,357.86285,384.8772,534.2939,407.51355
331.20975,249.19952,488.25177,1517.143,1018.4421
139.7385,11.938395,2.3136494,3.6457782,77.70022
14.212765,18.865417,265.55344,423.255,200.07434
351.64114,509.97977,584.69165,336.3876,339.81366
602.9002,505.9377,360.8398,327.43143,333.29556
626.0342,355.30652,273.4882,301.78857,316.40964
558.0853,311.38284,286.88177,304.33395,309.98895
546.34607,292.16235,326.36652,345.4837,320.30148
481.93665,309.75702,378.77536,369.94327,322.18906
352.10852,308.1461,397.58572,351.53073,301.35736
253.38545,301.2216,388.0015,304.57928,257.75357
250.76074,363.93127,504.60934,404.15378,263.41565
470.1423,528.7437,363.16165,336.35275,333.46796
570.2656,435.79285,356.06104,368.43,344.84967
431.6324,292.76398,277.81677,367.18225,353.4886
385.22318,285.29782,256.4128,341.17804,334.15634
667.2368,295.54187,465.99496,648.55975,333.55615
522.63385,198.686,418.43323,312.28583,223.31807
334.68625,121.67815,136.88908,105.23848,191.7852
115.79029,276.29688,537.21063,253.88432,425.6495
86.58455,299.71198,978.06396,1959.6716,1964.81
211.90536,183.59381,177.17078,450.18005,1064.9968
153.60158,45.988018,775.5705,859.4413,318.34982
58.86757,92.43379,488.04825,327.2555,284.27646
343.06256,355.11548,346.85718,303.56064,298.8119
375.12643,344.75186,283.25894,280.0073,289.44174
372.37918,363.9586,264.03125,263.55856,294.41504
253.92258,175.95825,264.1415,396.24475,384.52042
276.44766,372.67874,522.9602,394.62256,282.7237
507.70514,420.5029,341.53122,297.94464,315.76086
473.9891,370.089,344.63785,352.25104,338.12885
476.0285,316.55978,254.02858,311.55673,310.81555
473.22736,282.41547,190.05559,255.59818,283.18396
371.72525,158.25157,156.42184,2519.87,291.7467
260.40546,200.15613,620.39984,3438.4722,207.55685
198.41795,216.16699,568.57355,1703.7596,1389.691
203.08167,304.38348,969.2873,982.3792,521.1116
320.60825,770.5873,1001.2374,558.3094,415.54858
779.3471,1980.4938,782.21826,391.7927,421.6502
694.1656,149.93147,338.13614,411.08,340.68668
217.3563,211.97232,356.0953,282.40228,276.8316
428.42603,434.9919,322.86746,251.76735,284.8421
384.66928,429.73596,372.7077,280.18753,297.5195
379.87253,396.29102,379.6089,306.5181,313.19348
375.24435,357.04663,354.98184,358.22806,351.0044
390.8622,362.5189,352.60626,445.76007,434.9209
449.86594,491.00513,479.79483,562.0306,525.871
569.6893,609.16455,495.02856,377.95837,373.64868
1104.7423,655.3887,246.50609,216.45752,362.9429
318.4001,304.39197,393.5261,381.0591,373.79437
453.90817,243.26537,141.84715,280.41824,561.71893
418.10318,341.83298,479.18277,759.56555,888.3643
422.7352,397.15753,788.3002,1020.59125,750.46014
573.649,573.4947,691.9957,643.3559,355.1687
846.4172,878.18585,227.11938,65.014206,105.374084
951.8819,1029.3491,207.53491,61.91085,152.32587
1044.1979,247.46101,236.67319,274.89667,296.27197
124.030045,420.19565,773.8673,460.21872,374.8063
377.39355,740.41077,500.35355,338.92996,377.46902
428.7032,605.3512,410.73798,374.94485,427.95828
706.2392,334.35684,93.28636,207.23863,374.71298
443.16132,128.76183,108.46045,240.3771,296.1627
428.4015,146.53275,100.959465,197.17033,287.8404
281.31357,193.72136,92.56421,136.89001,259.91412
159.96791,210.18129,133.18887,156.18373,308.0107
269.95285,221.36525,208.97931,237.75366,308.41083
273.792,264.46613,281.8738,301.62964,297.89627
231.97166,311.46646,294.19308,295.30527,291.21503
303.2039,318.3302,264.62253,278.47702,282.15936
315.90167,305.3686,375.84186,333.42703,315.20355
325.52863,325.36127,335.38406,306.47513,301.38086
279.35645,359.92145,320.5978,282.8441,289.1763
227.39835,393.3618,335.12207,266.01746,278.61636
186.29622,395.37695,361.10483,251.72183,265.9928
154.3499,376.5461,358.8237,237.45808,255.07303
353.12418,216.31712,278.8056,369.80765,239.95255
279.8514,499.5695,523.25775,404.58798,284.61343
355.4059,443.92316,396.649,651.5084,687.14374
540.0329,385.47812,439.4382,642.8184,537.86194
584.0675,340.01642,271.44662,337.38538,322.4924
574.4858,352.2902,254.55861,192.35324,284.85034
538.8145,310.97607,29.82847,26.66136,2895.857
192.96008,306.88092,221.25302,529.7552,1430.1589
105.085945,276.91006,307.15677,435.35425,483.7478
491.6753,429.2889,93.36526,193.25688,314.79913
384.75488,160.99532,25.99594,72.258385,319.76498
51.803524,7.281533,62.610847,295.856,288.17557
19.18487,18.591335,185.56822,443.54922,234.96605
443.32028,208.22495,214.38596,230.35869,397.54282
765.48065,240.75856,145.04051,239.12415,824.7011
451.4001,151.89891,186.51056,330.1767,253.8727
343.0994,357.21204,613.99976,485.05823,216.64374
323.02057,607.36053,610.21436,454.4744,323.8018
488.42578,466.2171,418.1171,522.6613,417.04968
651.25745,480.3183,404.1824,413.56717,358.96136
457.10248,317.47076,283.86493,338.72614,319.61682
399.8151,320.68668,537.55566,1017.0417,371.34454
212.47874,162.39813,513.6842,510.32907,174.43668
257.4237,216.2157,1917.1659,2389.1292,1.4558316
1035.1305,1835.303,2602.1125,194.3835,83.79141
1496.5359,997.5514,1163.4615,571.1734,390.79874
1028.3959,1125.7401,691.88776,346.26422,334.71243
716.6139,522.2517,301.8273,234.2354,281.22357
391.42883,416.27432,368.4901,281.6095,299.86182
384.75574,404.6022,355.5374,285.63895,306.18463
380.20093,345.0884,368.4795,385.31287,379.8442
383.83374,333.73724,402.3845,487.2499,449.28873
377.56122,331.49063,464.23074,568.6289,433.91946
460.3512,364.41284,509.35892,634.1825,418.1598
482.68866,342.63977,33.639072,51.033142,344.8015
1125.0447,98.29249,89.94719,204.88538,342.7318
548.80756,78.61958,85.61273,306.88037,575.38257
512.4116,273.43393,213.62239,370.23654,844.73645
356.76556,222.3705,213.05943,389.72485,721.03
318.2734,205.72485,400.3755,560.81793,377.26385
294.96835,386.86002,687.0878,533.0193,276.54156
384.57834,447.8214,451.9092,395.82172,351.69287
455.21683,392.23508,368.02435,343.95697,336.4686
488.1624,333.04004,263.89984,315.18787,313.02554
352.223,281.848,264.64694,329.32227,367.53906
335.052,404.20248,1190.8888,992.7611,491.14517
549.98004,503.22452,512.0947,374.87085,364.17572
414.6701,79.28531,12.653343,37.02902,349.54086
206.35506,127.26995,135.58398,415.5765,457.73492
175.49348,191.69598,125.165085,254.31854,368.02216
61.024826,225.54543,83.02047,86.65769,233.20175
40.506298,87.14476,18.861189,5.7802463,55.00999
43.97226,4.4552174,14.240631,51.044445,188.75107
43.110294,11.447279,149.76627,1247.4985,284.4179
430.1457,485.56708,513.34814,362.08594,334.02362
839.72986,348.16263,203.38313,285.0442,582.2096
446.38684,173.07828,159.53517,311.24622,503.09192
583.5793,496.04666,3463.4849,4500.874,253.98161
527.37866,765.4817,2484.2585,3976.2607,441.86972
317.06967,211.08191,89.4693,392.65433,496.02646
287.98285,152.46263,100.31606,368.89206,381.29373
173.55534,106.826355,200.03009,395.22794,328.72525
2514.887,3052.26,27.949577,2.1251707,190.85559
372.9168,533.2475,916.43634,40.73386,66.368645
147.23987,100.188484,407.60886,395.04883,323.27283
107.260086,127.21513,365.353,328.83295,290.85583
94.76908,267.48456,303.4699,271.69788,278.57538
108.73703,276.91135,243.82611,237.9807,268.7
138.96428,285.51138,230.27899,207.06158,254.37703
172.35892,241.81882,267.28418,193.19077,233.8897
291.09317,204.66434,277.67798,296.5326,296.0241
209.21672,162.60034,251.99205,287.9846,272.36252
202.46736,292.3839,144.54106,328.7298,609.11975
226.19347,282.46646,153.65097,174.31938,221.02142
195.98402,247.40752,132.4003,160.6694,323.56763
409.56912,261.69232,101.04013,135.27243,253.76244
492.03464,410.38824,212.79575,228.98961,290.00006
321.10587,361.2035,205.33795,216.40662,277.40787
275.33295,265.9736,127.53417,232.90625,546.71295
244.2321,169.99965,122.05999,432.59283,1539.9694
756.68646,198.11232,107.51614,210.75122,284.28098
497.37683,190.873,108.616264,178.85574,263.25836
373.53226,175.95274,96.810715,166.32632,288.44363
280.79694,147.46198,77.87857,225.0695,1177.0629
551.84766,412.37518,228.51845,228.75725,296.03815
518.16833,306.61533,173.04623,219.83965,298.31714
425.12222,266.01825,164.16632,242.15398,355.1078
327.4525,262.59323,232.78392,362.52396,430.8132
374.85217,457.5044,519.6787,854.7264,984.47516
918.55035,511.85718,146.81535,302.4487,410.03354
660.6706,233.43466,90.38644,163.91501,503.06235
585.4937,473.41522,156.50961,193.04477,330.91028
780.0145,698.3635,83.02051,200.70415,430.87494
295.79205,1553.1837,535.36725,385.09525,364.4377
1896.0562,440.4209,287.5567,311.82144,316.84183
997.7199,301.96933,228.83517,264.75745,283.27927
451.55258,238.5793,209.00539,244.74138,267.82574
399.4387,266.04056,217.91681,245.63707,266.65405
187.40634,226.08554,277.63428,273.89294,275.36667
85.64543,225.525,288.50647,273.11313,273.4138
81.75194,260.55072,263.56012,253.2792,270.00995
102.383545,226.40085,190.76692,186.50064,247.87242
110.68526,196.14735,179.54573,137.9827,200.62097
161.52786,107.6966,124.12424,125.90015,170.7549
151.46407,96.247795,125.77518,149.17947,176.13809
292.0523,263.83215,240.97478,560.8671,1135.7579
544.10077,336.03177,375.8675,515.45337,425.98627
496.08508,205.66835,183.33357,362.7256,800.70874
481.74957,280.4815,238.69527,291.9648,510.64908
553.06494,247.38954,63.529945,61.25628,395.27295
409.44226,260.68048,151.79163,260.41772,695.41534
120.93704,186.64381,236.35815,421.89954,535.30084
272.93274,327.86478,120.73255,213.80045,306.84082
215.45374,208.3762,41.61319,86.5377,285.1607
116.528824,19.10384,35.15233,104.9384,230.49449
10.046746,12.669455,195.1696,585.8172,452.67633
159.16386,81.143875,169.81615,293.85175,413.54047
387.96252,186.50969,179.61073,284.28238,566.3053
320.6694,140.90831,281.2931,276.34555,113.68029
330.74017,382.35913,652.3566,427.1223,236.69743
465.16113,492.44983,420.53735,337.52948,327.83646
521.89996,428.51413,401.32126,382.13895,358.28583
559.31805,347.86426,267.2745,323.4181,317.4382
587.8709,283.82385,167.97243,218.65442,263.64407
389.39206,373.7506,351.52563,472.29797,426.16608
467.2487,613.9134,255.4941,265.28268,315.64044
511.75446,508.82184,152.12523,206.38019,287.68304
300.90808,112.46556,56.76233,131.86182,261.56384
28.285046,14.098672,159.57608,275.44122,226.93529
10.564652,12.473721,194.56097,650.04584,242.1469
272.01984,145.85728,223.5982,236.86569,274.85446
712.1095,290.1148,172.91545,272.98047,977.0063
411.5269,152.86427,149.39558,218.13997,261.71768
303.59717,210.70026,343.75055,299.0687,85.90039
301.8228,526.0386,603.4372,455.4389,312.98148
533.5213,501.30515,402.71646,448.7456,408.40323
566.042,420.1413,421.3059,454.4706,386.88657
592.1802,337.22272,268.63983,336.35803,320.32898
810.2393,282.75598,311.91388,386.54517,370.35574
387.33698,507.99948,1120.1743,756.0333,426.9211
462.38,571.0294,1118.7637,665.0268,382.95917
530.0977,564.46326,536.07385,317.56503,231.26318
475.0076,614.62946,350.78836,250.43779,319.84415
737.9119,389.04355,896.96313,436.68887,259.9728
393.88516,245.45657,182.23665,199.23802,263.98862
338.11694,152.84587,107.82873,183.87878,334.6278
367.41776,170.33508,143.29411,278.9103,631.4051
293.81982,134.38297,157.22566,192.33653,307.85928
531.9445,295.00256,329.87012,606.67426,1249.2615
442.71838,362.04135,159.41943,175.17984,675.5011
674.9437,754.3454,666.7929,427.61496,366.60413
623.4361,478.25378,442.9469,337.4325,314.8226
589.6453,369.0163,283.99463,269.92075,295.58325
505.79327,326.96292,202.41168,232.64323,280.24393
517.3938,480.44852,251.3482,312.50897,604.2351
889.3098,674.1965,272.69177,380.1316,625.72156
650.10095,488.64856,462.61188,290.16943,244.8454
519.5988,432.74518,237.97533,210.74615,323.37653
442.6914,393.7487,343.47992,365.37576,514.43567
454.31244,458.37137,293.67865,207.37076,137.49983
387.03906,630.8699,386.03287,126.72774,3562.1855
507.82745,542.37616,255.94371,4423.2773,4233.916
169.877,50.77866,270.72525,110.11614,3.776193
758.4463,218.04427,425.20547,65.71651,28.838322
1798.509,1526.0282,34.34117,46.349186,882.182
622.9604,357.0384,424.4704,360.22092,322.5259
394.91318,309.0006,346.88834,318.13818,301.64966
217.76442,216.65385,340.1567,309.81332,296.10504
204.40291,235.45276,296.54593,289.18607,286.68314
208.25089,250.8747,263.40466,275.4164,282.0115
207.94171,268.80783,242.48686,266.6639,280.26462
161.42958,292.9888,252.21756,258.84348,277.86945
125.4042,265.12338,288.63907,238.37881,258.1626
174.95758,426.37634,351.8531,260.3381,274.96008
529.6544,207.7258,272.57834,414.73883,347.17746
374.60626,170.78223,342.8595,482.09573,267.92328
261.06647,114.27006,633.1071,1397.5294,142.62154
277.42508,176.95639,3738.9958,4993.432,59.591057
224.75746,295.85687,4478.6245,654.6956,231.72415
1302.8102,328.98315,237.37917,272.477,292.2724
592.90564,261.93195,208.9015,247.89572,272.93036
473.69815,256.7739,209.28989,247.78923,269.81247
577.6696,240.01424,184.06223,220.42343,262.94385
539.57513,287.97943,206.07465,239.60844,269.83826
272.84232,265.84686,241.51207,259.87384,271.7168
116.23363,241.55727,266.3195,269.72803,273.5172
95.88273,280.1965,273.41434,262.9466,274.4374
114.058525,259.25125,220.98216,186.88077,240.3682
128.01031,201.55081,202.30528,155.7897,208.97758
210.257,115.970535,157.40544,209.27281,235.18336
205.28006,349.14923,163.02118,209.339,310.85843
272.52167,248.89217,153.73364,261.47324,3365.4438
406.01355,402.4975,355.06723,327.40155,327.28116
380.34995,323.42978,360.5951,419.73923,416.49118
355.67987,321.6132,420.31857,459.5498,439.1977
334.60812,344.40454,648.3012,576.9902,450.517
601.0975,1627.9789,1733.2875,275.76575,22.460424
677.7693,768.3138,492.4071,321.56937,356.47147
951.7249,888.932,83.25079,71.10946,623.4766
