618.31635,585.39636,565.6496,597.72144,607.22986
618.3173,585.39636,565.6496,597.72144,607.22986
618.31635,585.39636,565.6496,597.72144,607.22986
618.31635,585.39636,565.6496,597.72144,607.22986
618.31635,585.39636,565.6496,597.72144,607.22986
618.3154,585.39636,565.6496,597.72144,607.22986
618.31635,585.39636,565.6496,597.72144,607.22986
618.318,585.39636,565.6496,597.72144,607.22986
618.31635,585.39636,565.6496,597.72144,607.22986
683.3935,573.1413,567.14746,597.7219,607.22986
887.7011,565.6496,597.72144,607.22986,585.4062
618.31635,585.39636,565.6496,597.72144,607.22986
610.324,607.1713,585.4062,565.6496,597.72144
618.31635,585.39636,565.6496,597.72144,607.22986
609.3537,607.09216,585.4062,565.6496,597.72144
618.31635,585.39636,565.6496,597.72144,607.22986
608.6805,606.9131,585.4062,565.6496,597.72144
618.30347,585.3958,565.6496,597.72144,607.22986
618.3161,585.39636,565.6496,597.72144,607.22986
714.9438,565.65234,597.72144,607.22986,585.4062
618.31635,585.39636,565.6496,597.72144,607.22986
618.31635,585.39636,565.6496,597.72144,607.22986
618.31635,585.39636,565.6496,597.72144,607.22986
640.64136,584.60864,565.6496,597.72144,607.22986
618.31635,585.39636,565.6496,597.72144,607.22986
618.3161,585.39636,565.6496,597.72144,607.22986
618.31635,585.39636,565.6496,597.72144,607.22986
618.3208,585.39636,565.6496,597.72144,607.22986
618.31635,585.39636,565.6496,597.72144,607.22986
618.3173,585.39636,565.6496,597.72144,607.22986
618.31635,585.39636,565.6496,597.72144,607.22986
618.31635,585.39636,565.6496,597.72144,607.22986
618.3149,585.39636,565.6496,597.72144,607.22986
618.31635,585.39636,565.6496,597.72144,607.22986
698.618,575.1318,597.72125,607.22986,585.4062
618.31635,585.39636,565.6496,597.72144,607.22986
618.31635,585.39636,565.6496,597.72144,607.22986
619.1067,585.3956,565.6496,597.72144,607.22986
618.31635,585.39636,565.6496,597.72144,607.22986
618.97565,585.3958,565.6496,597.72144,607.22986
618.31635,585.39636,565.6496,597.72144,607.22986
618.31635,585.39636,565.6496,597.72144,607.22986
618.31635,585.39636,565.6496,597.72144,607.22986
609.4939,607.11444,585.4062,565.6496,597.72144
618.3159,585.39636,565.6496,597.72144,607.22986
618.4168,585.39606,565.6496,597.72144,607.22986
618.3166,585.39636,565.6496,597.72144,607.22986
618.3166,585.39636,565.6496,597.72144,607.22986
618.29944,585.3958,565.6496,597.72144,607.22986
618.33276,585.39636,565.6496,597.72144,607.22986
618.31635,585.39636,565.6496,597.72144,607.22986
618.31635,585.39636,565.6496,597.72144,607.22986
618.31635,585.39636,565.6496,597.72144,607.22986
618.31635,585.39636,565.6496,597.72144,607.22986
618.31635,585.39636,565.6496,597.72144,607.22986
872.14526,565.6496,597.72144,607.22986,585.4062
618.31635,585.39636,565.6496,597.72144,607.22986
618.31683,585.39636,565.6496,597.72144,607.22986
618.31635,585.39636,565.6496,597.72144,607.22986
618.31635,585.39636,565.6496,597.72144,607.22986
618.37506,585.39636,565.6496,597.72144,607.22986
655.6851,578.962,565.65845,597.72144,607.22986
887.6995,565.6496,597.72144,607.22986,585.4062
618.31635,585.39636,565.6496,597.72144,607.22986
618.31635,585.39636,565.6496,597.72144,607.22986
618.31635,585.39636,565.6496,597.72144,607.22986
618.31635,585.39636,565.6496,597.72144,607.22986
618.3173,585.39636,565.6496,597.72144,607.22986
618.31635,585.39636,565.6496,597.72144,607.22986
618.31915,585.39636,565.6496,597.72144,607.22986
618.31635,585.39636,565.6496,597.72144,607.22986
618.31635,585.39636,565.6496,597.72144,607.22986
679.42957,582.74567,565.6496,597.72144,607.22986
618.31635,585.39636,565.6496,597.72144,607.22986
618.31635,585.39636,565.6496,597.72144,607.22986
618.31635,585.39636,565.6496,597.72144,607.22986
618.31635,585.39636,565.6496,597.72144,607.22986
618.31635,585.39636,565.6496,597.72144,607.22986
618.31635,585.39636,565.6496,597.72144,607.22986
618.31635,585.39636,565.6496,597.72144,607.22986
618.45154,585.39606,565.6496,597.72144,607.22986
618.31635,585.39636,565.6496,597.72144,607.22986
618.31635,585.39636,565.6496,597.72144,607.22986
618.5181,585.39606,565.6496,597.72144,607.22986
618.31635,585.39636,565.6496,597.72144,607.22986
616.9431,585.09283,565.6496,597.72144,607.22986
618.31635,585.39636,565.6496,597.72144,607.22986
618.31775,585.39636,565.6496,597.72144,607.22986
728.9831,597.72125,607.22986,585.4062,565.6496
618.31635,585.39636,565.6496,597.72144,607.22986
693.5049,576.1414,597.72076,607.22986,585.4062
618.3675,585.3958,565.6496,597.72144,607.22986
618.31635,585.39636,565.6496,597.72144,607.22986
618.31635,585.39636,565.6496,597.72144,607.22986
618.31683,585.39636,565.6496,597.72144,607.22986
618.31635,585.39636,565.6496,597.72144,607.22986
618.31635,585.39636,565.6496,597.72144,607.22986
618.40924,585.39606,565.6496,597.72144,607.22986
618.31635,585.39636,565.6496,597.72144,607.22986
618.31714,585.39636,565.6496,597.72144,607.22986
618.31635,585.39636,565.6496,597.72144,607.22986
618.31635,585.39636,565.6496,597.72144,607.22986
618.31635,585.39636,565.6496,597.72144,607.22986
618.31635,585.39636,565.6496,597.72144,607.22986
618.31635,585.39636,565.6496,597.72144,607.22986
618.31635,585.39636,565.6496,597.72144,607.22986
618.31635,585.39636,565.6496,597.72144,607.22986
618.3166,585.39636,565.6496,597.72144,607.22986
618.31635,585.39636,565.6496,597.72144,607.22986
618.31635,585.39636,565.6496,597.72144,607.22986
618.40454,585.39606,565.6496,597.72144,607.22986
618.31635,585.39636,565.6496,597.72144,607.22986
618.31635,585.39636,565.6496,597.72144,607.22986
618.31635,585.39636,565.6496,597.72144,607.22986
679.5876,582.6878,565.6496,597.72144,607.22986
618.3166,585.39636,565.6496,597.72144,607.22986
618.1986,585.3927,565.6496,597.72144,607.22986
618.31635,585.39636,565.6496,597.72144,607.22986
618.3133,585.39606,565.6496,597.72144,607.22986
613.97406,574.93677,570.98773,597.3349,607.2297
716.2855,572.9359,597.72125,607.22986,585.4062
618.3159,585.39636,565.6496,597.72144,607.22986
618.37286,585.39636,565.6496,597.72144,607.22986
616.39417,584.24854,565.6496,597.72144,607.22986
618.31635,585.39636,565.6496,597.72144,607.22986
618.31635,585.39636,565.6496,597.72144,607.22986
618.31635,585.39636,565.6496,597.72144,607.22986
618.31635,585.39636,565.6496,597.72144,607.22986
618.31635,585.39636,565.6496,597.72144,607.22986
618.3412,585.39636,565.6496,597.72144,607.22986
618.31635,585.39636,565.6496,597.72144,607.22986
618.31635,585.39636,565.6496,597.72144,607.22986
737.2483,597.72125,607.22986,585.4062,565.6496
656.15375,578.733,565.66284,597.72144,607.22986
608.6907,606.9126,585.4062,565.6496,597.72144
618.3138,585.39606,565.6496,597.72144,607.22986
886.50775,565.6496,597.72144,607.22986,585.4062
618.31635,585.39636,565.6496,597.72144,607.22986
900.1098,565.6496,597.72144,607.22986,585.4062
743.09875,570.0061,597.73126,607.22986,585.4062
618.31635,585.39636,565.6496,597.72144,607.22986
618.58203,585.3958,565.6496,597.72144,607.22986
618.31635,585.39636,565.6496,597.72144,607.22986
618.31635,585.39636,565.6496,597.72144,607.22986
618.31635,585.39636,565.6496,597.72144,607.22986
618.3276,585.39636,565.6496,597.72144,607.22986
618.31635,585.39636,565.6496,597.72144,607.22986
618.31635,585.39636,565.6496,597.72144,607.22986
618.31635,585.39636,565.6496,597.72144,607.22986
618.31683,585.39636,565.6496,597.72144,607.22986
618.31635,585.39636,565.6496,597.72144,607.22986
618.31635,585.39636,565.6496,597.72144,607.22986
618.31683,585.39636,565.6496,597.72144,607.22986
618.31635,585.39636,565.6496,597.72144,607.22986
618.31635,585.39636,565.6496,597.72144,607.22986
618.31635,585.39636,565.6496,597.72144,607.22986
618.31635,585.39636,565.6496,597.72144,607.22986
618.31635,585.39636,565.6496,597.72144,607.22986
618.3211,585.39636,565.6496,597.72144,607.22986
618.3175,585.39636,565.6496,597.72144,607.22986
618.31683,585.39636,565.6496,597.72144,607.22986
618.31915,585.39636,565.6496,597.72144,607.22986
618.31635,585.39636,565.6496,597.72144,607.22986
618.3206,585.39636,565.6496,597.72144,607.22986
618.31635,585.39636,565.6496,597.72144,607.22986
618.32715,585.39636,565.6496,597.72144,607.22986
618.3208,585.39636,565.6496,597.72144,607.22986
618.3173,585.39636,565.6496,597.72144,607.22986
618.31635,585.39636,565.6496,597.72144,607.22986
618.31635,585.39636,565.6496,597.72144,607.22986
618.31866,585.39636,565.6496,597.72144,607.22986
618.31635,585.39636,565.6496,597.72144,607.22986
618.7428,585.3958,565.6496,597.72144,607.22986
618.2558,585.3945,565.6496,597.72144,607.22986
609.0402,607.0267,585.4062,565.6496,597.72144
618.31635,585.39636,565.6496,597.72144,607.22986
618.3166,585.39636,565.6496,597.72144,607.22986
618.31635,585.39636,565.6496,597.72144,607.22986
618.31635,585.39636,565.6496,597.72144,607.22986
618.31635,585.39636,565.6496,597.72144,607.22986
618.31635,585.39636,565.6496,597.72144,607.22986
618.31635,585.39636,565.6496,597.72144,607.22986
618.31635,585.39636,565.6496,597.72144,607.22986
618.31635,585.39636,565.6496,597.72144,607.22986
618.31635,585.39636,565.6496,597.72144,607.22986
618.31683,585.39636,565.6496,597.72144,607.22986
618.31635,585.39636,565.6496,597.72144,607.22986
618.31915,585.39636,565.6496,597.72144,607.22986
618.31635,585.39636,565.6496,597.72144,607.22986
618.3595,585.39636,565.6496,597.72144,607.22986
618.31635,585.39636,565.6496,597.72144,607.22986
618.31683,585.39636,565.6496,597.72144,607.22986
618.3166,585.39636,565.6496,597.72144,607.22986
618.31635,585.39636,565.6496,597.72144,607.22986
637.5804,585.36255,565.6496,597.72144,607.22986
618.31635,585.39636,565.6496,597.72144,607.22986
618.318,585.39636,565.6496,597.72144,607.22986
618.31635,585.39636,565.6496,597.72144,607.22986
618.31683,585.39636,565.6496,597.72144,607.22986
618.31635,585.39636,565.6496,597.72144,607.22986
618.31683,585.39636,565.6496,597.72144,607.22986
618.31635,585.39636,565.6496,597.72144,607.22986
618.31635,585.39636,565.6496,597.72144,607.22986
618.31635,585.39636,565.6496,597.72144,607.22986
618.31635,585.39636,565.6496,597.72144,607.22986
618.31635,585.39636,565.6496,597.72144,607.22986
618.31775,585.39636,565.6496,597.72144,607.22986
618.31635,585.39636,565.6496,597.72144,607.22986
618.31635,585.39636,565.6496,597.72144,607.22986
618.31635,585.39636,565.6496,597.72144,607.22986
618.3161,585.39636,565.6496,597.72144,607.22986
618.3142,585.39606,565.6496,597.72144,607.22986
619.3435,585.3954,565.6496,597.72144,607.22986
618.31635,585.39636,565.6496,597.72144,607.22986
618.55853,585.3958,565.6496,597.72144,607.22986
609.063,607.0325,585.4062,565.6496,597.72144
626.6536,585.34045,565.6496,597.72144,607.22986
618.31635,585.39636,565.6496,597.72144,607.22986
618.31635,585.39636,565.6496,597.72144,607.22986
618.32245,585.39636,565.6496,597.72144,607.22986
618.21405,585.3931,565.6496,597.72144,607.22986
618.3159,585.39636,565.6496,597.72144,607.22986
618.31635,585.39636,565.6496,597.72144,607.22986
618.31635,585.39636,565.6496,597.72144,607.22986
618.31635,585.39636,565.6496,597.72144,607.22986
618.31635,585.39636,565.6496,597.72144,607.22986
618.31635,585.39636,565.6496,597.72144,607.22986
618.31635,585.39636,565.6496,597.72144,607.22986
618.31635,585.39636,565.6496,597.72144,607.22986
618.31635,585.39636,565.6496,597.72144,607.22986
618.31635,585.39636,565.6496,597.72144,607.22986
618.31635,585.39636,565.6496,597.72144,607.22986
618.31683,585.39636,565.6496,597.72144,607.22986
618.31635,585.39636,565.6496,597.72144,607.22986
618.31635,585.39636,565.6496,597.72144,607.22986
608.7153,606.92236,585.4062,565.6496,597.72144
618.31635,585.39636,565.6496,597.72144,607.22986
616.845,585.0073,565.6496,597.72144,607.22986
618.31635,585.39636,565.6496,597.72144,607.22986
618.31635,585.39636,565.6496,597.72144,607.22986
618.31635,585.39636,565.6496,597.72144,607.22986
618.31635,585.39636,565.6496,597.72144,607.22986
618.31635,585.39636,565.6496,597.72144,607.22986
618.31635,585.39636,565.6496,597.72144,607.22986
618.31635,585.39636,565.6496,597.72144,607.22986
618.31635,585.39636,565.6496,597.72144,607.22986
618.31635,585.39636,565.6496,597.72144,607.22986
618.31635,585.39636,565.6496,597.72144,607.22986
618.31635,585.39636,565.6496,597.72144,607.22986
618.31635,585.39636,565.6496,597.72144,607.22986
618.31635,585.39636,565.6496,597.72144,607.22986
618.31635,585.39636,565.6496,597.72144,607.22986
618.31635,585.39636,565.6496,597.72144,607.22986
618.31683,585.39636,565.6496,597.72144,607.22986
618.31635,585.39636,565.6496,597.72144,607.22986
618.3853,585.39636,565.6496,597.72144,607.22986
618.31635,585.39636,565.6496,597.72144,607.22986
618.31635,585.39636,565.6496,597.72144,607.22986
618.31635,585.39636,565.6496,597.72144,607.22986
618.31635,585.39636,565.6496,597.72144,607.22986
621.0528,585.39404,565.6496,597.72144,607.22986
618.31635,585.39636,565.6496,597.72144,607.22986
618.31635,585.39636,565.6496,597.72144,607.22986
618.31635,585.39636,565.6496,597.72144,607.22986
618.3154,585.39636,565.6496,597.72144,607.22986
618.31635,585.39636,565.6496,597.72144,607.22986
618.31915,585.39636,565.6496,597.72144,607.22986
618.31635,585.39636,565.6496,597.72144,607.22986
618.31635,585.39636,565.6496,597.72144,607.22986
618.31635,585.39636,565.6496,597.72144,607.22986
618.3161,585.39636,565.6496,597.72144,607.22986
618.31683,585.39636,565.6496,597.72144,607.22986
618.31635,585.39636,565.6496,597.72144,607.22986
618.31635,585.39636,565.6496,597.72144,607.22986
610.0194,607.16785,585.4062,565.6496,597.72144
855.5308,565.6496,597.72144,607.22986,585.4062
618.31635,585.39636,565.6496,597.72144,607.22986
618.31635,585.39636,565.6496,597.72144,607.22986
618.31635,585.39636,565.6496,597.72144,607.22986
618.31635,585.39636,565.6496,597.72144,607.22986
618.31635,585.39636,565.6496,597.72144,607.22986
616.8103,605.3499,585.41925,565.6496,597.72144
618.31635,585.39636,565.6496,597.72144,607.22986
618.31635,585.39636,565.6496,597.72144,607.22986
618.31635,585.39636,565.6496,597.72144,607.22986
618.3159,585.39636,565.6496,597.72144,607.22986
618.3166,585.39636,565.6496,597.72144,607.22986
618.31824,585.39636,565.6496,597.72144,607.22986
618.2469,585.3943,565.6496,597.72144,607.22986
618.2981,585.3956,565.6496,597.72144,607.22986
618.31635,585.39636,565.6496,597.72144,607.22986
618.31635,585.39636,565.6496,597.72144,607.22986
618.31635,585.39636,565.6496,597.72144,607.22986
836.56824,565.6496,597.72144,607.22986,585.4062
618.31635,585.39636,565.6496,597.72144,607.22986
608.6847,606.9121,585.4062,565.6496,597.72144
618.31635,585.39636,565.6496,597.72144,607.22986
618.31635,585.39636,565.6496,597.72144,607.22986
618.31635,585.39636,565.6496,597.72144,607.22986
618.31635,585.39636,565.6496,597.72144,607.22986
618.31635,585.39636,565.6496,597.72144,607.22986
618.48346,585.39606,565.6496,597.72144,607.22986
618.31635,585.39636,565.6496,597.72144,607.22986
618.3166,585.39636,565.6496,597.72144,607.22986
618.31635,585.39636,565.6496,597.72144,607.22986
618.31635,585.39636,565.6496,597.72144,607.22986
618.31635,585.39636,565.6496,597.72144,607.22986
618.31635,585.39636,565.6496,597.72144,607.22986
618.32526,585.39636,565.6496,597.72144,607.22986
