86.9,54.899998,125.45,601.3667,875.0
54.899998,125.45,601.3667,875.0,1335.2001
125.45,601.3667,875.0,1335.2001,257.46667
601.3667,875.0,1335.2001,257.46667,4931.0005
875.0,1335.2001,257.46667,4931.0005,189.05
1335.2001,257.46667,4931.0005,189.05,54.899998
257.46667,4931.0005,189.05,54.899998,67.53333
4931.0005,189.05,54.899998,67.53333,1234.7001
189.05,54.899998,67.53333,1234.7001,3.2666667
54.899998,67.53333,1234.7001,3.2666667,79.850006
67.53333,1234.7001,3.2666667,79.850006,4931.0005
1234.7001,3.2666667,79.850006,4931.0005,4931.0005
3.2666667,79.850006,4931.0005,4931.0005,83.549995
79.850006,4931.0005,4931.0005,83.549995,199.4
4931.0005,4931.0005,83.549995,199.4,106.38333
4931.0005,83.549995,199.4,106.38333,1177.0834
83.549995,199.4,106.38333,1177.0834,2464.0332
199.4,106.38333,1177.0834,2464.0332,174.96667
106.38333,1177.0834,2464.0332,174.96667,236.63333
1177.0834,2464.0332,174.96667,236.63333,158.66669
2464.0332,174.96667,236.63333,158.66669,83.36667
174.96667,236.63333,158.66669,83.36667,88.43333
236.63333,158.66669,83.36667,88.43333,78.38334
158.66669,83.36667,88.43333,78.38334,77.100006
83.36667,88.43333,78.38334,77.100006,106.63333
88.43333,78.38334,77.100006,106.63333,2366.0833
78.38334,77.100006,106.63333,2366.0833,217.33334
77.100006,106.63333,2366.0833,217.33334,100.38333
106.63333,2366.0833,217.33334,100.38333,111.61667
2366.0833,217.33334,100.38333,111.61667,1393.8167
217.33334,100.38333,111.61667,1393.8167,4172.717
100.38333,111.61667,1393.8167,4172.717,70.25
111.61667,1393.8167,4172.717,70.25,115.25
1393.8167,4172.717,70.25,115.25,38.75
4172.717,70.25,115.25,38.75,373.0
70.25,115.25,38.75,373.0,151.63333
115.25,38.75,373.0,151.63333,997.9
38.75,373.0,151.63333,997.9,1504.9501
373.0,151.63333,997.9,1504.9501,172.2
151.63333,997.9,1504.9501,172.2,4931.0005
997.9,1504.9501,172.2,4931.0005,96.35
1504.9501,172.2,4931.0005,96.35,84.63333
172.2,4931.0005,96.35,84.63333,175.36667
4931.0005,96.35,84.63333,175.36667,305.76666
96.35,84.63333,175.36667,305.76666,90.41667
84.63333,175.36667,305.76666,90.41667,650.81665
175.36667,305.76666,90.41667,650.81665,88.6
305.76666,90.41667,650.81665,88.6,142.1
90.41667,650.81665,88.6,142.1,85.13333
650.81665,88.6,142.1,85.13333,14.783334
88.6,142.1,85.13333,14.783334,92.71667
142.1,85.13333,14.783334,92.71667,166.45001
85.13333,14.783334,92.71667,166.45001,421.11664
14.783334,92.71667,166.45001,421.11664,89.049995
92.71667,166.45001,421.11664,89.049995,4931.0005
166.45001,421.11664,89.049995,4931.0005,65.11667
421.11664,89.049995,4931.0005,65.11667,71.9
89.049995,4931.0005,65.11667,71.9,94.333336
4931.0005,65.11667,71.9,94.333336,92.61666
65.11667,71.9,94.333336,92.61666,58.81667
71.9,94.333336,92.61666,58.81667,4931.0005
94.333336,92.61666,58.81667,4931.0005,88.21667
92.61666,58.81667,4931.0005,88.21667,206.60002
58.81667,4931.0005,88.21667,206.60002,61.699997
4931.0005,88.21667,206.60002,61.699997,195.18333
88.21667,206.60002,61.699997,195.18333,85.65
206.60002,61.699997,195.18333,85.65,81.11667
61.699997,195.18333,85.65,81.11667,47.65
195.18333,85.65,81.11667,47.65,1190.4
85.65,81.11667,47.65,1190.4,1160.4166
81.11667,47.65,1190.4,1160.4166,1906.7167
47.65,1190.4,1160.4166,1906.7167,90.13333
1190.4,1160.4166,1906.7167,90.13333,1444.2833
1160.4166,1906.7167,90.13333,1444.2833,4931.0005
1906.7167,90.13333,1444.2833,4931.0005,276.76666
90.13333,1444.2833,4931.0005,276.76666,916.35004
1444.2833,4931.0005,276.76666,916.35004,527.39996
4931.0005,276.76666,916.35004,527.39996,71.76667
276.76666,916.35004,527.39996,71.76667,149.13333
916.35004,527.39996,71.76667,149.13333,146.31667
527.39996,71.76667,149.13333,146.31667,59.783333
71.76667,149.13333,146.31667,59.783333,4931.0005
149.13333,146.31667,59.783333,4931.0005,76.683334
146.31667,59.783333,4931.0005,76.683334,283.36667
59.783333,4931.0005,76.683334,283.36667,1376.4999
4931.0005,76.683334,283.36667,1376.4999,4931.0005
76.683334,283.36667,1376.4999,4931.0005,110.51667
283.36667,1376.4999,4931.0005,110.51667,589.73334
1376.4999,4931.0005,110.51667,589.73334,4931.0005
4931.0005,110.51667,589.73334,4931.0005,107.816666
110.51667,589.73334,4931.0005,107.816666,4883.0166
589.73334,4931.0005,107.816666,4883.0166,72.299995
4931.0005,107.816666,4883.0166,72.299995,1551.8666
107.816666,4883.0166,72.299995,1551.8666,232.80002
4883.0166,72.299995,1551.8666,232.80002,148.98332
72.299995,1551.8666,232.80002,148.98332,95.933334
1551.8666,232.80002,148.98332,95.933334,1475.3833
232.80002,148.98332,95.933334,1475.3833,658.9
148.98332,95.933334,1475.3833,658.9,930.98334
95.933334,1475.3833,658.9,930.98334,126.98334
1475.3833,658.9,930.98334,126.98334,2212.45
658.9,930.98334,126.98334,2212.45,269.61667
930.98334,126.98334,2212.45,269.61667,385.01663
126.98334,2212.45,269.61667,385.01663,349.51666
2212.45,269.61667,385.01663,349.51666,1036.5166
269.61667,385.01663,349.51666,1036.5166,345.0
385.01663,349.51666,1036.5166,345.0,82.183334
349.51666,1036.5166,345.0,82.183334,2769.9333
1036.5166,345.0,82.183334,2769.9333,30.35
345.0,82.183334,2769.9333,30.35,69.566666
82.183334,2769.9333,30.35,69.566666,2665.0332
2769.9333,30.35,69.566666,2665.0332,277.73334
30.35,69.566666,2665.0332,277.73334,4931.0005
69.566666,2665.0332,277.73334,4931.0005,37.15
2665.0332,277.73334,4931.0005,37.15,311.06665
277.73334,4931.0005,37.15,311.06665,149.96667
4931.0005,37.15,311.06665,149.96667,1126.1167
37.15,311.06665,149.96667,1126.1167,133.76666
311.06665,149.96667,1126.1167,133.76666,1317.7833
149.96667,1126.1167,133.76666,1317.7833,4931.0005
1126.1167,133.76666,1317.7833,4931.0005,119.96667
133.76666,1317.7833,4931.0005,119.96667,292.75
1317.7833,4931.0005,119.96667,292.75,494.0833
4931.0005,119.96667,292.75,494.0833,4931.0005
119.96667,292.75,494.0833,4931.0005,133.43333
292.75,494.0833,4931.0005,133.43333,168.8
494.0833,4931.0005,133.43333,168.8,29.45
4931.0005,133.43333,168.8,29.45,172.78334
133.43333,168.8,29.45,172.78334,179.21667
168.8,29.45,172.78334,179.21667,142.71667
29.45,172.78334,179.21667,142.71667,864.0333
172.78334,179.21667,142.71667,864.0333,3154.7166
179.21667,142.71667,864.0333,3154.7166,85.13333
142.71667,864.0333,3154.7166,85.13333,75.683334
864.0333,3154.7166,85.13333,75.683334,300.18335
3154.7166,85.13333,75.683334,300.18335,62.166664
85.13333,75.683334,300.18335,62.166664,384.0
75.683334,300.18335,62.166664,384.0,443.55
300.18335,62.166664,384.0,443.55,125.98333
62.166664,384.0,443.55,125.98333,77.63334
384.0,443.55,125.98333,77.63334,97.75
443.55,125.98333,77.63334,97.75,4931.0005
125.98333,77.63334,97.75,4931.0005,500.8
77.63334,97.75,4931.0005,500.8,45.133335
97.75,4931.0005,500.8,45.133335,1548.7832
4931.0005,500.8,45.133335,1548.7832,82.916664
500.8,45.133335,1548.7832,82.916664,2793.3835
45.133335,1548.7832,82.916664,2793.3835,98.583336
1548.7832,82.916664,2793.3835,98.583336,1897.35
82.916664,2793.3835,98.583336,1897.35,184.16667
2793.3835,98.583336,1897.35,184.16667,227.96667
98.583336,1897.35,184.16667,227.96667,4931.0005
1897.35,184.16667,227.96667,4931.0005,91.566666
184.16667,227.96667,4931.0005,91.566666,2292.7
227.96667,4931.0005,91.566666,2292.7,4709.567
4931.0005,91.566666,2292.7,4709.567,4931.0005
91.566666,2292.7,4709.567,4931.0005,4931.0005
2292.7,4709.567,4931.0005,4931.0005,538.68335
4709.567,4931.0005,4931.0005,538.68335,183.81667
4931.0005,4931.0005,538.68335,183.81667,4931.0005
4931.0005,538.68335,183.81667,4931.0005,130.34999
538.68335,183.81667,4931.0005,130.34999,123.21667
183.81667,4931.0005,130.34999,123.21667,217.90001
4931.0005,130.34999,123.21667,217.90001,83.88333
130.34999,123.21667,217.90001,83.88333,58.93333
123.21667,217.90001,83.88333,58.93333,44.216663
217.90001,83.88333,58.93333,44.216663,197.75
83.88333,58.93333,44.216663,197.75,88.48334
58.93333,44.216663,197.75,88.48334,1061.4333
44.216663,197.75,88.48334,1061.4333,41.81667
197.75,88.48334,1061.4333,41.81667,2049.4834
88.48334,1061.4333,41.81667,2049.4834,227.95001
1061.4333,41.81667,2049.4834,227.95001,177.20001
41.81667,2049.4834,227.95001,177.20001,80.799995
2049.4834,227.95001,177.20001,80.799995,48.516663
227.95001,177.20001,80.799995,48.516663,184.51666
177.20001,80.799995,48.516663,184.51666,153.96666
80.799995,48.516663,184.51666,153.96666,203.46667
48.516663,184.51666,153.96666,203.46667,328.4833
184.51666,153.96666,203.46667,328.4833,174.65001
153.96666,203.46667,328.4833,174.65001,71.88333
203.46667,328.4833,174.65001,71.88333,220.23335
328.4833,174.65001,71.88333,220.23335,4931.0005
174.65001,71.88333,220.23335,4931.0005,2268.6667
71.88333,220.23335,4931.0005,2268.6667,4931.0005
220.23335,4931.0005,2268.6667,4931.0005,76.55
4931.0005,2268.6667,4931.0005,76.55,45.666664
2268.6667,4931.0005,76.55,45.666664,141.98334
4931.0005,76.55,45.666664,141.98334,328.51666
76.55,45.666664,141.98334,328.51666,4931.0005
45.666664,141.98334,328.51666,4931.0005,406.46667
141.98334,328.51666,4931.0005,406.46667,84.53333
328.51666,4931.0005,406.46667,84.53333,239.11667
4931.0005,406.46667,84.53333,239.11667,40.383335
406.46667,84.53333,239.11667,40.383335,74.65
84.53333,239.11667,40.383335,74.65,58.45
239.11667,40.383335,74.65,58.45,375.38333
40.383335,74.65,58.45,375.38333,1213.6167
74.65,58.45,375.38333,1213.6167,109.350006
58.45,375.38333,1213.6167,109.350006,961.7167
375.38333,1213.6167,109.350006,961.7167,88.13333
1213.6167,109.350006,961.7167,88.13333,31.583332
109.350006,961.7167,88.13333,31.583332,136.15
961.7167,88.13333,31.583332,136.15,267.73334
88.13333,31.583332,136.15,267.73334,119.98333
31.583332,136.15,267.73334,119.98333,1527.4166
136.15,267.73334,119.98333,1527.4166,525.8
267.73334,119.98333,1527.4166,525.8,4931.0005
119.98333,1527.4166,525.8,4931.0005,244.36667
1527.4166,525.8,4931.0005,244.36667,51.15
525.8,4931.0005,244.36667,51.15,67.96667
4931.0005,244.36667,51.15,67.96667,129.90001
244.36667,51.15,67.96667,129.90001,3095.6
51.15,67.96667,129.90001,3095.6,235.70001
67.96667,129.90001,3095.6,235.70001,4931.0005
129.90001,3095.6,235.70001,4931.0005,3969.7332
3095.6,235.70001,4931.0005,3969.7332,98.583336
235.70001,4931.0005,3969.7332,98.583336,530.48334
4931.0005,3969.7332,98.583336,530.48334,113.36666
3969.7332,98.583336,530.48334,113.36666,433.73334
98.583336,530.48334,113.36666,433.73334,1286.5833
530.48334,113.36666,433.73334,1286.5833,421.5
113.36666,433.73334,1286.5833,421.5,43.26667
433.73334,1286.5833,421.5,43.26667,232.78336
1286.5833,421.5,43.26667,232.78336,152.01666
421.5,43.26667,232.78336,152.01666,901.1667
43.26667,232.78336,152.01666,901.1667,47.0
232.78336,152.01666,901.1667,47.0,56.816666
152.01666,901.1667,47.0,56.816666,136.84999
901.1667,47.0,56.816666,136.84999,178.36667
47.0,56.816666,136.84999,178.36667,90.21666
56.816666,136.84999,178.36667,90.21666,371.51666
136.84999,178.36667,90.21666,371.51666,1643.2833
178.36667,90.21666,371.51666,1643.2833,962.69995
90.21666,371.51666,1643.2833,962.69995,215.38335
371.51666,1643.2833,962.69995,215.38335,195.35
1643.2833,962.69995,215.38335,195.35,441.2333
962.69995,215.38335,195.35,441.2333,146.8
215.38335,195.35,441.2333,146.8,246.23334
195.35,441.2333,146.8,246.23334,3013.65
441.2333,146.8,246.23334,3013.65,48.716667
146.8,246.23334,3013.65,48.716667,329.51666
246.23334,3013.65,48.716667,329.51666,72.149994
3013.65,48.716667,329.51666,72.149994,374.96667
48.716667,329.51666,72.149994,374.96667,4931.0005
329.51666,72.149994,374.96667,4931.0005,331.2333
72.149994,374.96667,4931.0005,331.2333,58.733334
374.96667,4931.0005,331.2333,58.733334,258.11667
4931.0005,331.2333,58.733334,258.11667,557.61664
331.2333,58.733334,258.11667,557.61664,124.63333
58.733334,258.11667,557.61664,124.63333,194.46667
258.11667,557.61664,124.63333,194.46667,300.08334
557.61664,124.63333,194.46667,300.08334,178.58334
124.63333,194.46667,300.08334,178.58334,73.316666
194.46667,300.08334,178.58334,73.316666,92.71667
300.08334,178.58334,73.316666,92.71667,40.11667
178.58334,73.316666,92.71667,40.11667,196.91669
73.316666,92.71667,40.11667,196.91669,4931.0005
92.71667,40.11667,196.91669,4931.0005,1106.8167
40.11667,196.91669,4931.0005,1106.8167,102.35
196.91669,4931.0005,1106.8167,102.35,111.78334
4931.0005,1106.8167,102.35,111.78334,176.28334
1106.8167,102.35,111.78334,176.28334,997.3
102.35,111.78334,176.28334,997.3,742.3
111.78334,176.28334,997.3,742.3,89.333336
176.28334,997.3,742.3,89.333336,469.7333
997.3,742.3,89.333336,469.7333,92.083336
742.3,89.333336,469.7333,92.083336,4855.8335
89.333336,469.7333,92.083336,4855.8335,1743.2999
469.7333,92.083336,4855.8335,1743.2999,179.98334
92.083336,4855.8335,1743.2999,179.98334,153.5
4855.8335,1743.2999,179.98334,153.5,4931.0005
1743.2999,179.98334,153.5,4931.0005,205.36668
179.98334,153.5,4931.0005,205.36668,4931.0005
153.5,4931.0005,205.36668,4931.0005,75.75
4931.0005,205.36668,4931.0005,75.75,1477.8167
205.36668,4931.0005,75.75,1477.8167,1980.3667
4931.0005,75.75,1477.8167,1980.3667,1372.1333
75.75,1477.8167,1980.3667,1372.1333,508.68332
1477.8167,1980.3667,1372.1333,508.68332,166.21667
1980.3667,1372.1333,508.68332,166.21667,79.38334
1372.1333,508.68332,166.21667,79.38334,143.18333
508.68332,166.21667,79.38334,143.18333,72.98334
166.21667,79.38334,143.18333,72.98334,217.36667
79.38334,143.18333,72.98334,217.36667,91.566666
143.18333,72.98334,217.36667,91.566666,59.466667
72.98334,217.36667,91.566666,59.466667,532.2167
217.36667,91.566666,59.466667,532.2167,1318.5834
91.566666,59.466667,532.2167,1318.5834,4931.0005
59.466667,532.2167,1318.5834,4931.0005,128.91666
532.2167,1318.5834,4931.0005,128.91666,4931.0005
1318.5834,4931.0005,128.91666,4931.0005,204.86667
4931.0005,128.91666,4931.0005,204.86667,444.56665
128.91666,4931.0005,204.86667,444.56665,225.81668
4931.0005,204.86667,444.56665,225.81668,96.76667
204.86667,444.56665,225.81668,96.76667,891.75
444.56665,225.81668,96.76667,891.75,155.56668
225.81668,96.76667,891.75,155.56668,4931.0005
96.76667,891.75,155.56668,4931.0005,823.81665
891.75,155.56668,4931.0005,823.81665,4931.0005
155.56668,4931.0005,823.81665,4931.0005,3162.9333
4931.0005,823.81665,4931.0005,3162.9333,897.43335
823.81665,4931.0005,3162.9333,897.43335,42.18333
4931.0005,3162.9333,897.43335,42.18333,47.25
3162.9333,897.43335,42.18333,47.25,76.65
897.43335,42.18333,47.25,76.65,129.48334
42.18333,47.25,76.65,129.48334,143.25
47.25,76.65,129.48334,143.25,1971.3333
76.65,129.48334,143.25,1971.3333,78.100006
129.48334,143.25,1971.3333,78.100006,299.9167
143.25,1971.3333,78.100006,299.9167,4931.0005
1971.3333,78.100006,299.9167,4931.0005,1676.8333
78.100006,299.9167,4931.0005,1676.8333,46.8
299.9167,4931.0005,1676.8333,46.8,1341.5667
4931.0005,1676.8333,46.8,1341.5667,409.73334
1676.8333,46.8,1341.5667,409.73334,4931.0005
46.8,1341.5667,409.73334,4931.0005,96.2
1341.5667,409.73334,4931.0005,96.2,91.73334
409.73334,4931.0005,96.2,91.73334,371.91666
4931.0005,96.2,91.73334,371.91666,4931.0005
96.2,91.73334,371.91666,4931.0005,6.0666666
91.73334,371.91666,4931.0005,6.0666666,494.75
371.91666,4931.0005,6.0666666,494.75,60.75
4931.0005,6.0666666,494.75,60.75,4931.0005
6.0666666,494.75,60.75,4931.0005,4931.0005
494.75,60.75,4931.0005,4931.0005,96.85
60.75,4931.0005,4931.0005,96.85,260.23334
4931.0005,4931.0005,96.85,260.23334,156.05
4931.0005,96.85,260.23334,156.05,-8.5154895e-08
96.85,260.23334,156.05,-8.5154895e-08,143.5
260.23334,156.05,-8.5154895e-08,143.5,4931.0005
156.05,-8.5154895e-08,143.5,4931.0005,50.916664
-8.5154895e-08,143.5,4931.0005,50.916664,505.13333
143.5,4931.0005,50.916664,505.13333,1388.55
4931.0005,50.916664,505.13333,1388.55,123.450005
50.916664,505.13333,1388.55,123.450005,4931.0005
505.13333,1388.55,123.450005,4931.0005,68.51667
1388.55,123.450005,4931.0005,68.51667,84.41667
123.450005,4931.0005,68.51667,84.41667,109.700005
4931.0005,68.51667,84.41667,109.700005,4931.0005
68.51667,84.41667,109.700005,4931.0005,1039.2666
84.41667,109.700005,4931.0005,1039.2666,120.01666
109.700005,4931.0005,1039.2666,120.01666,281.91666
4931.0005,1039.2666,120.01666,281.91666,2441.9165
1039.2666,120.01666,281.91666,2441.9165,76.5
120.01666,281.91666,2441.9165,76.5,4931.0005
281.91666,2441.9165,76.5,4931.0005,40.61667
2441.9165,76.5,4931.0005,40.61667,1459.5834
76.5,4931.0005,40.61667,1459.5834,253.68333
4931.0005,40.61667,1459.5834,253.68333,39.133335
40.61667,1459.5834,253.68333,39.133335,1242.6166
1459.5834,253.68333,39.133335,1242.6166,18.866667
253.68333,39.133335,1242.6166,18.866667,35.966667
39.133335,1242.6166,18.866667,35.966667,80.61667
1242.6166,18.866667,35.966667,80.61667,584.4333
18.866667,35.966667,80.61667,584.4333,905.1667
35.966667,80.61667,584.4333,905.1667,4931.0005
80.61667,584.4333,905.1667,4931.0005,1206.4834
584.4333,905.1667,4931.0005,1206.4834,299.18335
905.1667,4931.0005,1206.4834,299.18335,649.6667
4931.0005,1206.4834,299.18335,649.6667,69.88333
1206.4834,299.18335,649.6667,69.88333,55.266666
299.18335,649.6667,69.88333,55.266666,125.41667
649.6667,69.88333,55.266666,125.41667,73.933334
69.88333,55.266666,125.41667,73.933334,173.96667
55.266666,125.41667,73.933334,173.96667,4931.0005
125.41667,73.933334,173.96667,4931.0005,615.2833
73.933334,173.96667,4931.0005,615.2833,85.95
173.96667,4931.0005,615.2833,85.95,329.66666
4931.0005,615.2833,85.95,329.66666,37.816666
615.2833,85.95,329.66666,37.816666,504.51666
85.95,329.66666,37.816666,504.51666,74.98333
329.66666,37.816666,504.51666,74.98333,49.2
37.816666,504.51666,74.98333,49.2,43.73333
504.51666,74.98333,49.2,43.73333,76.683334
74.98333,49.2,43.73333,76.683334,726.9833
49.2,43.73333,76.683334,726.9833,4931.0005
43.73333,76.683334,726.9833,4931.0005,30.816666
76.683334,726.9833,4931.0005,30.816666,55.616665
726.9833,4931.0005,30.816666,55.616665,43.916668
4931.0005,30.816666,55.616665,43.916668,253.63335
30.816666,55.616665,43.916668,253.63335,129.45
55.616665,43.916668,253.63335,129.45,104.03333
43.916668,253.63335,129.45,104.03333,44.083336
253.63335,129.45,104.03333,44.083336,84.183334
129.45,104.03333,44.083336,84.183334,2596.55
104.03333,44.083336,84.183334,2596.55,67.85
44.083336,84.183334,2596.55,67.85,2879.9165
84.183334,2596.55,67.85,2879.9165,4576.8335
2596.55,67.85,2879.9165,4576.8335,99.200005
67.85,2879.9165,4576.8335,99.200005,1582.3
2879.9165,4576.8335,99.200005,1582.3,3412.2
4576.8335,99.200005,1582.3,3412.2,815.0
99.200005,1582.3,3412.2,815.0,111.899994
1582.3,3412.2,815.0,111.899994,67.98333
3412.2,815.0,111.899994,67.98333,2654.4502
815.0,111.899994,67.98333,2654.4502,79.316666
111.899994,67.98333,2654.4502,79.316666,4931.0005
67.98333,2654.4502,79.316666,4931.0005,4931.0005
2654.4502,79.316666,4931.0005,4931.0005,61.916668
79.316666,4931.0005,4931.0005,61.916668,84.53333
4931.0005,4931.0005,61.916668,84.53333,176.45001
4931.0005,61.916668,84.53333,176.45001,112.88333
61.916668,84.53333,176.45001,112.88333,1810.8834
84.53333,176.45001,112.88333,1810.8834,4931.0005
176.45001,112.88333,1810.8834,4931.0005,1861.7667
112.88333,1810.8834,4931.0005,1861.7667,30.483332
1810.8834,4931.0005,1861.7667,30.483332,323.88333
4931.0005,1861.7667,30.483332,323.88333,507.28333
1861.7667,30.483332,323.88333,507.28333,55.5
30.483332,323.88333,507.28333,55.5,140.96667
323.88333,507.28333,55.5,140.96667,121.11666
507.28333,55.5,140.96667,121.11666,353.16666
55.5,140.96667,121.11666,353.16666,82.0
140.96667,121.11666,353.16666,82.0,84.28333
121.11666,353.16666,82.0,84.28333,120.183334
353.16666,82.0,84.28333,120.183334,69.9
82.0,84.28333,120.183334,69.9,15.233334
84.28333,120.183334,69.9,15.233334,1794.5499
120.183334,69.9,15.233334,1794.5499,92.149994
69.9,15.233334,1794.5499,92.149994,184.68335
15.233334,1794.5499,92.149994,184.68335,1339.1333
1794.5499,92.149994,184.68335,1339.1333,377.09998
92.149994,184.68335,1339.1333,377.09998,328.75
184.68335,1339.1333,377.09998,328.75,4931.0005
1339.1333,377.09998,328.75,4931.0005,41.100002
377.09998,328.75,4931.0005,41.100002,150.83333
328.75,4931.0005,41.100002,150.83333,79.56667
4931.0005,41.100002,150.83333,79.56667,181.98335
41.100002,150.83333,79.56667,181.98335,239.91669
150.83333,79.56667,181.98335,239.91669,735.94995
79.56667,181.98335,239.91669,735.94995,365.76666
181.98335,239.91669,735.94995,365.76666,1780.6833
239.91669,735.94995,365.76666,1780.6833,905.95
735.94995,365.76666,1780.6833,905.95,168.70001
365.76666,1780.6833,905.95,168.70001,4931.0005
1780.6833,905.95,168.70001,4931.0005,455.5833
905.95,168.70001,4931.0005,455.5833,303.71667
168.70001,4931.0005,455.5833,303.71667,3231.5833
4931.0005,455.5833,303.71667,3231.5833,1566.6666
455.5833,303.71667,3231.5833,1566.6666,378.81665
303.71667,3231.5833,1566.6666,378.81665,65.36667
3231.5833,1566.6666,378.81665,65.36667,201.36668
1566.6666,378.81665,65.36667,201.36668,263.56668
378.81665,65.36667,201.36668,263.56668,106.03333
65.36667,201.36668,263.56668,106.03333,164.63335
201.36668,263.56668,106.03333,164.63335,317.38333
263.56668,106.03333,164.63335,317.38333,1790.3833
106.03333,164.63335,317.38333,1790.3833,64.96667
164.63335,317.38333,1790.3833,64.96667,71.63333
317.38333,1790.3833,64.96667,71.63333,83.833336
1790.3833,64.96667,71.63333,83.833336,234.16667
64.96667,71.63333,83.833336,234.16667,250.2
71.63333,83.833336,234.16667,250.2,246.08334
83.833336,234.16667,250.2,246.08334,266.31668
234.16667,250.2,246.08334,266.31668,115.933334
250.2,246.08334,266.31668,115.933334,77.63334
246.08334,266.31668,115.933334,77.63334,4175.9
266.31668,115.933334,77.63334,4175.9,113.1
115.933334,77.63334,4175.9,113.1,57.283333
77.63334,4175.9,113.1,57.283333,164.66667
4175.9,113.1,57.283333,164.66667,80.6
113.1,57.283333,164.66667,80.6,338.51666
57.283333,164.66667,80.6,338.51666,346.41666
164.66667,80.6,338.51666,346.41666,95.450005
80.6,338.51666,346.41666,95.450005,218.16667
338.51666,346.41666,95.450005,218.16667,21.466667
346.41666,95.450005,218.16667,21.466667,101.26667
95.450005,218.16667,21.466667,101.26667,4931.0005
218.16667,21.466667,101.26667,4931.0005,173.61668
21.466667,101.26667,4931.0005,173.61668,72.11667
101.26667,4931.0005,173.61668,72.11667,31.949999
4931.0005,173.61668,72.11667,31.949999,121.31667
173.61668,72.11667,31.949999,121.31667,345.1
72.11667,31.949999,121.31667,345.1,104.51667
31.949999,121.31667,345.1,104.51667,629.31665
121.31667,345.1,104.51667,629.31665,651.1667
345.1,104.51667,629.31665,651.1667,4931.0005
104.51667,629.31665,651.1667,4931.0005,211.21667
629.31665,651.1667,4931.0005,211.21667,131.6
651.1667,4931.0005,211.21667,131.6,3486.9165
4931.0005,211.21667,131.6,3486.9165,425.06665
211.21667,131.6,3486.9165,425.06665,166.01666
131.6,3486.9165,425.06665,166.01666,3.5666666
3486.9165,425.06665,166.01666,3.5666666,75.21667
425.06665,166.01666,3.5666666,75.21667,265.98334
166.01666,3.5666666,75.21667,265.98334,417.3
3.5666666,75.21667,265.98334,417.3,4931.0005
75.21667,265.98334,417.3,4931.0005,200.61667
265.98334,417.3,4931.0005,200.61667,90.166664
417.3,4931.0005,200.61667,90.166664,195.11667
4931.0005,200.61667,90.166664,195.11667,262.83334
200.61667,90.166664,195.11667,262.83334,4931.0005
90.166664,195.11667,262.83334,4931.0005,57.26667
195.11667,262.83334,4931.0005,57.26667,4931.0005
262.83334,4931.0005,57.26667,4931.0005,4931.0005
4931.0005,57.26667,4931.0005,4931.0005,146.43333
57.26667,4931.0005,4931.0005,146.43333,112.88333
4931.0005,4931.0005,146.43333,112.88333,181.86667
90.98333,4931.0005,4931.0005,4931.0005,2257.6
4931.0005,4931.0005,4931.0005,2257.6,150.75
4931.0005,4931.0005,2257.6,150.75,109.649994
4931.0005,2257.6,150.75,109.649994,148.55
2257.6,150.75,109.649994,148.55,1661.1333
150.75,109.649994,148.55,1661.1333,316.26666
109.649994,148.55,1661.1333,316.26666,97.33333
148.55,1661.1333,316.26666,97.33333,147.11667
1661.1333,316.26666,97.33333,147.11667,319.4
316.26666,97.33333,147.11667,319.4,99.8
97.33333,147.11667,319.4,99.8,4931.0005
147.11667,319.4,99.8,4931.0005,4931.0005
319.4,99.8,4931.0005,4931.0005,3599.1665
99.8,4931.0005,4931.0005,3599.1665,162.73334
4931.0005,4931.0005,3599.1665,162.73334,153.88333
4931.0005,3599.1665,162.73334,153.88333,549.3
3599.1665,162.73334,153.88333,549.3,357.01666
162.73334,153.88333,549.3,357.01666,4.05
153.88333,549.3,357.01666,4.05,4931.0005
549.3,357.01666,4.05,4931.0005,51.316666
357.01666,4.05,4931.0005,51.316666,4054.8333
4.05,4931.0005,51.316666,4054.8333,509.48334
4931.0005,51.316666,4054.8333,509.48334,107.95
51.316666,4054.8333,509.48334,107.95,20.283333
4054.8333,509.48334,107.95,20.283333,177.73335
509.48334,107.95,20.283333,177.73335,109.066666
107.95,20.283333,177.73335,109.066666,500.21664
20.283333,177.73335,109.066666,500.21664,44.266666
177.73335,109.066666,500.21664,44.266666,4931.0005
109.066666,500.21664,44.266666,4931.0005,258.75
500.21664,44.266666,4931.0005,258.75,560.6667
44.266666,4931.0005,258.75,560.6667,4931.0005
4931.0005,258.75,560.6667,4931.0005,119.533325
258.75,560.6667,4931.0005,119.533325,232.63335
560.6667,4931.0005,119.533325,232.63335,54.433334
4931.0005,119.533325,232.63335,54.433334,1096.95
119.533325,232.63335,54.433334,1096.95,233.78336
232.63335,54.433334,1096.95,233.78336,109.933334
54.433334,1096.95,233.78336,109.933334,280.45
1096.95,233.78336,109.933334,280.45,145.01666
233.78336,109.933334,280.45,145.01666,356.85
109.933334,280.45,145.01666,356.85,248.15001
280.45,145.01666,356.85,248.15001,283.45
145.01666,356.85,248.15001,283.45,1127.6333
356.85,248.15001,283.45,1127.6333,160.73334
248.15001,283.45,1127.6333,160.73334,113.61667
283.45,1127.6333,160.73334,113.61667,4931.0005
1127.6333,160.73334,113.61667,4931.0005,50.033333
160.73334,113.61667,4931.0005,50.033333,181.61668
113.61667,4931.0005,50.033333,181.61668,16.533333
4931.0005,50.033333,181.61668,16.533333,2186.2834
50.033333,181.61668,16.533333,2186.2834,32.183334
181.61668,16.533333,2186.2834,32.183334,163.56668
16.533333,2186.2834,32.183334,163.56668,200.45001
2186.2834,32.183334,163.56668,200.45001,89.450005
32.183334,163.56668,200.45001,89.450005,221.55002
163.56668,200.45001,89.450005,221.55002,110.7
200.45001,89.450005,221.55002,110.7,68.13333
89.450005,221.55002,110.7,68.13333,35.2
221.55002,110.7,68.13333,35.2,111.066666
110.7,68.13333,35.2,111.066666,169.21667
68.13333,35.2,111.066666,169.21667,4931.0005
35.2,111.066666,169.21667,4931.0005,250.03334
111.066666,169.21667,4931.0005,250.03334,88.9
169.21667,4931.0005,250.03334,88.9,2299.3833
4931.0005,250.03334,88.9,2299.3833,1055.35
250.03334,88.9,2299.3833,1055.35,233.71666
88.9,2299.3833,1055.35,233.71666,93.98334
2299.3833,1055.35,233.71666,93.98334,74.6
1055.35,233.71666,93.98334,74.6,138.65001
233.71666,93.98334,74.6,138.65001,212.73335
93.98334,74.6,138.65001,212.73335,4931.0005
74.6,138.65001,212.73335,4931.0005,2138.55
138.65001,212.73335,4931.0005,2138.55,1054.5833
212.73335,4931.0005,2138.55,1054.5833,30.216667
4931.0005,2138.55,1054.5833,30.216667,83.63334
2138.55,1054.5833,30.216667,83.63334,767.28326
1054.5833,30.216667,83.63334,767.28326,659.9
30.216667,83.63334,767.28326,659.9,197.70001
83.63334,767.28326,659.9,197.70001,82.58333
767.28326,659.9,197.70001,82.58333,3444.8335
659.9,197.70001,82.58333,3444.8335,553.25
197.70001,82.58333,3444.8335,553.25,273.30002
82.58333,3444.8335,553.25,273.30002,295.76666
3444.8335,553.25,273.30002,295.76666,205.45001
553.25,273.30002,295.76666,205.45001,1266.3334
273.30002,295.76666,205.45001,1266.3334,288.88333
295.76666,205.45001,1266.3334,288.88333,102.666664
205.45001,1266.3334,288.88333,102.666664,226.5
1266.3334,288.88333,102.666664,226.5,1075.2
288.88333,102.666664,226.5,1075.2,128.2
102.666664,226.5,1075.2,128.2,2162.1333
226.5,1075.2,128.2,2162.1333,75.083336
1075.2,128.2,2162.1333,75.083336,4931.0005
128.2,2162.1333,75.083336,4931.0005,90.433334
2162.1333,75.083336,4931.0005,90.433334,110.416664
75.083336,4931.0005,90.433334,110.416664,244.11668
4931.0005,90.433334,110.416664,244.11668,78.01667
90.433334,110.416664,244.11668,78.01667,43.766666
110.416664,244.11668,78.01667,43.766666,185.08334
244.11668,78.01667,43.766666,185.08334,213.76668
78.01667,43.766666,185.08334,213.76668,194.73334
43.766666,185.08334,213.76668,194.73334,182.28336
185.08334,213.76668,194.73334,182.28336,4931.0005
213.76668,194.73334,182.28336,4931.0005,1031.0833
194.73334,182.28336,4931.0005,1031.0833,206.96667
182.28336,4931.0005,1031.0833,206.96667,166.93333
4931.0005,1031.0833,206.96667,166.93333,698.0833
1031.0833,206.96667,166.93333,698.0833,395.48334
206.96667,166.93333,698.0833,395.48334,275.03333
166.93333,698.0833,395.48334,275.03333,283.1
698.0833,395.48334,275.03333,283.1,219.93335
395.48334,275.03333,283.1,219.93335,139.66667
275.03333,283.1,219.93335,139.66667,59.466667
283.1,219.93335,139.66667,59.466667,142.56667
219.93335,139.66667,59.466667,142.56667,257.5
139.66667,59.466667,142.56667,257.5,335.88333
59.466667,142.56667,257.5,335.88333,183.13333
142.56667,257.5,335.88333,183.13333,170.41667
257.5,335.88333,183.13333,170.41667,265.56668
335.88333,183.13333,170.41667,265.56668,40.083332
183.13333,170.41667,265.56668,40.083332,129.65
170.41667,265.56668,40.083332,129.65,173.35
265.56668,40.083332,129.65,173.35,707.11664
40.083332,129.65,173.35,707.11664,156.65001
129.65,173.35,707.11664,156.65001,1836.7333
173.35,707.11664,156.65001,1836.7333,142.58333
707.11664,156.65001,1836.7333,142.58333,52.13333
156.65001,1836.7333,142.58333,52.13333,2057.8167
1836.7333,142.58333,52.13333,2057.8167,119.23334
142.58333,52.13333,2057.8167,119.23334,233.18335
52.13333,2057.8167,119.23334,233.18335,304.05002
2057.8167,119.23334,233.18335,304.05002,80.96667
119.23334,233.18335,304.05002,80.96667,234.90001
233.18335,304.05002,80.96667,234.90001,622.9
304.05002,80.96667,234.90001,622.9,140.11667
80.96667,234.90001,622.9,140.11667,209.75
234.90001,622.9,140.11667,209.75,4931.0005
622.9,140.11667,209.75,4931.0005,4931.0005
140.11667,209.75,4931.0005,4931.0005,220.43333
209.75,4931.0005,4931.0005,220.43333,101.5
4931.0005,4931.0005,220.43333,101.5,668.26666
4931.0005,220.43333,101.5,668.26666,385.49997
220.43333,101.5,668.26666,385.49997,346.95
101.5,668.26666,385.49997,346.95,4931.0005
668.26666,385.49997,346.95,4931.0005,47.15
385.49997,346.95,4931.0005,47.15,870.2167
346.95,4931.0005,47.15,870.2167,278.86667
4931.0005,47.15,870.2167,278.86667,7.5
47.15,870.2167,278.86667,7.5,940.7666
870.2167,278.86667,7.5,940.7666,4931.0005
278.86667,7.5,940.7666,4931.0005,160.11667
7.5,940.7666,4931.0005,160.11667,240.8
940.7666,4931.0005,160.11667,240.8,263.46667
4931.0005,160.11667,240.8,263.46667,148.66666
160.11667,240.8,263.46667,148.66666,186.1
240.8,263.46667,148.66666,186.1,1263.9
263.46667,148.66666,186.1,1263.9,4931.0005
148.66666,186.1,1263.9,4931.0005,2937.9333
186.1,1263.9,4931.0005,2937.9333,184.31668
1263.9,4931.0005,2937.9333,184.31668,101.583336
4931.0005,2937.9333,184.31668,101.583336,4931.0005
2937.9333,184.31668,101.583336,4931.0005,441.63333
184.31668,101.583336,4931.0005,441.63333,130.65
101.583336,4931.0005,441.63333,130.65,74.6
4931.0005,441.63333,130.65,74.6,244.26668
441.63333,130.65,74.6,244.26668,169.66669
130.65,74.6,244.26668,169.66669,28.383333
74.6,244.26668,169.66669,28.383333,99.55
244.26668,169.66669,28.383333,99.55,4931.0005
169.66669,28.383333,99.55,4931.0005,94.65
28.383333,99.55,4931.0005,94.65,80.21667
99.55,4931.0005,94.65,80.21667,137.78333
4931.0005,94.65,80.21667,137.78333,139.93333
94.65,80.21667,137.78333,139.93333,162.31668
80.21667,137.78333,139.93333,162.31668,206.98334
137.78333,139.93333,162.31668,206.98334,414.65
139.93333,162.31668,206.98334,414.65,647.6833
162.31668,206.98334,414.65,647.6833,129.93333
206.98334,414.65,647.6833,129.93333,186.05
414.65,647.6833,129.93333,186.05,79.666664
647.6833,129.93333,186.05,79.666664,86.25
129.93333,186.05,79.666664,86.25,147.11667
186.05,79.666664,86.25,147.11667,917.14996
79.666664,86.25,147.11667,917.14996,4931.0005
86.25,147.11667,917.14996,4931.0005,70.6
147.11667,917.14996,4931.0005,70.6,15.766666
917.14996,4931.0005,70.6,15.766666,342.98334
4931.0005,70.6,15.766666,342.98334,107.88334
70.6,15.766666,342.98334,107.88334,1320.1667
15.766666,342.98334,107.88334,1320.1667,234.83334
342.98334,107.88334,1320.1667,234.83334,145.4
107.88334,1320.1667,234.83334,145.4,216.33334
1320.1667,234.83334,145.4,216.33334,2429.75
234.83334,145.4,216.33334,2429.75,145.91666
145.4,216.33334,2429.75,145.91666,4931.0005
216.33334,2429.75,145.91666,4931.0005,4931.0005
2429.75,145.91666,4931.0005,4931.0005,4931.0005
145.91666,4931.0005,4931.0005,4931.0005,147.08334
4931.0005,4931.0005,4931.0005,147.08334,313.76663
4931.0005,4931.0005,147.08334,313.76663,236.95
4931.0005,147.08334,313.76663,236.95,179.20001
147.08334,313.76663,236.95,179.20001,4039.0835
313.76663,236.95,179.20001,4039.0835,264.50003
236.95,179.20001,4039.0835,264.50003,182.01668
179.20001,4039.0835,264.50003,182.01668,115.38333
4039.0835,264.50003,182.01668,115.38333,238.66669
264.50003,182.01668,115.38333,238.66669,571.95
182.01668,115.38333,238.66669,571.95,138.93333
115.38333,238.66669,571.95,138.93333,148.46666
238.66669,571.95,138.93333,148.46666,202.3
571.95,138.93333,148.46666,202.3,503.13333
138.93333,148.46666,202.3,503.13333,114.316666
148.46666,202.3,503.13333,114.316666,83.85
202.3,503.13333,114.316666,83.85,2356.1667
503.13333,114.316666,83.85,2356.1667,199.16669
114.316666,83.85,2356.1667,199.16669,104.66667
83.85,2356.1667,199.16669,104.66667,307.4167
2356.1667,199.16669,104.66667,307.4167,207.83336
199.16669,104.66667,307.4167,207.83336,105.03333
104.66667,307.4167,207.83336,105.03333,496.84998
307.4167,207.83336,105.03333,496.84998,1670.3
207.83336,105.03333,496.84998,1670.3,4931.0005
105.03333,496.84998,1670.3,4931.0005,187.56668
496.84998,1670.3,4931.0005,187.56668,4931.0005
1670.3,4931.0005,187.56668,4931.0005,4361.1665
4931.0005,187.56668,4931.0005,4361.1665,407.4
187.56668,4931.0005,4361.1665,407.4,146.51666
4931.0005,4361.1665,407.4,146.51666,110.96667
4361.1665,407.4,146.51666,110.96667,106.28333
407.4,146.51666,110.96667,106.28333,2224.5334
146.51666,110.96667,106.28333,2224.5334,184.78334
110.96667,106.28333,2224.5334,184.78334,1610.95
106.28333,2224.5334,184.78334,1610.95,178.28334
2224.5334,184.78334,1610.95,178.28334,11.599999
184.78334,1610.95,178.28334,11.599999,178.76668
1610.95,178.28334,11.599999,178.76668,1002.99994
178.28334,11.599999,178.76668,1002.99994,4931.0005
11.599999,178.76668,1002.99994,4931.0005,152.03333
178.76668,1002.99994,4931.0005,152.03333,203.96669
1002.99994,4931.0005,152.03333,203.96669,111.51667
4931.0005,152.03333,203.96669,111.51667,263.95
152.03333,203.96669,111.51667,263.95,1189.1
203.96669,111.51667,263.95,1189.1,4931.0005
111.51667,263.95,1189.1,4931.0005,495.53333
263.95,1189.1,4931.0005,495.53333,1030.1333
1189.1,4931.0005,495.53333,1030.1333,3059.067
4931.0005,495.53333,1030.1333,3059.067,421.8833
495.53333,1030.1333,3059.067,421.8833,78.683334
1030.1333,3059.067,421.8833,78.683334,1351.5833
3059.067,421.8833,78.683334,1351.5833,2698.0
421.8833,78.683334,1351.5833,2698.0,52.416668
78.683334,1351.5833,2698.0,52.416668,534.2833
1351.5833,2698.0,52.416668,534.2833,1551.4667
2698.0,52.416668,534.2833,1551.4667,77.16667
52.416668,534.2833,1551.4667,77.16667,3619.8499
534.2833,1551.4667,77.16667,3619.8499,4931.0005
1551.4667,77.16667,3619.8499,4931.0005,1276.8
77.16667,3619.8499,4931.0005,1276.8,304.95
3619.8499,4931.0005,1276.8,304.95,312.19998
4931.0005,1276.8,304.95,312.19998,4931.0005
1276.8,304.95,312.19998,4931.0005,266.28336
304.95,312.19998,4931.0005,266.28336,151.8
312.19998,4931.0005,266.28336,151.8,37.033333
4931.0005,266.28336,151.8,37.033333,32.966667
266.28336,151.8,37.033333,32.966667,1852.5667
151.8,37.033333,32.966667,1852.5667,577.4
37.033333,32.966667,1852.5667,577.4,107.71666
32.966667,1852.5667,577.4,107.71666,144.21666
1852.5667,577.4,107.71666,144.21666,175.91667
577.4,107.71666,144.21666,175.91667,31.283333
107.71666,144.21666,175.91667,31.283333,223.01666
144.21666,175.91667,31.283333,223.01666,260.85
175.91667,31.283333,223.01666,260.85,4931.0005
31.283333,223.01666,260.85,4931.0005,1530.35
223.01666,260.85,4931.0005,1530.35,254.58334
260.85,4931.0005,1530.35,254.58334,120.566666
4931.0005,1530.35,254.58334,120.566666,208.58334
1530.35,254.58334,120.566666,208.58334,751.14996
254.58334,120.566666,208.58334,751.14996,81.833336
120.566666,208.58334,751.14996,81.833336,340.61667
208.58334,751.14996,81.833336,340.61667,529.3
751.14996,81.833336,340.61667,529.3,170.55
81.833336,340.61667,529.3,170.55,420.49997
340.61667,529.3,170.55,420.49997,36.6
529.3,170.55,420.49997,36.6,231.53334
170.55,420.49997,36.6,231.53334,426.4833
420.49997,36.6,231.53334,426.4833,175.46669
36.6,231.53334,426.4833,175.46669,408.4167
231.53334,426.4833,175.46669,408.4167,4931.0005
426.4833,175.46669,408.4167,4931.0005,889.5
175.46669,408.4167,4931.0005,889.5,239.76668
408.4167,4931.0005,889.5,239.76668,3945.9167
4931.0005,889.5,239.76668,3945.9167,777.2833
889.5,239.76668,3945.9167,777.2833,191.28334
239.76668,3945.9167,777.2833,191.28334,248.71667
3945.9167,777.2833,191.28334,248.71667,66.75
777.2833,191.28334,248.71667,66.75,87.416664
191.28334,248.71667,66.75,87.416664,881.19995
248.71667,66.75,87.416664,881.19995,241.98334
66.75,87.416664,881.19995,241.98334,242.43333
87.416664,881.19995,241.98334,242.43333,1061.2999
881.19995,241.98334,242.43333,1061.2999,59.883335
241.98334,242.43333,1061.2999,59.883335,4931.0005
242.43333,1061.2999,59.883335,4931.0005,139.93333
1061.2999,59.883335,4931.0005,139.93333,925.7833
59.883335,4931.0005,139.93333,925.7833,782.0333
4931.0005,139.93333,925.7833,782.0333,167.95
139.93333,925.7833,782.0333,167.95,160.31668
925.7833,782.0333,167.95,160.31668,142.98332
782.0333,167.95,160.31668,142.98332,415.3
167.95,160.31668,142.98332,415.3,202.3
160.31668,142.98332,415.3,202.3,184.43333
142.98332,415.3,202.3,184.43333,68.416664
415.3,202.3,184.43333,68.416664,1092.5333
202.3,184.43333,68.416664,1092.5333,4.2833333
184.43333,68.416664,1092.5333,4.2833333,4931.0005
68.416664,1092.5333,4.2833333,4931.0005,4931.0005
1092.5333,4.2833333,4931.0005,4931.0005,201.13335
4.2833333,4931.0005,4931.0005,201.13335,1605.9333
4931.0005,4931.0005,201.13335,1605.9333,308.36667
4931.0005,201.13335,1605.9333,308.36667,44.983334
201.13335,1605.9333,308.36667,44.983334,166.80002
1605.9333,308.36667,44.983334,166.80002,279.9
308.36667,44.983334,166.80002,279.9,408.71664
44.983334,166.80002,279.9,408.71664,101.71666
166.80002,279.9,408.71664,101.71666,4931.0005
279.9,408.71664,101.71666,4931.0005,219.43333
408.71664,101.71666,4931.0005,219.43333,127.11666
101.71666,4931.0005,219.43333,127.11666,70.950005
4931.0005,219.43333,127.11666,70.950005,1199.7333
219.43333,127.11666,70.950005,1199.7333,151.81667
127.11666,70.950005,1199.7333,151.81667,30.983334
70.950005,1199.7333,151.81667,30.983334,66.65
1199.7333,151.81667,30.983334,66.65,836.9833
151.81667,30.983334,66.65,836.9833,137.58333
30.983334,66.65,836.9833,137.58333,75.76666
66.65,836.9833,137.58333,75.76666,2260.8833
836.9833,137.58333,75.76666,2260.8833,223.58334
137.58333,75.76666,2260.8833,223.58334,61.31667
75.76666,2260.8833,223.58334,61.31667,1689.15
2260.8833,223.58334,61.31667,1689.15,751.5333
223.58334,61.31667,1689.15,751.5333,115.98334
61.31667,1689.15,751.5333,115.98334,203.65001
1689.15,751.5333,115.98334,203.65001,145.86667
751.5333,115.98334,203.65001,145.86667,56.716667
115.98334,203.65001,145.86667,56.716667,70.88333
203.65001,145.86667,56.716667,70.88333,318.2333
145.86667,56.716667,70.88333,318.2333,303.08334
56.716667,70.88333,318.2333,303.08334,309.43335
70.88333,318.2333,303.08334,309.43335,143.75
318.2333,303.08334,309.43335,143.75,196.78334
303.08334,309.43335,143.75,196.78334,1068.2833
309.43335,143.75,196.78334,1068.2833,121.00001
143.75,196.78334,1068.2833,121.00001,125.68333
196.78334,1068.2833,121.00001,125.68333,307.45
1068.2833,121.00001,125.68333,307.45,2385.25
121.00001,125.68333,307.45,2385.25,2741.7
125.68333,307.45,2385.25,2741.7,250.23334
307.45,2385.25,2741.7,250.23334,4931.0005
2385.25,2741.7,250.23334,4931.0005,4355.0
2741.7,250.23334,4931.0005,4355.0,4931.0005
250.23334,4931.0005,4355.0,4931.0005,4931.0005
4931.0005,4355.0,4931.0005,4931.0005,139.83333
4355.0,4931.0005,4931.0005,139.83333,180.86667
4931.0005,4931.0005,139.83333,180.86667,517.6666
4931.0005,139.83333,180.86667,517.6666,249.65001
139.83333,180.86667,517.6666,249.65001,231.81668
180.86667,517.6666,249.65001,231.81668,760.8833
517.6666,249.65001,231.81668,760.8833,113.75
249.65001,231.81668,760.8833,113.75,83.333336
231.81668,760.8833,113.75,83.333336,68.083336
760.8833,113.75,83.333336,68.083336,167.40001
113.75,83.333336,68.083336,167.40001,406.06665
83.333336,68.083336,167.40001,406.06665,139.53333
68.083336,167.40001,406.06665,139.53333,181.51668
167.40001,406.06665,139.53333,181.51668,4931.0005
406.06665,139.53333,181.51668,4931.0005,1746.0667
139.53333,181.51668,4931.0005,1746.0667,117.933334
181.51668,4931.0005,1746.0667,117.933334,156.20001
4931.0005,1746.0667,117.933334,156.20001,74.3
1746.0667,117.933334,156.20001,74.3,4931.0005
117.933334,156.20001,74.3,4931.0005,108.96667
156.20001,74.3,4931.0005,108.96667,358.61667
74.3,4931.0005,108.96667,358.61667,385.64996
4931.0005,108.96667,358.61667,385.64996,145.68333
108.96667,358.61667,385.64996,145.68333,698.93335
358.61667,385.64996,145.68333,698.93335,316.91666
385.64996,145.68333,698.93335,316.91666,120.566666
145.68333,698.93335,316.91666,120.566666,15.150001
698.93335,316.91666,120.566666,15.150001,4931.0005
316.91666,120.566666,15.150001,4931.0005,1347.4333
120.566666,15.150001,4931.0005,1347.4333,200.6
15.150001,4931.0005,1347.4333,200.6,4931.0005
4931.0005,1347.4333,200.6,4931.0005,634.45
1347.4333,200.6,4931.0005,634.45,91.55
200.6,4931.0005,634.45,91.55,207.53336
4931.0005,634.45,91.55,207.53336,289.95
634.45,91.55,207.53336,289.95,111.28334
91.55,207.53336,289.95,111.28334,4931.0005
207.53336,289.95,111.28334,4931.0005,403.44998
289.95,111.28334,4931.0005,403.44998,434.96667
111.28334,4931.0005,403.44998,434.96667,16.416666
4931.0005,403.44998,434.96667,16.416666,4931.0005
403.44998,434.96667,16.416666,4931.0005,59.733334
434.96667,16.416666,4931.0005,59.733334,225.8
16.416666,4931.0005,59.733334,225.8,6.866667
4931.0005,59.733334,225.8,6.866667,247.56667
59.733334,225.8,6.866667,247.56667,176.90001
225.8,6.866667,247.56667,176.90001,3362.1501
6.866667,247.56667,176.90001,3362.1501,1243.9667
247.56667,176.90001,3362.1501,1243.9667,253.46666
176.90001,3362.1501,1243.9667,253.46666,87.28333
3362.1501,1243.9667,253.46666,87.28333,719.1666
1243.9667,253.46666,87.28333,719.1666,131.01666
253.46666,87.28333,719.1666,131.01666,577.2833
87.28333,719.1666,131.01666,577.2833,4931.0005
719.1666,131.01666,577.2833,4931.0005,109.566666
131.01666,577.2833,4931.0005,109.566666,183.81667
577.2833,4931.0005,109.566666,183.81667,78.26667
4931.0005,109.566666,183.81667,78.26667,513.86664
109.566666,183.81667,78.26667,513.86664,1919.2
183.81667,78.26667,513.86664,1919.2,4931.0005
78.26667,513.86664,1919.2,4931.0005,4931.0005
513.86664,1919.2,4931.0005,4931.0005,152.93333
1919.2,4931.0005,4931.0005,152.93333,195.81667
4931.0005,4931.0005,152.93333,195.81667,57.11667
4931.0005,152.93333,195.81667,57.11667,286.03336
152.93333,195.81667,57.11667,286.03336,210.26668
195.81667,57.11667,286.03336,210.26668,258.58334
57.11667,286.03336,210.26668,258.58334,154.1
286.03336,210.26668,258.58334,154.1,220.03334
210.26668,258.58334,154.1,220.03334,104.38333
258.58334,154.1,220.03334,104.38333,125.28333
154.1,220.03334,104.38333,125.28333,510.56665
220.03334,104.38333,125.28333,510.56665,224.18333
104.38333,125.28333,510.56665,224.18333,26.383333
125.28333,510.56665,224.18333,26.383333,137.65
510.56665,224.18333,26.383333,137.65,106.13334
224.18333,26.383333,137.65,106.13334,4931.0005
26.383333,137.65,106.13334,4931.0005,18.133333
137.65,106.13334,4931.0005,18.133333,1166.3833
106.13334,4931.0005,18.133333,1166.3833,3501.3333
4931.0005,18.133333,1166.3833,3501.3333,284.73334
18.133333,1166.3833,3501.3333,284.73334,4931.0005
1166.3833,3501.3333,284.73334,4931.0005,4931.0005
3501.3333,284.73334,4931.0005,4931.0005,553.1
284.73334,4931.0005,4931.0005,553.1,383.98334
4931.0005,4931.0005,553.1,383.98334,2436.8333
4931.0005,553.1,383.98334,2436.8333,167.71669
553.1,383.98334,2436.8333,167.71669,149.65001
383.98334,2436.8333,167.71669,149.65001,4931.0005
2436.8333,167.71669,149.65001,4931.0005,1083.6
167.71669,149.65001,4931.0005,1083.6,183.2
149.65001,4931.0005,1083.6,183.2,636.4666
4931.0005,1083.6,183.2,636.4666,189.48335
1083.6,183.2,636.4666,189.48335,4931.0005
183.2,636.4666,189.48335,4931.0005,105.38333
636.4666,189.48335,4931.0005,105.38333,265.55002
189.48335,4931.0005,105.38333,265.55002,262.03336
4931.0005,105.38333,265.55002,262.03336,219.41667
105.38333,265.55002,262.03336,219.41667,281.51666
265.55002,262.03336,219.41667,281.51666,139.96667
262.03336,219.41667,281.51666,139.96667,158.75002
219.41667,281.51666,139.96667,158.75002,117.08333
281.51666,139.96667,158.75002,117.08333,8.166666
139.96667,158.75002,117.08333,8.166666,529.6667
158.75002,117.08333,8.166666,529.6667,34.6
117.08333,8.166666,529.6667,34.6,185.55002
8.166666,529.6667,34.6,185.55002,486.3
529.6667,34.6,185.55002,486.3,70.86667
34.6,185.55002,486.3,70.86667,169.70001
185.55002,486.3,70.86667,169.70001,2619.4165
486.3,70.86667,169.70001,2619.4165,62.86667
70.86667,169.70001,2619.4165,62.86667,189.53334
169.70001,2619.4165,62.86667,189.53334,144.06667
2619.4165,62.86667,189.53334,144.06667,207.75
62.86667,189.53334,144.06667,207.75,2434.4666
189.53334,144.06667,207.75,2434.4666,139.4
144.06667,207.75,2434.4666,139.4,279.06668
207.75,2434.4666,139.4,279.06668,75.5
2434.4666,139.4,279.06668,75.5,174.38335
139.4,279.06668,75.5,174.38335,97.916664
279.06668,75.5,174.38335,97.916664,146.98334
75.5,174.38335,97.916664,146.98334,114.75
174.38335,97.916664,146.98334,114.75,152.46666
97.916664,146.98334,114.75,152.46666,131.65
146.98334,114.75,152.46666,131.65,220.38333
114.75,152.46666,131.65,220.38333,158.75002
152.46666,131.65,220.38333,158.75002,51.066666
131.65,220.38333,158.75002,51.066666,82.23333
220.38333,158.75002,51.066666,82.23333,378.51663
158.75002,51.066666,82.23333,378.51663,85.4
51.066666,82.23333,378.51663,85.4,635.1666
82.23333,378.51663,85.4,635.1666,534.5833
378.51663,85.4,635.1666,534.5833,165.35
85.4,635.1666,534.5833,165.35,112.65
635.1666,534.5833,165.35,112.65,65.816666
534.5833,165.35,112.65,65.816666,54.36667
