534.6878,534.6878,534.6878
534.6878,534.6878,534.6878
534.6878,534.6878,534.6878
534.6878,534.6878,534.6878
534.6878,534.6878,534.6878
534.6878,534.6878,534.6878
534.6878,534.6878,534.6878
534.6883,534.6878,534.6878
534.6878,534.6878,534.6878
534.6878,534.6878,534.6878
534.6878,534.6878,534.6878
534.6878,534.6878,534.6878
534.6878,534.6878,534.6878
534.6878,534.6878,534.6878
534.6878,534.6878,534.6878
534.6878,534.6878,534.6878
534.6878,534.6878,534.6878
534.6878,534.6878,534.6878
534.6878,534.6878,534.6878
534.6878,534.6878,534.6878
534.6878,534.6878,534.6878
534.6878,534.6878,534.6878
534.6878,534.6878,534.6878
534.6878,534.6878,534.6878
534.6878,534.6878,534.6878
534.6878,534.6878,534.6878
534.6878,534.6878,534.6878
534.6878,534.6878,534.6878
534.6878,534.6878,534.6878
534.6878,534.6878,534.6878
534.6878,534.6878,534.6878
534.6878,534.6878,534.6878
534.6878,534.6878,534.6878
534.6878,534.6878,534.6878
534.6878,534.6878,534.6878
534.6878,534.6878,534.6878
534.6878,534.6878,534.6878
534.6878,534.6878,534.6878
534.6883,534.6878,534.6878
534.6878,534.6878,534.6878
534.6878,534.6878,534.6878
534.6878,534.6878,534.6878
534.6878,534.6878,534.6878
534.6878,534.6878,534.6878
534.6878,534.6878,534.6878
534.6878,534.6878,534.6878
534.6878,534.6878,534.6878
534.6878,534.6878,534.6878
534.6878,534.6878,534.6878
534.6794,534.6878,534.6878
534.6878,534.6878,534.6878
534.6878,534.6878,534.6878
534.6878,534.6878,534.6878
534.6878,534.6878,534.6878
534.6878,534.6878,534.6878
534.6878,534.6878,534.6878
534.6878,534.6878,534.6878
534.6878,534.6878,534.6878
534.6883,534.6878,534.6878
534.6878,534.6878,534.6878
534.6878,534.6878,534.6878
534.98035,534.6878,534.6878
534.6878,534.6878,534.6878
534.6878,534.6878,534.6878
534.6878,534.6878,534.6878
534.6878,534.6878,534.6878
534.6878,534.6878,534.6878
534.6878,534.6878,534.6878
534.6878,534.6878,534.6878
534.6878,534.6878,534.6878
534.6878,534.6878,534.6878
534.6878,534.6878,534.6878
534.6878,534.6878,534.6878
534.6878,534.6878,534.6878
534.6878,534.6878,534.6878
534.6878,534.6878,534.6878
534.6878,534.6878,534.6878
534.6878,534.6878,534.6878
534.6878,534.6878,534.6878
534.6878,534.6878,534.6878
534.6878,534.6878,534.6878
534.6942,534.6878,534.6878
534.6878,534.6878,534.6878
534.6878,534.6878,534.6878
534.6878,534.6878,534.6878
534.6878,534.6878,534.6878
534.6878,534.6878,534.6878
534.6878,534.6878,534.6878
534.6878,534.6878,534.6878
534.6878,534.6878,534.6878
534.6878,534.6878,534.6878
534.6878,534.6878,534.6878
534.6878,534.6878,534.6878
534.6878,534.6878,534.6878
534.6878,534.6878,534.6878
534.6878,534.6878,534.6878
534.6878,534.6878,534.6878
534.6878,534.6878,534.6878
534.6878,534.6878,534.6878
534.6878,534.6878,534.6878
534.6878,534.6878,534.6878
534.6878,534.6878,534.6878
534.6878,534.6878,534.6878
534.6878,534.6878,534.6878
534.6878,534.6878,534.6878
538.01776,534.6878,534.6878
291.85114,534.6878,534.6878
534.6878,534.6878,534.6878
534.6878,534.6878,534.6878
534.6878,534.6878,534.6878
534.6878,534.6878,534.6878
534.6878,534.6878,534.6878
534.6878,534.6878,534.6878
534.6878,534.6878,534.6878
534.6878,534.6878,534.6878
534.6878,534.6878,534.6878
534.6878,534.6878,534.6878
534.6878,534.6878,534.6878
534.6878,534.6878,534.6878
534.6878,534.6878,534.6878
291.69104,534.6878,534.6878
534.6878,534.6878,534.6878
534.6878,534.6878,534.6878
534.6878,534.6878,534.6878
534.6878,534.6878,534.6878
534.6878,534.6878,534.6878
534.6878,534.6878,534.6878
534.6878,534.6878,534.6878
534.6878,534.6878,534.6878
534.6878,534.6878,534.6878
534.6878,534.6878,534.6878
534.6878,534.6878,534.6878
534.6878,534.6878,534.6878
534.6878,534.6878,534.6878
534.6878,534.6878,534.6878
534.6878,534.6878,534.6878
534.6878,534.6878,534.6878
534.6878,534.6878,534.6878
534.6878,534.6878,534.6878
534.6878,534.6878,534.6878
534.6878,534.6878,534.6878
534.6878,534.6878,534.6878
534.6878,534.6878,534.6878
534.6878,534.6878,534.6878
534.6878,534.6878,534.6878
534.6878,534.6878,534.6878
534.6878,534.6878,534.6878
534.6878,534.6878,534.6878
534.6878,534.6878,534.6878
534.6878,534.6878,534.6878
534.6878,534.6878,534.6878
534.6878,534.6878,534.6878
534.6878,534.6878,534.6878
534.6878,534.6878,534.6878
534.6878,534.6878,534.6878
534.6878,534.6878,534.6878
534.6878,534.6878,534.6878
534.6878,534.6878,534.6878
534.6878,534.6878,534.6878
534.6878,534.6878,534.6878
534.6878,534.6878,534.6878
534.6878,534.6878,534.6878
534.6878,534.6878,534.6878
534.6878,534.6878,534.6878
534.6878,534.6878,534.6878
534.6878,534.6878,534.6878
534.6878,534.6878,534.6878
534.6878,534.6878,534.6878
534.6878,534.6878,534.6878
291.75946,534.6878,534.6878
534.6878,534.6878,534.6878
534.6878,534.6878,534.6878
534.78253,534.6878,534.6878
534.6878,534.6878,534.6878
534.6878,534.6878,534.6878
534.6878,534.6878,534.6878
534.6878,534.6878,534.6878
534.6878,534.6878,534.6878
534.6878,534.6878,534.6878
534.6878,534.6878,534.6878
534.6878,534.6878,534.6878
534.6878,534.6878,534.6878
534.6878,534.6878,534.6878
534.6878,534.6878,534.6878
534.6878,534.6878,534.6878
291.69104,534.6878,534.6878
534.6878,534.6878,534.6878
534.6878,534.6878,534.6878
534.6878,534.6878,534.6878
534.6878,534.6878,534.6878
534.6878,534.6878,534.6878
534.6878,534.6878,534.6878
534.6878,534.6878,534.6878
291.69104,534.6878,534.6878
534.6878,534.6878,534.6878
534.6878,534.6878,534.6878
534.6878,534.6878,534.6878
534.6878,534.6878,534.6878
534.6878,534.6878,534.6878
534.6878,534.6878,534.6878
534.6878,534.6878,534.6878
291.69104,534.6878,534.6878
534.6878,534.6878,534.6878
534.6878,534.6878,534.6878
534.6878,534.6878,534.6878
534.6878,534.6878,534.6878
534.6878,534.6878,534.6878
534.6878,534.6878,534.6878
534.6878,534.6878,534.6878
534.6878,534.6878,534.6878
534.6878,534.6878,534.6878
534.6878,534.6878,534.6878
534.6878,534.6878,534.6878
534.6878,534.6878,534.6878
534.6901,534.6878,534.6878
534.6878,534.6878,534.6878
534.6878,534.6878,534.6878
534.6878,534.6878,534.6878
534.6878,534.6878,534.6878
534.6878,534.6878,534.6878
534.6878,534.6878,534.6878
534.6878,534.6878,534.6878
534.6878,534.6878,534.6878
534.6878,534.6878,534.6878
534.6878,534.6878,534.6878
534.6878,534.6878,534.6878
534.6878,534.6878,534.6878
534.6878,534.6878,534.6878
534.6878,534.6878,534.6878
534.6878,534.6878,534.6878
534.6878,534.6878,534.6878
534.6878,534.6878,534.6878
534.6878,534.6878,534.6878
534.6878,534.6878,534.6878
534.6878,534.6878,534.6878
534.6878,534.6878,534.6878
534.6878,534.6878,534.6878
534.6878,534.6878,534.6878
534.6878,534.6878,534.6878
534.6878,534.6878,534.6878
35.658096,291.69104,534.6878
292.55145,534.6878,534.6878
534.6878,534.6878,534.6878
534.6878,534.6878,534.6878
534.6878,534.6878,534.6878
534.6878,534.6878,534.6878
534.6878,534.6878,534.6878
534.6878,534.6878,534.6878
534.6878,534.6878,534.6878
534.6878,534.6878,534.6878
534.6878,534.6878,534.6878
534.7061,534.6878,534.6878
534.6878,534.6878,534.6878
534.6878,534.6878,534.6878
534.6878,534.6878,534.6878
534.6878,534.6878,534.6878
534.6878,534.6878,534.6878
534.6878,534.6878,534.6878
534.6878,534.6878,534.6878
534.6878,534.6878,534.6878
534.6878,534.6878,534.6878
534.6878,534.6878,534.6878
534.6878,534.6878,534.6878
534.6878,534.6878,534.6878
534.6878,534.6878,534.6878
534.6878,534.6878,534.6878
534.6878,534.6878,534.6878
534.6878,534.6878,534.6878
534.6878,534.6878,534.6878
534.6878,534.6878,534.6878
534.6878,534.6878,534.6878
534.6878,534.6878,534.6878
534.6878,534.6878,534.6878
534.6878,534.6878,534.6878
534.6878,534.6878,534.6878
534.6878,534.6878,534.6878
534.6878,534.6878,534.6878
534.6878,534.6878,534.6878
534.6878,534.6878,534.6878
534.6878,534.6878,534.6878
534.6878,534.6878,534.6878
534.6878,534.6878,534.6878
534.6878,534.6878,534.6878
534.6878,534.6878,534.6878
534.6878,534.6878,534.6878
534.6878,534.6878,534.6878
534.6878,534.6878,534.6878
534.6878,534.6878,534.6878
534.6878,534.6878,534.6878
534.6878,534.6878,534.6878
534.6878,534.6878,534.6878
534.6878,534.6878,534.6878
534.6878,534.6878,534.6878
534.6878,534.6878,534.6878
534.6878,534.6878,534.6878
534.6878,534.6878,534.6878
534.6878,534.6878,534.6878
534.6878,534.6878,534.6878
534.6878,534.6878,534.6878
534.6878,534.6878,534.6878
534.6878,534.6878,534.6878
291.69104,534.6878,534.6878
534.6878,534.6878,534.6878
534.6878,534.6878,534.6878
534.686,534.6878,534.6878
534.6878,534.6878,534.6878
534.6878,534.6878,534.6878
534.6878,534.6878,534.6878
534.6878,534.6878,534.6878
534.6878,534.6878,534.6878
534.6878,534.6878,534.6878
534.6878,534.6878,534.6878
534.6878,534.6878,534.6878
534.6878,534.6878,534.6878
534.6878,534.6878,534.6878
534.6878,534.6878,534.6878
534.6878,534.6878,534.6878
534.6878,534.6878,534.6878
534.6883,534.6878,534.6878
534.6878,534.6878,534.6878
534.6878,534.6878,534.6878
534.6924,534.6878,534.6878
534.6878,534.6878,534.6878
534.6878,534.6878,534.6878
534.6878,534.6878,534.6878
534.6878,534.6878,534.6878
534.6878,534.6878,534.6878
534.6878,534.6878,534.6878
534.6878,534.6878,534.6878
534.6878,534.6878,534.6878
534.6878,534.6878,534.6878
534.6878,534.6878,534.6878
534.6878,534.6878,534.6878
534.6878,534.6878,534.6878
534.6878,534.6878,534.6878
534.6878,534.6878,534.6878
534.6878,534.6878,534.6878
534.6878,534.6878,534.6878
534.6878,534.6878,534.6878
534.6878,534.6878,534.6878
534.6878,534.6878,534.6878
534.6878,534.6878,534.6878
534.6878,534.6878,534.6878
534.6878,534.6878,534.6878
534.6878,534.6878,534.6878
534.6878,534.6878,534.6878
534.6878,534.6878,534.6878
534.6878,534.6878,534.6878
534.6878,534.6878,534.6878
534.6878,534.6878,534.6878
534.6878,534.6878,534.6878
534.6878,534.6878,534.6878
534.6878,534.6878,534.6878
534.6878,534.6878,534.6878
534.6878,534.6878,534.6878
534.6878,534.6878,534.6878
534.6878,534.6878,534.6878
534.6878,534.6878,534.6878
534.6878,534.6878,534.6878
534.6878,534.6878,534.6878
534.6878,534.6878,534.6878
534.6878,534.6878,534.6878
534.6878,534.6878,534.6878
534.6878,534.6878,534.6878
534.6878,534.6878,534.6878
534.6878,534.6878,534.6878
534.6878,534.6878,534.6878
534.6878,534.6878,534.6878
534.6878,534.6878,534.6878
534.6878,534.6878,534.6878
534.6878,534.6878,534.6878
534.6878,534.6878,534.6878
534.7052,534.6878,534.6878
534.6878,534.6878,534.6878
534.8169,534.6878,534.6878
534.6878,534.6878,534.6878
534.6878,534.6878,534.6878
534.6878,534.6878,534.6878
534.6878,534.6878,534.6878
534.6878,534.6878,534.6878
534.6887,534.6878,534.6878
534.6878,534.6878,534.6878
534.6878,534.6878,534.6878
534.6878,534.6878,534.6878
534.6878,534.6878,534.6878
534.6878,534.6878,534.6878
534.6878,534.6878,534.6878
534.6878,534.6878,534.6878
534.6878,534.6878,534.6878
534.6878,534.6878,534.6878
534.6878,534.6878,534.6878
534.6878,534.6878,534.6878
534.6878,534.6878,534.6878
534.6878,534.6878,534.6878
534.6878,534.6878,534.6878
534.6878,534.6878,534.6878
534.6878,534.6878,534.6878
534.6878,534.6878,534.6878
534.6878,534.6878,534.6878
534.6878,534.6878,534.6878
534.6878,534.6878,534.6878
534.6878,534.6878,534.6878
534.6878,534.6878,534.6878
534.6878,534.6878,534.6878
534.6878,534.6878,534.6878
534.6878,534.6878,534.6878
534.6878,534.6878,534.6878
534.6878,534.6878,534.6878
534.6878,534.6878,534.6878
534.6878,534.6878,534.6878
534.6878,534.6878,534.6878
534.6878,534.6878,534.6878
534.6878,534.6878,534.6878
534.6878,534.6878,534.6878
534.6878,534.6878,534.6878
534.6878,534.6878,534.6878
534.6878,534.6878,534.6878
534.6878,534.6878,534.6878
534.6878,534.6878,534.6878
534.6878,534.6878,534.6878
534.6878,534.6878,534.6878
534.6878,534.6878,534.6878
534.6878,534.6878,534.6878
534.6878,534.6878,534.6878
535.5242,534.6878,534.6878
291.69104,534.6878,534.6878
534.6878,534.6878,534.6878
534.6878,534.6878,534.6878
534.6878,534.6878,534.6878
534.6878,534.6878,534.6878
534.6878,534.6878,534.6878
534.6878,534.6878,534.6878
534.6878,534.6878,534.6878
534.6878,534.6878,534.6878
291.69104,534.6878,534.6878
534.6878,534.6878,534.6878
534.6878,534.6878,534.6878
534.6878,534.6878,534.6878
534.6725,534.6878,534.6878
534.6878,534.6878,534.6878
534.6878,534.6878,534.6878
534.6878,534.6878,534.6878
534.6878,534.6878,534.6878
534.6878,534.6878,534.6878
534.6878,534.6878,534.6878
534.6878,534.6878,534.6878
534.6878,534.6878,534.6878
534.6878,534.6878,534.6878
534.6878,534.6878,534.6878
534.6878,534.6878,534.6878
534.6878,534.6878,534.6878
291.69104,534.6878,534.6878
534.6878,534.6878,534.6878
534.6878,534.6878,534.6878
534.6878,534.6878,534.6878
534.6878,534.6878,534.6878
534.6878,534.6878,534.6878
534.6878,534.6878,534.6878
534.6878,534.6878,534.6878
534.6878,534.6878,534.6878
534.6869,534.6878,534.6878
534.6878,534.6878,534.6878
534.6878,534.6878,534.6878
534.6876,534.6878,534.6878
534.6878,534.6878,534.6878
534.6878,534.6878,534.6878
534.6878,534.6878,534.6878
534.6878,534.6878,534.6878
534.6878,534.6878,534.6878
534.6878,534.6878,534.6878
534.6878,534.6878,534.6878
534.6878,534.6878,534.6878
534.6878,534.6878,534.6878
534.6878,534.6878,534.6878
534.6878,534.6878,534.6878
534.6878,534.6878,534.6878
534.6878,534.6878,534.6878
534.6878,534.6878,534.6878
534.6878,534.6878,534.6878
534.6878,534.6878,534.6878
534.6878,534.6878,534.6878
534.6878,534.6878,534.6878
534.6878,534.6878,534.6878
534.6878,534.6878,534.6878
534.6878,534.6878,534.6878
534.6878,534.6878,534.6878
534.6878,534.6878,534.6878
534.6878,534.6878,534.6878
291.69104,534.6878,534.6878
534.6878,534.6878,534.6878
534.6878,534.6878,534.6878
534.6878,534.6878,534.6878
534.6878,534.6878,534.6878
534.6878,534.6878,534.6878
534.6878,534.6878,534.6878
534.6878,534.6878,534.6878
534.6878,534.6878,534.6878
534.6878,534.6878,534.6878
534.6878,534.6878,534.6878
534.6878,534.6878,534.6878
534.6878,534.6878,534.6878
534.6878,534.6878,534.6878
534.6878,534.6878,534.6878
534.6878,534.6878,534.6878
534.6878,534.6878,534.6878
534.6878,534.6878,534.6878
534.6878,534.6878,534.6878
534.6878,534.6878,534.6878
534.6878,534.6878,534.6878
534.6878,534.6878,534.6878
534.6878,534.6878,534.6878
534.6878,534.6878,534.6878
534.6878,534.6878,534.6878
534.6878,534.6878,534.6878
534.6878,534.6878,534.6878
534.6878,534.6878,534.6878
534.6878,534.6878,534.6878
534.6878,534.6878,534.6878
534.6878,534.6878,534.6878
534.6878,534.6878,534.6878
534.6878,534.6878,534.6878
534.6878,534.6878,534.6878
534.6878,534.6878,534.6878
534.6878,534.6878,534.6878
534.6878,534.6878,534.6878
534.6878,534.6878,534.6878
534.6878,534.6878,534.6878
534.6878,534.6878,534.6878
534.6878,534.6878,534.6878
534.6878,534.6878,534.6878
534.6878,534.6878,534.6878
534.6878,534.6878,534.6878
534.6878,534.6878,534.6878
534.6878,534.6878,534.6878
534.6878,534.6878,534.6878
534.6878,534.6878,534.6878
534.6878,534.6878,534.6878
535.0128,534.6878,534.6878
534.6878,534.6878,534.6878
534.6878,534.6878,534.6878
534.6878,534.6878,534.6878
534.6878,534.6878,534.6878
534.6878,534.6878,534.6878
534.6878,534.6878,534.6878
534.6878,534.6878,534.6878
534.6878,534.6878,534.6878
534.6878,534.6878,534.6878
534.6878,534.6878,534.6878
534.7057,534.6878,534.6878
534.6878,534.6878,534.6878
534.7052,534.6878,534.6878
534.6878,534.6878,534.6878
534.6878,534.6878,534.6878
534.6878,534.6878,534.6878
534.6878,534.6878,534.6878
534.6878,534.6878,534.6878
534.6878,534.6878,534.6878
534.6878,534.6878,534.6878
534.6878,534.6878,534.6878
534.6878,534.6878,534.6878
534.6878,534.6878,534.6878
534.6878,534.6878,534.6878
534.6878,534.6878,534.6878
534.6878,534.6878,534.6878
534.6878,534.6878,534.6878
534.6878,534.6878,534.6878
534.6878,534.6878,534.6878
534.6878,534.6878,534.6878
534.6878,534.6878,534.6878
534.6878,534.6878,534.6878
534.6878,534.6878,534.6878
534.6878,534.6878,534.6878
534.6878,534.6878,534.6878
534.6878,534.6878,534.6878
534.6878,534.6878,534.6878
534.6878,534.6878,534.6878
534.6878,534.6878,534.6878
534.6878,534.6878,534.6878
534.6878,534.6878,534.6878
534.6878,534.6878,534.6878
534.6878,534.6878,534.6878
534.6878,534.6878,534.6878
534.6878,534.6878,534.6878
534.6878,534.6878,534.6878
534.6878,534.6878,534.6878
534.6878,534.6878,534.6878
534.6878,534.6878,534.6878
534.6878,534.6878,534.6878
534.6878,534.6878,534.6878
534.6878,534.6878,534.6878
534.6878,534.6878,534.6878
534.6878,534.6878,534.6878
534.6878,534.6878,534.6878
534.6878,534.6878,534.6878
291.69196,534.6878,534.6878
534.6878,534.6878,534.6878
534.6878,534.6878,534.6878
534.6878,534.6878,534.6878
534.6878,534.6878,534.6878
534.6878,534.6878,534.6878
534.6878,534.6878,534.6878
534.6878,534.6878,534.6878
534.6878,534.6878,534.6878
534.6878,534.6878,534.6878
534.6878,534.6878,534.6878
534.6878,534.6878,534.6878
534.6878,534.6878,534.6878
534.6878,534.6878,534.6878
534.6878,534.6878,534.6878
534.6878,534.6878,534.6878
534.6878,534.6878,534.6878
531.0477,534.6878,534.6878
534.6878,534.6878,534.6878
534.6878,534.6878,534.6878
534.6887,534.6878,534.6878
534.6878,534.6878,534.6878
534.6878,534.6878,534.6878
534.6878,534.6878,534.6878
534.6878,534.6878,534.6878
534.6878,534.6878,534.6878
534.6878,534.6878,534.6878
534.6878,534.6878,534.6878
534.6997,534.6878,534.6878
534.6878,534.6878,534.6878
534.6878,534.6878,534.6878
534.6878,534.6878,534.6878
534.6878,534.6878,534.6878
534.6878,534.6878,534.6878
534.6878,534.6878,534.6878
534.6878,534.6878,534.6878
534.6873,534.6878,534.6878
291.7861,534.6878,534.6878
534.6878,534.6878,534.6878
534.6878,534.6878,534.6878
534.6878,534.6878,534.6878
534.6878,534.6878,534.6878
534.6878,534.6878,534.6878
534.6878,534.6878,534.6878
534.6878,534.6878,534.6878
534.6878,534.6878,534.6878
534.6878,534.6878,534.6878
534.6878,534.6878,534.6878
534.6878,534.6878,534.6878
534.6878,534.6878,534.6878
534.6878,534.6878,534.6878
534.6878,534.6878,534.6878
534.6878,534.6878,534.6878
534.6878,534.6878,534.6878
534.6878,534.6878,534.6878
534.6878,534.6878,534.6878
534.6878,534.6878,534.6878
534.91486,534.6878,534.6878
534.6878,534.6878,534.6878
534.6878,534.6878,534.6878
534.6878,534.6878,534.6878
534.6878,534.6878,534.6878
534.6878,534.6878,534.6878
534.6878,534.6878,534.6878
