652.74,921.34,382.73,564.93,716.98
185.43,696.83,345.36,560.7,665.16
751.04,910.48,767.6,296.45,604.04
514.73,755.98,1196.77,762.73,655.74
1223.75,0.0,0.0,88.2,223.38
0.0,0.0,529.93,634.84,1883.39
0.0,706.11,854.18,987.58,1432.42
0.0,508.32,927.33,1513.01,1732.91
420.69,0.0,0.0,0.0,0.0
494.96,388.94,0.0,0.0,1056.59
0.0,0.0,262.76,1073.72,355.55
0.0,0.0,623.1,0.0,0.0
281.74,0.0,0.0,255.12,0.0
162.61,842.5,472.07,0.0,274.67
762.65,0.0,412.82,563.79,517.66
87.36,627.14,1006.56,1458.86,316.46
991.54,215.58,0.0,0.0,0.0
692.41,0.0,0.0,0.0,0.0
499.71,0.0,362.91,56.14,720.33
342.06,301.52,0.0,0.0,95.46
194.62,510.01,0.0,301.71,752.83
0.0,42.62,560.82,313.82,655.04
357.59,0.0,71.66,581.62,225.83
364.57,0.0,0.0,25.41,0.0
876.62,1241.79,647.45,419.19,625.06
2303.03,1361.1,1072.07,1572.84,0.0
298.45,0.0,0.0,65.66,671.72
764.87,1185.13,506.93,560.21,46.52
968.73,195.23,283.97,1168.89,1291.32
364.96,155.25,0.0,1071.81,1034.28
84.24,868.46,1263.07,747.42,0.0
0.0,201.79,976.56,585.9,155.33
0.0,609.1,2321.09,25.87,9.38
0.0,1188.25,132.53,136.22,437.51
1530.42,2172.19,1635.87,522.84,0.0
169.53,278.41,0.0,255.5,0.0
152.74,0.0,0.0,111.96,530.83
518.28,828.97,301.29,869.81,2063.93
1034.26,386.69,0.0,153.82,49.95
0.0,0.0,641.56,1498.8,1648.27
45.27,683.29,978.16,1426.73,184.66
579.83,2297.54,2323.01,0.0,203.51
1930.47,3565.52,358.07,0.0,2261.42
1418.94,827.19,658.58,502.41,605.87
2219.55,2074.02,813.81,935.76,254.45
73.24,866.22,1516.99,1211.35,4320.78
551.8,1596.15,919.11,0.0,0.0
0.0,617.94,0.0,134.54,88.71
0.0,716.55,541.77,367.06,81.02
0.0,605.39,660.24,1615.09,1446.26
0.0,427.17,594.5,377.49,378.87
407.66,921.16,259.29,238.05,8.4
756.26,764.59,1224.35,0.0,248.77
454.72,760.94,1210.76,398.18,0.0
486.25,1238.44,786.39,90.78,307.57
560.75,1051.52,551.24,189.55,271.64
738.39,650.02,176.3,136.37,204.65
639.18,750.6,457.16,538.59,401.94
3688.27,944.09,1021.85,387.47,468.81
733.78,696.64,619.95,512.78,677.6
753.03,425.04,0.0,495.36,497.13
243.21,415.78,378.04,693.74,2880.19
35.66,82.3,0.0,352.58,3045.33
560.89,0.0,0.0,0.0,0.0
0.0,0.0,98.03,0.0,9.99
0.0,0.0,184.66,343.21,664.26
0.0,156.87,86.32,42.46,158.79
469.96,612.13,0.0,479.22,0.0
18.37,93.4,0.0,0.0,127.12
310.31,885.97,2632.79,0.0,0.0
951.95,2525.56,1395.93,2210.77,3446.81
4006.02,894.2,621.62,428.62,664.53
1774.36,2406.15,2467.33,2417.82,2353.63
451.71,0.0,187.72,0.0,0.0
0.0,0.0,1559.69,1815.68,899.15
0.0,191.03,503.02,725.28,1048.57
0.0,0.0,349.24,243.67,0.0
623.97,1244.3,628.42,1127.03,1322.24
793.62,1182.35,978.26,29.05,877.82
0.0,0.0,0.0,0.0,149.16
77.66,817.5,273.91,464.68,135.68
0.0,1778.34,2175.03,235.89,295.89
66.98,107.76,0.0,0.0,409.44
1511.26,575.69,435.91,0.0,316.24
2720.18,0.0,305.3,868.57,200.92
2029.68,0.0,212.91,0.0,938.15
803.22,52.31,621.29,488.25,228.63
662.53,678.58,665.79,505.31,0.0
547.08,735.31,0.0,202.81,590.52
298.44,454.68,0.0,0.0,0.0
569.43,388.31,0.0,0.0,312.65
506.76,15.62,31.22,546.28,1087.58
265.47,0.0,5.27,689.87,86.91
857.81,1043.2,723.32,1177.96,844.95
1051.51,1440.07,1619.06,755.02,189.95
875.03,1964.58,606.01,1148.14,410.99
1757.55,214.13,224.59,281.83,219.99
555.23,1106.18,1846.07,1853.21,1224.51
351.8,322.01,105.84,106.75,132.85
1135.25,428.05,348.33,513.51,698.7
638.88,270.7,55.37,139.97,218.74
274.95,742.74,586.57,388.41,11.35
933.15,411.2,114.41,193.13,0.0
421.83,630.18,1361.49,0.0,0.0
209.3,648.38,1989.0,0.0,0.0
1218.59,0.0,154.17,321.05,841.62
58.75,261.74,656.78,53.85,0.0
427.36,319.86,0.0,1492.93,2795.32
0.0,0.0,21.64,1067.84,3265.93
0.0,0.0,94.15,974.57,1304.12
0.0,0.0,0.0,0.0,0.0
0.0,0.0,1099.98,739.99,295.44
0.0,150.71,311.4,1718.12,0.0
1704.1,182.54,70.69,0.0,299.79
826.36,85.8,44.78,197.31,208.17
0.0,428.34,1020.99,496.4,1728.92
636.49,110.68,274.98,203.72,140.63
602.13,0.0,0.0,18.05,0.0
282.43,1353.17,1081.46,585.55,1695.5
882.55,770.82,1096.53,1935.19,1713.56
0.0,1237.82,0.0,113.7,60.55
661.06,125.06,312.35,414.93,502.71
1055.8,1069.22,150.79,689.98,1642.32
1803.64,2282.4,250.78,479.74,851.07
1532.59,1453.74,1916.88,606.35,158.67
1877.67,1367.19,944.47,0.0,204.5
1288.62,0.0,7.57,251.48,358.35
131.68,1032.63,224.67,544.5,1059.44
0.0,962.33,1110.26,1215.09,1389.25
366.12,1125.62,972.89,0.0,422.35
598.75,725.33,0.0,164.59,0.0
443.99,131.96,0.0,294.05,1945.97
720.93,238.75,312.19,285.13,970.58
947.91,224.19,766.3,1514.23,2262.94
827.49,142.99,0.0,362.76,482.97
693.82,263.16,257.26,124.27,1210.37
1610.95,203.69,251.68,343.98,425.17
426.37,968.78,1386.54,502.93,566.64
617.78,705.69,1081.99,813.65,707.77
594.7,937.18,1433.15,624.53,117.93
736.01,880.12,1142.2,0.0,0.0
636.83,596.14,586.51,601.96,647.62
641.03,592.34,600.28,602.55,638.0
1004.88,310.27,544.37,1006.04,335.15
729.43,485.56,282.32,685.83,998.59
354.4,565.79,555.31,625.97,622.02
1248.49,506.39,0.0,485.3,455.5
287.74,573.01,373.69,11.58,0.0
841.33,535.7,824.41,729.35,10.6
71.3,593.8,544.03,627.33,821.16
517.21,758.89,992.67,1503.2,1357.75
580.56,198.35,304.14,387.77,440.47
0.0,1448.06,2971.91,263.97,463.16
313.74,877.34,2384.51,0.0,188.2
1036.27,1006.51,1563.65,282.52,849.24
0.0,693.45,2104.88,553.07,533.93
554.4,794.17,0.0,0.0,489.99
1123.01,854.32,44.21,354.42,1009.46
1092.59,68.02,0.0,220.85,954.8
638.16,225.35,190.55,992.52,2359.17
552.51,0.0,0.0,154.66,647.55
0.0,0.0,74.87,1159.29,1313.55
182.7,700.18,1125.18,262.83,1254.69
1627.93,1039.07,768.75,362.63,425.56
424.53,0.0,1670.16,303.37,223.51
2283.65,571.05,0.0,649.44,278.62
0.0,286.6,1171.87,1101.09,13.59
794.33,383.33,136.05,82.5,123.97
2415.57,326.85,0.0,114.91,0.0
2327.62,603.16,0.0,0.0,0.0
1042.22,393.22,1713.07,930.68,0.0
483.94,44.78,95.2,142.4,106.94
613.03,58.01,235.94,807.3,1042.68
594.15,1257.96,1155.51,1161.45,1104.65
1149.09,1268.11,2388.89,1213.61,1013.13
0.0,748.99,696.9,941.12,0.0
588.62,942.08,1214.82,1589.53,1291.06
942.47,295.89,240.58,344.12,453.62
888.21,1015.3,1652.22,1961.63,1510.04
1753.44,2338.86,473.09,819.38,1481.26
307.58,753.24,888.35,1268.85,12.56
556.53,1085.56,1872.33,1292.31,121.37
866.42,1128.65,287.33,203.53,0.0
921.92,904.88,1347.55,108.62,146.48
610.74,128.77,302.4,148.06,710.67
133.47,725.31,947.61,783.36,761.68
808.91,598.72,853.63,864.15,939.86
0.0,641.57,807.08,1036.79,290.15
603.62,525.7,568.41,660.7,752.16
867.0,340.61,418.94,780.83,604.22
542.63,0.0,0.0,0.0,0.0
707.83,716.91,1508.16,370.51,490.82
950.76,1104.55,662.38,345.18,355.69
935.11,0.0,1178.43,81.99,279.82
1439.76,131.89,0.0,1194.72,547.77
0.0,0.0,0.0,0.0,0.0
0.0,236.75,610.07,209.67,94.11
412.07,72.42,0.0,1011.38,434.72
169.16,0.0,956.8,846.82,584.38
173.84,178.87,2165.5,131.42,453.85
280.53,502.44,0.0,0.0,0.0
2159.86,2763.93,1132.34,883.01,1226.21
169.0,201.0,201.9,465.1,336.08
539.03,124.51,96.65,180.5,91.09
218.39,714.65,1140.75,1119.6,1371.85
1133.18,87.8,663.37,1885.84,0.0
546.13,168.31,1164.43,0.0,0.0
893.04,0.0,0.0,385.88,33.21
527.96,137.93,51.8,168.38,1286.51
563.55,772.56,612.92,0.0,152.39
482.86,526.63,25.39,401.07,673.17
135.61,0.0,504.59,986.74,1336.69
524.58,405.55,0.0,112.58,362.14
385.35,677.28,236.22,1096.57,3905.34
193.06,669.64,340.74,566.63,668.47
538.19,918.97,701.33,300.65,608.24
640.3,801.01,1267.38,412.63,704.59
623.34,287.71,411.54,610.66,1074.17
308.06,561.28,485.44,638.82,640.57
1291.4,383.89,448.93,657.91,626.11
281.88,941.65,554.15,802.51,829.94
674.95,988.92,1486.44,644.02,636.24
177.7,904.22,1054.23,511.32,855.77
520.4,739.61,791.43,846.64,555.07
56.72,796.57,823.33,528.14,663.28
976.03,612.15,901.52,632.48,951.25
485.81,581.24,559.61,1057.41,518.15
583.4,59.5,0.0,0.0,0.0
441.1,567.86,459.25,627.69,654.61
599.36,836.75,594.14,631.32,711.26
937.45,942.82,1103.96,0.0,0.0
595.99,824.97,836.37,651.46,553.33
1203.64,445.41,0.0,176.27,226.25
277.33,109.87,154.03,215.17,341.16
0.0,2.39,0.0,98.73,0.0
0.0,285.72,254.36,309.57,571.39
431.61,125.85,166.99,242.88,305.77
160.55,608.44,598.14,756.52,796.11
277.64,83.77,0.63,9.17,37.02
110.74,460.95,485.11,665.74,617.45
570.4,624.19,657.44,547.71,664.43
633.76,715.86,1018.62,1105.78,627.17
1502.26,227.96,277.3,429.36,973.29
941.48,1010.74,1177.77,1548.74,865.44
986.86,917.85,1304.94,1348.95,632.81
748.94,1561.96,1357.51,1883.54,926.08
839.8,985.26,1398.95,920.57,0.0
744.08,746.62,376.35,515.53,1828.21
80.63,385.18,244.14,374.02,578.37
1726.24,921.84,205.51,420.51,654.81
1040.51,1287.24,382.65,424.04,846.5
1483.23,588.67,957.19,420.69,883.79
1633.76,78.66,197.32,284.05,433.32
383.03,733.08,785.84,1241.88,1502.59
859.63,747.76,1211.17,1391.18,814.2
275.47,598.04,604.41,832.66,373.45
538.1,807.7,1264.12,1340.87,743.74
634.15,761.43,1254.14,1313.55,767.3
861.2,1735.57,717.1,194.32,381.8
1353.27,343.28,6.23,9.01,184.41
835.48,670.81,1260.07,1436.94,3261.14
1051.78,431.91,836.27,497.13,0.0
322.56,289.35,0.0,0.0,0.0
6.26,172.07,191.04,198.05,0.0
69.14,298.27,501.79,986.7,1247.86
546.02,49.53,60.08,268.04,567.36
1123.85,678.25,173.1,279.14,426.18
0.0,0.0,613.76,587.73,389.19
1046.66,178.77,314.54,699.33,1387.32
999.69,1173.56,2238.92,2282.14,41.09
1115.47,247.08,288.25,282.42,76.9
196.13,399.61,388.46,461.27,677.31
418.2,460.94,443.87,628.46,642.72
1048.79,328.17,423.77,867.22,453.41
175.25,442.49,404.79,588.64,684.44
795.05,860.67,835.84,647.29,633.35
0.0,2127.94,863.77,1371.83,1071.77
1041.93,0.0,0.0,401.2,3072.95
168.01,0.0,0.0,0.0,231.3
90.61,0.0,0.0,94.61,304.12
0.0,0.0,0.0,128.94,692.95
0.0,0.0,229.44,707.92,1060.58
0.0,311.15,1077.06,2995.76,771.81
3351.28,284.04,2052.52,681.49,1970.67
