86.933334,67.666664,283.11664
67.666664,283.11664,44.0
283.11664,44.0,203.63335
44.0,203.63335,184.63335
203.63335,184.63335,4546.6
184.63335,4546.6,120.91667
4546.6,120.91667,62.600002
120.91667,62.600002,2159.7334
62.600002,2159.7334,89.35
2159.7334,89.35,50.566666
89.35,50.566666,542.23334
50.566666,542.23334,116.20001
542.23334,116.20001,118.11666
116.20001,118.11666,84.75
118.11666,84.75,1463.8666
84.75,1463.8666,3562.7666
1463.8666,3562.7666,107.3
3562.7666,107.3,2460.9832
107.3,2460.9832,241.96666
2460.9832,241.96666,48.38333
241.96666,48.38333,80.03333
48.38333,80.03333,286.44998
80.03333,286.44998,163.95001
286.44998,163.95001,103.88333
1561.0667,424.16666,913.25
424.16666,913.25,4587.6
913.25,4587.6,721.18335
4587.6,721.18335,88.816666
721.18335,88.816666,74.48333
88.816666,74.48333,88.36666
74.48333,88.36666,831.8333
88.36666,831.8333,1242.8833
831.8333,1242.8833,1469.6166
1242.8833,1469.6166,51.05
1469.6166,51.05,1457.8833
51.05,1457.8833,489.88333
1457.8833,489.88333,39.1
489.88333,39.1,7174.033
39.1,7174.033,217.46667
7174.033,217.46667,102.03334
217.46667,102.03334,193.86667
102.03334,193.86667,1517.2666
193.86667,1517.2666,671.80005
1517.2666,671.80005,1285.7334
671.80005,1285.7334,263.68332
148.16667,152.75,1123.75
152.75,1123.75,113.166664
1123.75,113.166664,1367.1833
113.166664,1367.1833,21.766666
1367.1833,21.766666,129.65001
21.766666,129.65001,2485.4165
129.65001,2485.4165,499.15002
2485.4165,499.15002,211.88335
499.15002,211.88335,89.26667
211.88335,89.26667,5760.15
89.26667,5760.15,749.18335
5760.15,749.18335,178.81668
749.18335,178.81668,203.28334
178.81668,203.28334,5135.9497
203.28334,5135.9497,168.83333
5135.9497,168.83333,1378.6832
168.83333,1378.6832,261.18332
1378.6832,261.18332,2491.5166
434.98334,106.816666,456.46664
106.816666,456.46664,634.18335
456.46664,634.18335,94.76667
634.18335,94.76667,260.18332
94.76667,260.18332,38.333336
260.18332,38.333336,173.88335
38.333336,173.88335,39.633335
173.88335,39.633335,151.56668
39.633335,151.56668,1545.3334
151.56668,1545.3334,868.8667
1545.3334,868.8667,7270.7
868.8667,7270.7,1079.7167
7270.7,1079.7167,112.9
1079.7167,112.9,531.4
112.9,531.4,158.35
531.4,158.35,2896.3833
158.35,2896.3833,89.0
2896.3833,89.0,1438.4
89.0,1438.4,386.01666
5696.5835,86.833336,722.05005
86.833336,722.05005,178.65001
722.05005,178.65001,4511.717
178.65001,4511.717,239.35
4511.717,239.35,1858.5166
239.35,1858.5166,138.75002
1858.5166,138.75002,166.6
138.75002,166.6,60.066673
166.6,60.066673,39.216667
60.066673,39.216667,173.45001
39.216667,173.45001,1528.2167
173.45001,1528.2167,6478.183
1528.2167,6478.183,7.2
6478.183,7.2,655.7
7.2,655.7,911.9667
655.7,911.9667,54.61667
911.9667,54.61667,200.25
54.61667,200.25,100.21667
200.25,100.21667,35.05
100.21667,35.05,1600.4666
35.05,1600.4666,20.466667
1600.4666,20.466667,296.85
20.466667,296.85,2539.25
296.85,2539.25,1052.0499
2539.25,1052.0499,44.216667
1052.0499,44.216667,108.566666
44.216667,108.566666,82.78333
108.566666,82.78333,56.45
82.78333,56.45,52.033333
362.34998,3120.8667,220.33334
3120.8667,220.33334,303.61667
220.33334,303.61667,1436.2333
303.61667,1436.2333,60.866665
1436.2333,60.866665,462.23334
60.866665,462.23334,172.61668
462.23334,172.61668,1099.9666
172.61668,1099.9666,1452.3666
1099.9666,1452.3666,405.56665
1452.3666,405.56665,289.0
405.56665,289.0,97.03333
289.0,97.03333,38.983334
97.03333,38.983334,91.2
38.983334,91.2,396.18332
91.2,396.18332,168.70001
396.18332,168.70001,266.7333
168.70001,266.7333,56.38333
266.7333,56.38333,56.850002
56.38333,56.850002,434.93335
56.850002,434.93335,423.94998
434.93335,423.94998,150.63335
423.94998,150.63335,32.366665
150.63335,32.366665,104.48333
32.366665,104.48333,298.94998
104.48333,298.94998,57.583336
298.94998,57.583336,25.633333
57.583336,25.633333,125.53333
25.633333,125.53333,9.683333
125.53333,9.683333,1209.2666
9.683333,1209.2666,197.13335
1209.2666,197.13335,951.6666
197.13335,951.6666,193.86667
951.6666,193.86667,14.283333
193.86667,14.283333,3.9833333
14.283333,3.9833333,179.1
3.9833333,179.1,168.75
179.1,168.75,157.06668
168.75,157.06668,288.46664
157.06668,288.46664,198.41667
288.46664,198.41667,101.03333
198.41667,101.03333,229.35
101.03333,229.35,126.733345
229.35,126.733345,964.86664
3804.8333,267.05,330.55
267.05,330.55,1338.0834
330.55,1338.0834,6877.1665
1338.0834,6877.1665,33.45
6877.1665,33.45,153.06668
33.45,153.06668,152.28334
153.06668,152.28334,1365.9166
152.28334,1365.9166,15.483334
1365.9166,15.483334,325.03333
15.483334,325.03333,1368.4666
325.03333,1368.4666,19.583332
1368.4666,19.583332,189.81668
19.583332,189.81668,344.46664
189.81668,344.46664,430.15
344.46664,430.15,734.48334
430.15,734.48334,167.3
734.48334,167.3,24.9
167.3,24.9,624.7
24.9,624.7,638.0833
624.7,638.0833,249.21667
638.0833,249.21667,192.43335
249.21667,192.43335,107.58333
192.43335,107.58333,81.23334
107.58333,81.23334,213.81668
81.23334,213.81668,91.01667
213.81668,91.01667,741.3334
91.01667,741.3334,103.316666
741.3334,103.316666,80.25
103.316666,80.25,145.91667
80.25,145.91667,929.4
145.91667,929.4,1057.4333
929.4,1057.4333,68.066666
1057.4333,68.066666,96.583336
68.066666,96.583336,103.51667
96.583336,103.51667,2630.5667
103.51667,2630.5667,117.81667
2630.5667,117.81667,608.76666
117.81667,608.76666,4151.8833
608.76666,4151.8833,24.783333
4151.8833,24.783333,302.93332
24.783333,302.93332,444.96667
302.93332,444.96667,1782.2
444.96667,1782.2,122.05001
1782.2,122.05001,68.28333
122.05001,68.28333,118.53333
68.28333,118.53333,170.20001
118.53333,170.20001,56.36667
170.20001,56.36667,967.4833
56.36667,967.4833,980.9499
967.4833,980.9499,192.05
980.9499,192.05,221.21667
192.05,221.21667,1322.6333
254.65,493.60004,996.61664
493.60004,996.61664,221.03334
996.61664,221.03334,351.03333
221.03334,351.03333,149.81668
351.03333,149.81668,392.76666
149.81668,392.76666,170.8
392.76666,170.8,1094.0332
170.8,1094.0332,296.0833
1094.0332,296.0833,70.03333
296.0833,70.03333,118.0
70.03333,118.0,261.96667
118.0,261.96667,479.90002
261.96667,479.90002,1806.8167
479.90002,1806.8167,229.71667
1806.8167,229.71667,57.25
229.71667,57.25,248.91667
57.25,248.91667,173.45001
248.91667,173.45001,997.05
173.45001,997.05,154.91667
997.05,154.91667,465.0
154.91667,465.0,498.20004
465.0,498.20004,2190.4666
498.20004,2190.4666,1093.25
2190.4666,1093.25,119.81667
1093.25,119.81667,1234.2333
119.81667,1234.2333,301.31665
1234.2333,301.31665,106.36667
301.31665,106.36667,49.483334
106.36667,49.483334,798.5834
49.483334,798.5834,525.13336
798.5834,525.13336,114.28333
525.13336,114.28333,626.5167
114.28333,626.5167,108.75
626.5167,108.75,159.40001
108.75,159.40001,220.65
159.40001,220.65,1170.2833
220.65,1170.2833,1326.3999
1170.2833,1326.3999,262.26666
1326.3999,262.26666,156.83334
262.26666,156.83334,225.68335
156.83334,225.68335,86.6
225.68335,86.6,287.43332
86.6,287.43332,231.5
287.43332,231.5,70.049995
231.5,70.049995,117.81667
70.049995,117.81667,5477.6333
117.81667,5477.6333,243.98332
5477.6333,243.98332,200.03334
243.98332,200.03334,313.3333
200.03334,313.3333,1483.7666
313.3333,1483.7666,122.48334
1483.7666,122.48334,358.11667
122.48334,358.11667,4248.4
358.11667,4248.4,1108.15
4248.4,1108.15,4174.9
1108.15,4174.9,133.03334
4174.9,133.03334,116.083336
133.03334,116.083336,163.28334
116.083336,163.28334,243.63332
163.28334,243.63332,673.3333
243.63332,673.3333,298.66666
673.3333,298.66666,566.4667
298.66666,566.4667,103.3
