513.5125,513.91394,513.9087
513.512,513.9145,513.9084
513.5117,513.91473,513.9084
513.52045,513.90393,513.9113
513.51544,513.9102,513.9094
513.5173,513.90814,513.9102
513.512,513.9145,513.9084
513.5257,513.8978,513.9129
513.5125,513.9134,513.9087
513.51355,513.91235,513.90894
513.5133,513.9129,513.9087
513.5178,513.9071,513.9102
513.51355,513.9129,513.9087
513.5115,513.915,513.90814
513.5294,513.89355,513.91394
513.5109,513.9153,513.90814
513.5115,513.915,513.90814
513.5284,513.8944,513.91394
513.5125,513.9134,513.9087
513.5141,513.91156,513.9092
513.5112,513.9153,513.90814
513.51227,513.91394,513.9087
513.51306,513.9129,513.9087
513.5125,513.91394,513.9087
513.5117,513.915,513.90814
513.5115,513.915,513.90814
513.5115,513.915,513.90814
513.5112,513.9153,513.90814
513.51227,513.91394,513.9087
513.5115,513.91473,513.9084
513.5178,513.9071,513.9102
513.5112,513.9153,513.90814
513.5241,513.8992,513.91235
513.5125,513.91394,513.9087
513.51227,513.9142,513.9084
513.5115,513.915,513.90814
513.5115,513.915,513.90814
513.51227,513.91394,513.9087
513.51227,513.9145,513.9084
513.51227,513.91394,513.9087
513.5133,513.9129,513.9087
513.51227,513.9142,513.9084
513.5115,513.915,513.90814
513.5125,513.91394,513.9087
513.5117,513.91473,513.9084
513.54285,513.87695,513.91876
513.5223,513.90155,513.9118
513.512,513.9142,513.9084
513.512,513.9142,513.9084
513.54474,513.8748,513.91956
513.51227,513.91394,513.9087
513.5117,513.9145,513.9084
513.5115,513.915,513.90814
513.521,513.90393,513.9113
513.5241,513.8997,513.91235
513.5199,513.9047,513.9113
513.5141,513.9118,513.9092
513.51227,513.9142,513.9084
513.5117,513.915,513.90814
513.512,513.9145,513.9084
513.5115,513.915,513.90814
513.5125,513.91394,513.9087
513.5117,513.91473,513.9084
513.5115,513.915,513.90814
513.51465,513.9113,513.9092
513.51965,513.90497,513.91077
513.512,513.9142,513.9084
513.5117,513.9145,513.9084
513.51227,513.91394,513.9087
513.51227,513.91394,513.9087
513.5141,513.9121,513.90894
513.5125,513.91394,513.9087
513.5117,513.91473,513.9084
513.5167,513.9084,513.9102
513.512,513.9142,513.9084
513.512,513.9145,513.9084
513.5165,513.90894,513.9097
513.5331,513.8883,513.9155
513.53156,513.8904,513.915
513.5167,513.9084,513.9102
513.5109,513.9153,513.90814
513.5112,513.915,513.90814
513.5115,513.915,513.90814
513.5128,513.9134,513.9087
513.5376,513.8833,513.9171
513.5117,513.9145,513.9084
513.5112,513.9155,513.90814
513.512,513.91473,513.9084
513.5133,513.9129,513.9087
513.51227,513.91394,513.9087
513.5128,513.9134,513.9087
513.5268,513.8965,513.9134
513.5112,513.9153,513.90814
513.5115,513.9153,513.90814
513.512,513.9145,513.9084
513.5115,513.915,513.90814
513.5115,513.915,513.90814
513.5117,513.9145,513.9084
513.5125,513.91394,513.9087
513.52625,513.89703,513.9129
513.5112,513.9153,513.90814
513.517,513.9084,513.9102
513.512,513.9142,513.9084
513.5178,513.9071,513.9102
513.535,513.8867,513.9161
513.5336,513.8878,513.91583
513.5215,513.90234,513.91156
513.5109,513.9153,513.90814
513.51227,513.91394,513.9087
513.5117,513.91473,513.9084
513.5117,513.91473,513.9084
513.5191,513.9055,513.91077
513.5117,513.915,513.90814
513.5125,513.9142,513.9084
513.5117,513.915,513.90814
513.5125,513.91394,513.9087
513.5117,513.91473,513.9084
513.5125,513.91394,513.9087
513.51227,513.9142,513.9084
513.512,513.9145,513.9084
513.51227,513.9145,513.9084
513.51227,513.91394,513.9087
513.5115,513.915,513.90814
513.5125,513.9134,513.9087
513.5117,513.91473,513.9084
513.51227,513.91394,513.9087
513.5112,513.9153,513.90814
513.5125,513.9134,513.9087
513.5173,513.9076,513.9102
513.512,513.9142,513.9084
513.512,513.9145,513.9084
513.5284,513.8947,513.91394
513.51227,513.91394,513.9087
513.5117,513.9145,513.9084
513.512,513.9145,513.9084
513.51227,513.91394,513.9087
513.51227,513.91394,513.9087
513.5115,513.915,513.90814
513.5133,513.9129,513.9087
513.512,513.9145,513.9084
513.5141,513.9118,513.90894
513.5173,513.9076,513.9102
513.5115,513.915,513.90814
513.5112,513.915,513.90814
513.51306,513.9134,513.9087
513.5125,513.91394,513.9087
513.5125,513.91394,513.9087
513.5257,513.8976,513.91315
513.51385,513.9121,513.9092
513.5109,513.9155,513.90814
513.51306,513.9129,513.9087
513.5115,513.915,513.90814
513.512,513.9145,513.9084
513.5167,513.9084,513.9102
513.512,513.9145,513.9084
513.5115,513.915,513.90814
513.5115,513.9153,513.90814
513.5141,513.9121,513.90894
513.5215,513.90314,513.9113
513.5115,513.915,513.90814
513.51514,513.91077,513.9094
513.5115,513.915,513.90814
513.5115,513.915,513.90814
513.512,513.9145,513.9084
513.5117,513.91473,513.9084
513.5117,513.9145,513.9084
513.5167,513.9087,513.91
513.5115,513.915,513.90814
513.5268,513.89624,513.9134
513.5117,513.9145,513.9084
513.5125,513.9137,513.9087
513.5117,513.91473,513.9084
513.5125,513.91394,513.9087
513.51227,513.9142,513.9084
513.5117,513.91473,513.9084
513.51624,513.9094,513.9097
513.5157,513.91,513.9094
513.5115,513.915,513.90814
513.512,513.9142,513.9084
513.5117,513.91473,513.9084
513.5125,513.91394,513.9087
513.5117,513.91473,513.9084
513.5115,513.915,513.90814
513.5115,513.915,513.90814
513.51965,513.90497,513.91077
513.5117,513.9145,513.9084
513.51227,513.91394,513.9087
513.51306,513.9129,513.9087
513.512,513.9145,513.9084
513.51227,513.9142,513.9084
513.5117,513.91473,513.9084
513.5178,513.9071,513.9102
513.5157,513.91,513.9094
513.5115,513.915,513.90814
513.5115,513.915,513.90814
513.51355,513.91235,513.90894
513.5157,513.9102,513.9094
513.5115,513.915,513.90814
513.5117,513.91473,513.9084
513.5125,513.91394,513.9087
513.5115,513.915,513.90814
513.5289,513.8939,513.91394
513.5115,513.91473,513.9084
513.5115,513.915,513.90814
513.5117,513.9145,513.9084
513.51227,513.9142,513.9084
513.5117,513.91473,513.9084
513.5109,513.9155,513.90814
513.52466,513.8992,513.91235
513.51886,513.906,513.9105
513.5115,513.91473,513.9084
513.51306,513.9129,513.9087
513.512,513.9145,513.9084
513.512,513.9145,513.9084
513.5141,513.9118,513.9092
513.512,513.9145,513.9084
513.51227,513.9142,513.9084
513.5115,513.915,513.90814
513.5133,513.9129,513.9087
513.5178,513.90735,513.9102
513.5173,513.90814,513.9102
513.5141,513.9118,513.90894
513.5109,513.9155,513.90814
513.5125,513.91394,513.9087
513.5115,513.915,513.90814
513.5125,513.91394,513.9087
513.512,513.9145,513.9084
513.5115,513.915,513.90814
513.5125,513.91394,513.9087
513.5117,513.91473,513.9084
513.5133,513.9129,513.9087
513.5117,513.91473,513.9084
513.51227,513.9142,513.9084
513.51886,513.906,513.91077
513.5115,513.915,513.90814
513.5112,513.9155,513.90814
513.5115,513.915,513.90814
513.5115,513.915,513.90814
513.5336,513.88806,513.9155
513.5125,513.9134,513.9087
513.53625,513.8849,513.91656
513.53784,513.88275,513.9171
513.5115,513.91473,513.9084
513.5186,513.906,513.91077
513.51227,513.91394,513.9087
513.5115,513.915,513.90814
513.5178,513.9076,513.9102
513.5112,513.9155,513.90814
513.512,513.9145,513.9084
513.51434,513.9118,513.9092
513.51624,513.9097,513.9094
513.5117,513.9145,513.9084
513.5112,513.9153,513.90814
513.5199,513.90497,513.91077
513.5133,513.91235,513.9087
513.5115,513.915,513.90814
513.5117,513.91473,513.9084
513.5117,513.9145,513.9084
513.5128,513.9134,513.9087
513.5115,513.915,513.90814
513.5117,513.91473,513.9084
513.51227,513.9142,513.9084
513.5117,513.91473,513.9084
513.51227,513.9142,513.9084
513.5125,513.91394,513.9087
513.5117,513.91473,513.9084
513.51306,513.9134,513.9087
513.5112,513.915,513.90814
513.5183,513.90656,513.9102
513.512,513.9142,513.9084
513.5112,513.9155,513.90814
513.51306,513.9129,513.9087
513.5115,513.915,513.90814
513.51227,513.91394,513.9087
513.5405,513.8799,513.91797
513.5117,513.9142,513.9084
513.5115,513.915,513.90814
513.5125,513.9134,513.9087
513.51227,513.91394,513.9087
513.5117,513.91473,513.9084
513.5141,513.9118,513.9092
513.5112,513.9155,513.90814
513.5115,513.915,513.90814
513.5115,513.9155,513.90814
513.512,513.9145,513.9084
513.5115,513.915,513.90814
513.5141,513.9118,513.90894
513.5125,513.9137,513.9087
513.51227,513.91394,513.9087
513.51306,513.9134,513.9087
513.51227,513.9142,513.9084
513.5115,513.91473,513.9084
513.5125,513.9134,513.9087
513.51227,513.9142,513.9084
513.51227,513.9142,513.9084
513.53577,513.8857,513.9163
513.5115,513.91473,513.9084
513.5109,513.9155,513.90814
513.5117,513.91473,513.9084
513.5115,513.915,513.90814
513.5157,513.9097,513.9097
513.512,513.9145,513.9084
513.64,513.7652,513.95197
513.53864,513.8809,513.9176
513.51227,513.9134,513.9087
513.51306,513.9129,513.9087
513.5183,513.9063,513.9105
513.5165,513.90894,513.9097
513.51227,513.91394,513.9087
513.51355,513.9126,513.9087
513.5117,513.91473,513.9084
513.5133,513.9129,513.9087
513.51227,513.9142,513.9084
513.5115,513.91473,513.9084
513.5202,513.9044,513.9113
513.5178,513.90735,513.9102
513.51624,513.9092,513.9097
513.5115,513.915,513.90814
513.5115,513.915,513.90814
513.53735,513.8833,513.9171
513.5109,513.915,513.90814
513.5112,513.9155,513.90814
513.5125,513.9137,513.9087
513.5117,513.91473,513.9084
513.5128,513.9134,513.9087
513.5125,513.9137,513.9087
513.5112,513.9155,513.90814
513.512,513.9145,513.9084
513.512,513.9145,513.9084
513.5125,513.91394,513.9087
513.5112,513.9153,513.90814
513.5115,513.915,513.90814
513.5117,513.91473,513.9084
513.51227,513.9142,513.9084
513.51434,513.9113,513.9092
513.5117,513.91473,513.9084
513.5133,513.9129,513.9087
513.5125,513.91394,513.9087
513.5115,513.915,513.90814
513.5257,513.8976,513.91315
513.5115,513.91473,513.9084
513.5115,513.915,513.90814
513.512,513.9145,513.9084
513.5117,513.91473,513.9084
513.512,513.9145,513.9084
513.5183,513.9071,513.9102
513.52203,513.90234,513.91156
513.51306,513.9129,513.9087
513.5117,513.91473,513.9084
513.512,513.9145,513.9084
513.51306,513.9129,513.9087
513.5117,513.91473,513.9084
513.5141,513.9118,513.90894
513.51385,513.91235,513.9087
513.512,513.9145,513.9084
513.512,513.9145,513.9084
513.5117,513.91473,513.9084
513.512,513.9145,513.9084
513.5225,513.9013,513.9118
513.51044,513.9161,513.9079
513.5112,513.9153,513.90814
513.51227,513.9142,513.9084
513.5115,513.915,513.90814
513.5175,513.9076,513.9102
513.5115,513.915,513.90814
513.512,513.9145,513.9084
513.5125,513.91394,513.9087
513.5115,513.915,513.90814
513.5117,513.91473,513.9084
513.51514,513.91077,513.9094
513.5117,513.91473,513.9084
513.512,513.9145,513.9084
513.512,513.9145,513.9084
513.5115,513.915,513.90814
513.5115,513.915,513.90814
513.5115,513.915,513.90814
513.53467,513.887,513.9161
513.5117,513.9145,513.9084
513.512,513.9142,513.9084
513.512,513.9145,513.9084
513.5117,513.91473,513.9084
513.51465,513.9113,513.9092
513.5133,513.9126,513.9087
513.5109,513.9155,513.90814
513.5125,513.91394,513.9087
513.512,513.9145,513.9084
513.5133,513.9129,513.9087
513.5117,513.91473,513.9084
513.51355,513.91235,513.90894
513.5117,513.91473,513.9084
513.5115,513.915,513.90814
513.5115,513.915,513.90814
513.5141,513.9118,513.9092
513.5376,513.8833,513.9171
513.5115,513.91473,513.9084
513.5109,513.9155,513.90814
513.51227,513.9142,513.9084
513.5117,513.91473,513.9084
513.51227,513.9142,513.9084
513.5141,513.9118,513.9092
513.5115,513.9153,513.90814
513.51306,513.91315,513.9087
513.5133,513.9129,513.9087
513.5125,513.9134,513.9087
513.51227,513.9142,513.9084
513.5141,513.9121,513.90894
513.5125,513.9134,513.9087
513.51465,513.911,513.9092
513.5125,513.9134,513.9087
513.5115,513.915,513.90814
513.5128,513.9134,513.9087
513.5117,513.91473,513.9084
513.5117,513.91473,513.9084
513.5117,513.9145,513.9084
513.5125,513.91394,513.9087
513.5115,513.915,513.90814
513.5183,513.9071,513.9102
513.52466,513.8992,513.9129
513.5125,513.91394,513.9087
513.5117,513.91473,513.9084
513.5128,513.9134,513.9087
513.512,513.9145,513.9084
513.5133,513.9126,513.9087
513.5125,513.9134,513.9087
513.5128,513.9134,513.9087
513.5183,513.90656,513.9105
513.51227,513.9142,513.9084
513.5117,513.91473,513.9084
513.5117,513.91473,513.9084
513.512,513.9145,513.9084
513.5157,513.9097,513.9097
513.51355,513.91235,513.90894
513.5117,513.9145,513.9084
513.52466,513.8992,513.9129
513.51385,513.9121,513.9092
513.5117,513.9145,513.9084
513.5112,513.9153,513.90814
513.5133,513.9129,513.9087
513.5115,513.915,513.90814
513.51227,513.9142,513.9084
513.79614,513.60284,514.0043
513.5091,513.9153,513.90814
513.5117,513.91394,513.9084
513.5109,513.9155,513.90814
513.5252,513.89813,513.9129
513.51465,513.9113,513.9092
513.5125,513.9137,513.9087
513.51306,513.9129,513.9087
513.512,513.9142,513.9084
513.5117,513.91473,513.9084
513.51306,513.9129,513.9087
513.5115,513.915,513.90814
513.5125,513.9134,513.9087
513.5115,513.91473,513.9084
513.512,513.9145,513.9084
513.51306,513.9129,513.9087
513.5112,513.9155,513.90814
513.51514,513.9102,513.9094
513.5125,513.9137,513.9087
513.51227,513.9142,513.9084
513.5112,513.9153,513.90814
513.5117,513.9145,513.9084
513.5125,513.9134,513.9087
513.53735,513.8833,513.9171
513.5125,513.9134,513.9087
513.51227,513.91394,513.9084
513.5117,513.91473,513.9084
513.5125,513.9137,513.9087
513.51465,513.911,513.9092
513.512,513.9145,513.9084
513.512,513.9145,513.9084
513.5125,513.91394,513.9087
513.51465,513.9118,513.9092
513.5117,513.91473,513.9084
513.5115,513.915,513.90814
513.5115,513.915,513.90814
513.52625,513.8968,513.91315
513.5115,513.915,513.90814
513.51227,513.91394,513.9087
513.51355,513.91235,513.90894
513.5117,513.91473,513.9084
513.51306,513.91315,513.9087
513.51227,513.91394,513.9087
513.5117,513.91473,513.9084
513.5141,513.9118,513.9092
513.5117,513.91473,513.9084
513.52203,513.90234,513.91156
513.5115,513.91473,513.9084
513.5112,513.9155,513.90814
513.5125,513.91394,513.9087
513.51227,513.91394,513.9087
513.5125,513.91394,513.9087
513.5757,513.8386,513.92975
513.5241,513.8986,513.9129
513.5117,513.9145,513.9084
513.51227,513.9142,513.9084
513.5115,513.915,513.90814
513.5141,513.9118,513.9092
513.51227,513.9142,513.9084
513.5125,513.9142,513.9084
513.5125,513.9142,513.9084
513.5125,513.9142,513.9084
513.512,513.9145,513.9084
513.51227,513.9142,513.9084
513.512,513.9145,513.9084
513.5112,513.9155,513.90814
513.5112,513.9155,513.90814
513.51306,513.9129,513.9087
513.51465,513.9113,513.9092
513.5125,513.9134,513.9087
513.5112,513.915,513.90814
513.53705,513.8838,513.9168
513.51227,513.91394,513.9087
513.5109,513.9155,513.90814
513.53973,513.88116,513.9176
513.5112,513.915,513.90814
513.5273,513.8957,513.9134
513.5115,513.91473,513.9084
513.51355,513.91235,513.90894
513.512,513.9145,513.9084
513.512,513.91473,513.9084
513.5117,513.91473,513.9084
513.5257,513.8976,513.9129
513.5199,513.90497,513.91077
513.51227,513.91394,513.9087
513.5112,513.9153,513.90814
513.5215,513.90283,513.91156
513.51227,513.9142,513.9084
513.5109,513.9155,513.90814
513.51227,513.9142,513.9084
513.512,513.9145,513.9084
513.5178,513.9076,513.9102
513.5331,513.8886,513.9155
513.5109,513.915,513.90814
513.5112,513.9153,513.90814
513.5125,513.91394,513.9087
513.512,513.9145,513.9084
513.51227,513.91394,513.9087
513.5117,513.91473,513.9084
513.5128,513.9134,513.9087
513.51886,513.906,513.9105
513.51227,513.9142,513.9084
513.5117,513.9145,513.9084
513.51306,513.9129,513.9087
513.5125,513.9134,513.9087
513.51465,513.911,513.9092
513.5394,513.88116,513.9176
513.5109,513.915,513.90814
513.5117,513.91473,513.9084
513.51227,513.9142,513.9084
513.5117,513.91473,513.9084
513.51227,513.91394,513.9087
513.5117,513.91473,513.9084
513.5257,513.8978,513.9129
513.5133,513.9129,513.9087
513.51355,513.91235,513.9087
513.512,513.9142,513.9084
513.5117,513.9145,513.9084
513.5115,513.915,513.90814
513.5265,513.8968,513.91315
513.5115,513.91473,513.9084
513.5125,513.91394,513.9087
513.5125,513.9134,513.9087
513.51434,513.9113,513.9092
513.5112,513.9153,513.90814
513.5115,513.915,513.90814
513.51306,513.9134,513.9087
513.5125,513.91394,513.9087
513.51227,513.9142,513.9084
513.512,513.9145,513.9084
513.512,513.9145,513.9084
513.5157,513.9097,513.9097
513.5133,513.9126,513.9087
513.5117,513.91473,513.9084
513.51227,513.91394,513.9087
513.51227,513.91394,513.9087
513.51227,513.9142,513.9084
513.51434,513.9113,513.9092
513.51227,513.91394,513.9087
513.5257,513.8976,513.91315
513.5252,513.89813,513.9129
513.5115,513.915,513.90814
513.51227,513.9142,513.9084
513.5115,513.915,513.90814
513.5215,513.90283,513.91156
513.5125,513.9137,513.9087
513.51624,513.9094,513.9097
513.5112,513.9153,513.90814
513.5194,513.9055,513.91077
513.51227,513.91394,513.9087
513.51306,513.9129,513.9087
513.51227,513.9142,513.9084
513.5141,513.9121,513.9092
513.5112,513.9153,513.90814
513.51227,513.9142,513.9084
513.51306,513.9129,513.9087
513.51227,513.9142,513.9084
513.5125,513.91394,513.9087
513.51355,513.91235,513.9087
513.5117,513.91473,513.9084
513.51465,513.911,513.9092
513.5157,513.91,513.9094
513.51227,513.91394,513.9087
513.5141,513.9118,513.90894
513.51306,513.9134,513.9087
513.5128,513.9134,513.9087
513.5125,513.91394,513.9087
513.5117,513.9145,513.9084
513.51434,513.9113,513.9092
513.51227,513.91394,513.9087
513.5112,513.9153,513.90814
513.5115,513.915,513.90814
513.5141,513.9118,513.9092
513.5117,513.91473,513.9084
513.5178,513.9076,513.9102
513.5117,513.9145,513.9084
513.531,513.8912,513.915
513.51355,513.9121,513.9092
513.5115,513.915,513.90814
513.5199,513.90497,513.91077
513.5289,513.8939,513.91394
513.5405,513.8796,513.91815
513.54126,513.8788,513.91815
513.5112,513.915,513.90814
513.52124,513.9034,513.9113
513.51434,513.9113,513.9092
513.5115,513.915,513.90814
513.51227,513.91394,513.9087
513.51306,513.9134,513.9087
513.5352,513.887,513.9161
513.5125,513.9142,513.9084
513.5289,513.8939,513.91394
513.5125,513.9137,513.9087
513.51514,513.91077,513.9092
513.5117,513.9145,513.9084
513.5194,513.9055,513.91077
513.51227,513.9142,513.9084
513.51306,513.9134,513.9087
513.5133,513.9129,513.9087
513.512,513.9145,513.9084
513.5117,513.91473,513.9084
513.5117,513.91473,513.9084
513.5115,513.915,513.90814
513.5331,513.8886,513.9155
513.5115,513.915,513.90814
513.51227,513.91394,513.9087
513.5236,513.9002,513.91235
513.51385,513.9121,513.9092
513.5117,513.9145,513.9084
513.512,513.9145,513.9084
513.5128,513.9134,513.9087
513.51227,513.91394,513.9087
513.512,513.9145,513.9084
513.5112,513.9153,513.90814
513.5112,513.9153,513.90814
513.5231,513.90076,513.91235
513.5125,513.91394,513.9087
513.51465,513.911,513.9092
