904.2241,119.14078,378.39423
386.52396,444.40982,185.15538
562.9476,260.98163,560.22003
427.49194,270.11227,93.56553
96.22261,377.2171,1075.1858
668.92535,859.59375,759.06177
798.2434,712.28253,1051.4304
991.2227,1393.5872,485.77988
1212.7385,442.9819,513.5645
896.77045,1395.0304,680.03
1405.2816,857.5241,705.5121
648.796,660.5579,25.732477
798.55774,26.95422,359.57703
149.35846,1000.50226,94.85799
871.5186,347.1367,6722.9277
379.02887,577.27515,279.91516
806.8292,297.92444,9.755683
677.6859,238.16731,587.29156
301.56696,62.57009,397.88797
46.89824,517.07666,268.72845
1100.7798,1048.109,623.08417
659.8145,1026.7561,45.302395
552.32227,7251.422,829.0617
7288.2466,265.25208,1316.4099
535.56116,93.81666,1796.1749
314.36868,514.79553,830.9347
1318.6229,226.36337,14.640788
334.00882,343.23587,45.35193
36.398552,134.20645,485.71268
372.70404,71.891174,3517.6858
195.17744,2362.8823,19.89254
32.90263,1666.4642,88.4781
12.499916,199.93102,150.19081
7.750285,390.6361,167.33727
454.78885,7375.799,1426.7133
4832.26,1561.45,4.6314683
69.696884,610.4822,402.7622
11.334465,191.86131,252.77051
40.975098,290.8562,162.0106
644.5607,153.48276,313.2812
458.4305,6.8788533,208.73975
316.43384,308.62958,2087.3003
19.93088,180.21349,1301.3405
3.1070971,299.1286,184.08257
6.6860123,174.61147,146.88873
37.740852,164.28893,1246.6482
10.792441,278.31436,231.62845
9.125948,182.80455,167.79634
115.8879,520.3485,523.12854
679.9054,6.4287705,609.6227
343.05032,75.21235,338.87677
369.22833,350.11563,30.69886
52.03649,208.48463,140.02646
51.527996,95.66887,2569.0513
343.38406,44.905693,386.38235
91.16274,1182.312,123.64875
58.098442,1814.3033,14.395791
16.97521,48.001503,6310.828
12.593718,391.39316,331.24237
12.972443,216.27727,129.49377
87.2756,724.883,2311.9775
59.32131,766.901,239.10991
8.154213,494.33524,99.61181
2719.535,92.2161,147.14708
25.908657,189.51772,2541.1472
383.276,503.42206,514.8907
104.32876,621.91345,505.25632
786.86224,6.4255557,550.13574
221.99977,162.7279,556.9523
644.77484,224.60013,156.9021
40.075333,437.15878,337.94504
77.00241,3341.2764,196.92288
633.62366,641.2898,421.0696
603.87006,714.9549,655.4589
752.2741,756.7466,983.27765
654.62714,832.674,407.8258
765.20514,1007.34863,659.42084
1005.6986,941.4037,897.5711
681.2344,1007.8639,372.5537
853.5061,852.22766,703.38165
665.1003,428.61777,378.4353
784.15765,300.83188,396.28293
118.504616,725.2678,216.10379
1261.285,13.201899,210.44147
12.758683,186.68811,2188.7646
23.912014,364.3886,505.0563
8.512112,246.18056,152.00754
8.36281,232.93185,182.35837
320.4947,164.42822,1077.7386
789.77466,312.10117,198.2606
2974.0654,975.06696,3874.214
3328.267,287.61435,18.783302
49.4804,884.4263,203.74358
536.26404,607.73706,48.434456
225.12988,1204.4445,98.621254
205.5127,277.5127,1443.4813
3507.6685,77.082344,7.7874603
48.67806,274.31174,1794.2335
24.046228,395.82794,395.66196
306.97452,409.4072,93.0651
129.02979,561.2391,141.88841
762.14325,41.2191,824.436
350.82376,1269.3315,92.631035
902.3928,542.03314,164.82364
3104.1355,512.7513,6.2736397
130.13747,799.89435,331.55423
873.24945,1000.31775,909.24426
805.3608,1449.5333,720.3185
700.22046,957.3259,324.42252
869.2959,635.13446,750.3328
415.9388,750.98254,82.48571
539.67584,584.5829,4658.999
459.30225,478.08862,6788.9146
397.58286,720.23285,116.94686
160.70682,191.65334,42.52973
161.06378,327.6142,1242.8071
25.54454,251.64465,240.32104
1180.3192,715.23926,17.128473
614.5121,219.12823,451.3836
385.68262,1198.1707,223.05437
498.43753,411.8085,391.51425
86.28068,236.09529,672.04236
89.00724,267.42337,1115.1173
479.04944,665.7179,593.3378
1050.4165,899.5763,229.32825
752.14594,365.40164,366.30603
552.3026,276.24634,425.64835
532.85315,355.91504,3131.0308
481.86487,440.49686,564.0671
425.25217,55.93144,1778.1398
2690.055,187.29509,414.3811
872.96564,1393.6105,756.6271
1212.742,585.32117,1070.36
528.8439,964.91144,258.70065
867.2712,309.82068,704.88885
461.37387,539.7562,3694.747
579.9074,259.22794,600.3255
320.52042,875.08203,180.0903
998.16876,606.395,2095.7664
753.9089,748.7832,987.5937
733.1979,754.8063,860.5825
647.2518,888.05853,533.46454
816.8885,877.81793,962.40936
743.8467,728.84906,909.075
972.99115,981.01733,933.585
951.3296,662.3126,953.6996
729.8823,1432.8754,575.10474
1223.3832,459.61127,1253.4792
497.26144,584.39777,395.27588
655.9398,391.40298,845.756
550.1163,496.2494,804.9881
558.1221,538.93506,469.68216
651.86926,766.06165,446.63538
629.59515,979.8915,359.13953
586.7499,716.119,170.07147
671.1572,815.86774,643.6695
757.81134,576.69116,856.15906
586.1289,658.96686,575.1525
642.4679,693.7116,668.07684
641.35724,840.97644,377.5011
729.06744,1029.5725,498.21106
998.85443,885.1671,919.51904
713.5139,1034.6079,418.0516
858.54224,943.4379,645.069
588.63727,454.38922,229.34964
791.55743,172.7969,408.69333
226.89607,680.1428,249.23355
224.54918,212.38936,5294.1226
397.64694,790.4358,751.89703
979.40533,943.02795,419.59302
644.21387,1102.2931,229.87477
561.65753,541.08435,469.9159
363.04446,1171.0459,231.65176
677.10504,232.05438,616.9491
279.0849,943.4377,88.9604
694.2328,339.98044,2280.2815
559.2457,619.08655,232.01523
647.8781,709.1305,480.0518
663.90826,593.46936,321.53003
596.4476,697.875,263.5872
569.7514,614.23175,277.9395
666.4937,709.66077,895.00995
670.507,767.12085,735.23236
736.67725,659.12164,353.51273
723.6106,924.75476,484.71997
746.0101,816.5989,601.6606
758.4521,866.51154,767.8881
709.8935,606.71454,633.33777
649.4483,720.91895,655.2565
702.77484,647.54144,534.98615
663.2122,647.1381,270.10336
578.197,713.38,268.67892
696.9955,807.3425,826.1399
689.4449,739.04333,716.37384
896.0825,2013.2202,535.0091
1762.5918,241.83951,1020.7388
837.4,2217.3953,451.3979
1557.5048,429.36523,1189.8431
948.34216,170.59077,9.431031
591.7871,360.35544,548.81665
484.5375,452.05725,91.44873
350.6724,1103.2484,89.10238
745.7324,582.2856,122.55831
351.83435,754.2467,237.49883
392.18484,242.7852,523.4822
582.04236,551.8776,310.75766
301.31873,2753.2375,6219.844
1303.1847,346.18396,2242.6316
636.3816,263.40475,90.18361
574.74414,204.78055,13.397367
501.1954,309.1812,432.92407
232.84698,377.302,90.63019
174.49214,165.90895,2431.472
655.05566,693.05133,428.37454
541.3735,583.17487,231.27997
590.50775,443.71414,444.77225
556.2814,542.55255,484.25278
692.0509,553.696,2135.9397
589.68726,618.8176,333.15173
690.31213,785.68317,713.1852
677.4029,832.47955,720.1276
889.6982,909.50946,955.36395
703.9661,811.1422,576.31036
908.85876,1131.4293,900.00275
1098.0566,616.76697,1024.652
570.2016,1092.2191,300.71387
1186.6166,469.99692,942.00256
444.2134,467.17102,672.5111
699.1277,216.06981,701.4057
348.32144,463.00665,185.45596
1240.413,344.77356,199.3304
927.5246,539.6085,1009.5938
795.5094,1266.904,660.501
894.75635,883.16254,587.438
992.8389,1011.5673,182.37474
420.88724,381.13272,551.5257
410.17664,857.6105,2609.2717
613.06964,434.91705,1228.8882
311.99423,717.85583,184.60286
1497.8922,112.72162,96.50909
597.2726,703.4545,865.8961
674.67065,610.4315,361.8279
679.744,747.4944,187.8908
689.6639,1058.1556,455.32092
903.751,692.77203,803.3124
600.0638,525.6695,705.50494
658.8374,662.943,642.3249
533.2994,689.7634,132.85072
884.52747,827.9628,490.9661
581.4336,549.14905,190.29375
645.5492,306.28427,588.5502
579.0129,334.4526,3257.6921
456.5186,481.26862,626.7774
628.85266,83.42997,1933.9891
366.65082,325.72433,558.65125
1073.898,351.9161,900.2848
240.90865,1194.887,349.1998
458.90134,329.3268,475.10745
207.83015,244.63168,1061.1261
573.4737,104.78779,445.8218
15.039486,322.29224,1665.1091
74.30759,296.44196,1974.9371
4.2891617,154.78676,163.21638
20.689417,168.69363,151.11284
59.2024,115.87191,1433.0885
658.92865,273.02252,387.85153
6297.441,1197.1583,5147.4595
881.8994,320.3693,213.00522
99.35877,924.87787,57.571663
