1476.07,1562.02,1647.98,1733.94,1819.9,1905.85,1991.81,2077.77,2163.73,2249.68,2335.64,2421.6,2507.56,2593.52,2679.47,2765.43,2851.39,2937.35,3023.3,3109.26,
1053.87,1054.61,1055.35,1056.08,1056.82,1057.56,1058.3,1059.04,1059.78,1060.52,1061.26,1062.0,1062.74,1063.48,1064.22,1064.96,1065.7,1066.44,1067.18,1067.92,
653.07,583.55,514.04,444.52,375.01,305.49,235.98,166.46,96.95,27.43,0.0,0.0,0.0,0.0,0.0,0.0,0.0,0.0,0.0,0.0,
77.33,0.0,0.0,0.0,0.0,0.0,0.0,0.0,0.0,0.0,0.0,0.0,0.0,0.0,0.0,0.0,0.0,0.0,0.0,0.0,
0.0,0.0,0.0,0.0,0.0,0.0,0.0,0.0,0.0,0.0,0.0,0.0,0.0,0.0,0.0,0.0,0.0,0.0,0.0,0.0,
0.0,0.0,0.0,0.0,0.0,0.0,0.0,0.0,0.0,0.0,0.0,0.0,0.0,0.0,0.0,0.0,0.0,0.0,0.0,0.0,
0.0,0.0,0.0,0.0,0.0,0.0,0.0,0.0,0.0,0.0,0.0,0.0,0.0,0.0,0.0,0.0,0.0,0.0,0.0,0.0,
251.07,229.5,207.93,186.36,164.79,143.22,121.65,100.08,78.51,56.94,35.37,13.8,0.0,0.0,0.0,0.0,0.0,0.0,0.0,0.0,
101.8,56.85,11.91,0.0,0.0,0.0,0.0,0.0,0.0,0.0,0.0,0.0,0.0,0.0,0.0,0.0,0.0,0.0,0.0,0.0,
226.2,192.49,158.78,125.07,91.36,57.65,23.95,0.0,0.0,0.0,0.0,0.0,0.0,0.0,0.0,0.0,0.0,0.0,0.0,0.0,
293.67,288.81,283.95,279.08,274.22,269.36,264.5,259.64,254.78,249.92,245.06,240.2,235.34,230.48,225.62,220.76,215.9,211.04,206.18,201.32,
1430.33,1587.61,1744.89,1902.17,2059.45,2216.73,2374.01,2531.28,2688.56,2845.84,3003.12,3160.4,3317.68,3474.96,3632.24,3789.52,3946.79,4104.07,4261.35,4418.63,
1262.53,1391.65,1520.76,1649.88,1778.99,1908.11,2037.22,2166.34,2295.45,2424.57,2553.68,2682.8,2811.92,2941.03,3070.15,3199.26,3328.38,3457.49,3586.61,3715.72,
1295.87,1414.15,1532.44,1650.72,1769.01,1887.29,2005.58,2123.86,2242.15,2360.43,2478.72,2597.0,2715.28,2833.57,2951.85,3070.14,3188.42,3306.71,3424.99,3543.28,
1202.6,1298.95,1395.29,1491.64,1587.98,1684.33,1780.67,1877.02,1973.36,2069.71,2166.05,2262.4,2358.75,2455.09,2551.44,2647.78,2744.13,2840.47,2936.82,3033.16,
928.4,974.73,1021.05,1067.38,1113.71,1160.04,1206.36,1252.69,1299.02,1345.35,1391.67,1438.0,1484.33,1530.65,1576.98,1623.31,1669.64,1715.96,1762.29,1808.62,
1736.0,1880.53,2025.05,2169.58,2314.11,2458.64,2603.16,2747.69,2892.22,3036.75,3181.27,3325.8,3470.33,3614.85,3759.38,3903.91,4048.44,4192.96,4337.49,4482.02,
1983.13,2143.08,2303.04,2462.99,2622.94,2782.89,2942.84,3102.79,3262.75,3422.7,3582.65,3742.6,3902.55,4062.5,4222.45,4382.41,4542.36,4702.31,4862.26,5022.21,
1811.53,1916.56,2021.58,2126.61,2231.63,2336.65,2441.68,2546.7,2651.73,2756.75,2861.78,2966.8,3071.82,3176.85,3281.87,3386.9,3491.92,3596.95,3701.97,3806.99,
1360.53,1390.48,1420.44,1450.39,1480.34,1510.29,1540.24,1570.19,1600.15,1630.1,1660.05,1690.0,1719.95,1749.9,1779.85,1809.81,1839.76,1869.71,1899.66,1929.61,
660.0,562.67,465.35,368.02,270.69,173.36,76.04,0.0,0.0,0.0,0.0,0.0,0.0,0.0,0.0,0.0,0.0,0.0,0.0,0.0,
694.87,657.13,619.4,581.67,543.93,506.2,468.47,430.73,393.0,355.27,317.53,279.8,242.07,204.33,166.6,128.87,91.13,53.4,15.67,0.0,
279.53,165.76,51.98,0.0,0.0,0.0,0.0,0.0,0.0,0.0,0.0,0.0,0.0,0.0,0.0,0.0,0.0,0.0,0.0,0.0,
90.53,0.0,0.0,0.0,0.0,0.0,0.0,0.0,0.0,0.0,0.0,0.0,0.0,0.0,0.0,0.0,0.0,0.0,0.0,0.0,
2268.53,2421.05,2573.56,2726.08,2878.59,3031.11,3183.62,3336.14,3488.65,3641.17,3793.68,3946.2,4098.72,4251.23,4403.75,4556.26,4708.78,4861.29,5013.81,5166.32,
1413.27,1413.86,1414.45,1415.05,1415.64,1416.24,1416.83,1417.42,1418.02,1418.61,1419.21,1419.8,1420.39,1420.99,1421.58,1422.18,1422.77,1423.36,1423.96,1424.55,
1318.87,1353.41,1387.95,1422.48,1457.02,1491.56,1526.1,1560.64,1595.18,1629.72,1664.26,1698.8,1733.34,1767.88,1802.42,1836.96,1871.5,1906.04,1940.58,1975.12,
1198.8,1242.18,1285.56,1328.95,1372.33,1415.71,1459.09,1502.47,1545.85,1589.24,1632.62,1676.0,1719.38,1762.76,1806.15,1849.53,1892.91,1936.29,1979.67,2023.05,
1420.67,1506.66,1592.65,1678.65,1764.64,1850.64,1936.63,2022.62,2108.62,2194.61,2280.61,2366.6,2452.59,2538.59,2624.58,2710.58,2796.57,2882.56,2968.56,3054.55,
1771.27,1888.62,2005.98,2123.34,2240.7,2358.05,2475.41,2592.77,2710.13,2827.48,2944.84,3062.2,3179.56,3296.92,3414.27,3531.63,3648.99,3766.35,3883.7,4001.06,
1087.27,1081.57,1075.87,1070.18,1064.48,1058.78,1053.08,1047.39,1041.69,1035.99,1030.3,1024.6,1018.9,1013.21,1007.51,1001.81,996.12,990.42,984.72,979.02,
366.6,231.04,95.47,0.0,0.0,0.0,0.0,0.0,0.0,0.0,0.0,0.0,0.0,0.0,0.0,0.0,0.0,0.0,0.0,0.0,
0.0,0.0,0.0,0.0,0.0,0.0,0.0,0.0,0.0,0.0,0.0,0.0,0.0,0.0,0.0,0.0,0.0,0.0,0.0,0.0,
0.0,0.0,0.0,0.0,0.0,0.0,0.0,0.0,0.0,0.0,0.0,0.0,0.0,0.0,0.0,0.0,0.0,0.0,0.0,0.0,
527.2,525.89,524.58,523.27,521.96,520.65,519.35,518.04,516.73,515.42,514.11,512.8,511.49,510.18,508.87,507.56,506.25,504.95,503.64,502.33,
222.67,165.7,108.73,51.76,0.0,0.0,0.0,0.0,0.0,0.0,0.0,0.0,0.0,0.0,0.0,0.0,0.0,0.0,0.0,0.0,
16.53,0.0,0.0,0.0,0.0,0.0,0.0,0.0,0.0,0.0,0.0,0.0,0.0,0.0,0.0,0.0,0.0,0.0,0.0,0.0,
0.0,0.0,0.0,0.0,0.0,0.0,0.0,0.0,0.0,0.0,0.0,0.0,0.0,0.0,0.0,0.0,0.0,0.0,0.0,0.0,
422.2,392.45,362.71,332.96,303.22,273.47,243.73,213.98,184.24,154.49,124.75,95.0,65.25,35.51,5.76,0.0,0.0,0.0,0.0,0.0,
648.2,697.76,747.33,796.89,846.45,896.02,945.58,995.15,1044.71,1094.27,1143.84,1193.4,1242.96,1292.53,1342.09,1391.65,1441.22,1490.78,1540.35,1589.91,
585.53,617.32,649.11,680.9,712.68,744.47,776.26,808.05,839.84,871.62,903.41,935.2,966.99,998.78,1030.56,1062.35,1094.14,1125.93,1157.72,1189.5,
903.73,966.83,1029.93,1093.02,1156.12,1219.22,1282.32,1345.41,1408.51,1471.61,1534.7,1597.8,1660.9,1723.99,1787.09,1850.19,1913.28,1976.38,2039.48,2102.58,
787.93,831.7,875.47,919.24,963.01,1006.78,1050.55,1094.32,1138.09,1181.86,1225.63,1269.4,1313.17,1356.94,1400.71,1444.48,1488.25,1532.02,1575.79,1619.56,
828.6,888.18,947.76,1007.35,1066.93,1126.51,1186.09,1245.67,1305.25,1364.84,1424.42,1484.0,1543.58,1603.16,1662.75,1722.33,1781.91,1841.49,1901.07,1960.65,
704.8,732.93,761.05,789.18,817.31,845.44,873.56,901.69,929.82,957.95,986.07,1014.2,1042.33,1070.45,1098.58,1126.71,1154.84,1182.96,1211.09,1239.22,
544.47,536.61,528.75,520.88,513.02,505.16,497.3,489.44,481.58,473.72,465.86,458.0,450.14,442.28,434.42,426.56,418.7,410.84,402.98,395.12,
312.27,263.48,214.69,165.9,117.12,68.33,19.54,0.0,0.0,0.0,0.0,0.0,0.0,0.0,0.0,0.0,0.0,0.0,0.0,0.0,
108.67,30.37,0.0,0.0,0.0,0.0,0.0,0.0,0.0,0.0,0.0,0.0,0.0,0.0,0.0,0.0,0.0,0.0,0.0,0.0,
681.0,705.44,729.87,754.31,778.75,803.18,827.62,852.05,876.49,900.93,925.36,949.8,974.24,998.67,1023.11,1047.55,1071.98,1096.42,1120.85,1145.29,
483.4,466.87,450.35,433.82,417.29,400.76,384.24,367.71,351.18,334.65,318.13,301.6,285.07,268.55,252.02,235.49,218.96,202.44,185.91,169.38,
768.67,786.42,804.18,821.94,839.7,857.45,875.21,892.97,910.73,928.48,946.24,964.0,981.76,999.52,1017.27,1035.03,1052.79,1070.55,1088.3,1106.06,
1088.27,1173.88,1259.49,1345.1,1430.72,1516.33,1601.94,1687.55,1773.16,1858.78,1944.39,2030.0,2115.61,2201.22,2286.84,2372.45,2458.06,2543.67,2629.28,2714.9,
799.87,837.9,875.93,913.96,951.99,990.02,1028.05,1066.08,1104.11,1142.14,1180.17,1218.2,1256.23,1294.26,1332.29,1370.32,1408.35,1446.38,1484.41,1522.44,
562.07,562.59,563.11,563.63,564.15,564.67,565.19,565.72,566.24,566.76,567.28,567.8,568.32,568.84,569.36,569.88,570.41,570.93,571.45,571.97,
349.8,319.95,290.09,260.24,230.38,200.53,170.67,140.82,110.96,81.11,51.25,21.4,0.0,0.0,0.0,0.0,0.0,0.0,0.0,0.0,
320.2,284.67,249.15,213.62,178.09,142.56,107.04,71.51,35.98,0.45,0.0,0.0,0.0,0.0,0.0,0.0,0.0,0.0,0.0,0.0,
119.93,47.87,0.0,0.0,0.0,0.0,0.0,0.0,0.0,0.0,0.0,0.0,0.0,0.0,0.0,0.0,0.0,0.0,0.0,0.0,
0.0,0.0,0.0,0.0,0.0,0.0,0.0,0.0,0.0,0.0,0.0,0.0,0.0,0.0,0.0,0.0,0.0,0.0,0.0,0.0,
0.0,0.0,0.0,0.0,0.0,0.0,0.0,0.0,0.0,0.0,0.0,0.0,0.0,0.0,0.0,0.0,0.0,0.0,0.0,0.0,
211.07,165.24,119.42,73.59,27.77,0.0,0.0,0.0,0.0,0.0,0.0,0.0,0.0,0.0,0.0,0.0,0.0,0.0,0.0,0.0,
771.13,829.74,888.35,946.95,1005.56,1064.16,1122.77,1181.38,1239.98,1298.59,1357.19,1415.8,1474.41,1533.01,1591.62,1650.22,1708.83,1767.44,1826.04,1884.65,
793.53,869.96,946.38,1022.81,1099.23,1175.65,1252.08,1328.5,1404.93,1481.35,1557.78,1634.2,1710.62,1787.05,1863.47,1939.9,2016.32,2092.75,2169.17,2245.59,
650.73,698.74,746.75,794.75,842.76,890.76,938.77,986.78,1034.78,1082.79,1130.79,1178.8,1226.81,1274.81,1322.82,1370.82,1418.83,1466.84,1514.84,1562.85,
431.33,440.98,450.62,460.26,469.9,479.55,489.19,498.83,508.47,518.12,527.76,537.4,547.04,556.68,566.33,575.97,585.61,595.25,604.9,614.54,
950.73,1021.56,1092.38,1163.21,1234.03,1304.85,1375.68,1446.5,1517.33,1588.15,1658.98,1729.8,1800.62,1871.45,1942.27,2013.1,2083.92,2154.75,2225.57,2296.39,
720.73,757.61,794.49,831.37,868.25,905.13,942.01,978.88,1015.76,1052.64,1089.52,1126.4,1163.28,1200.16,1237.04,1273.92,1310.79,1347.67,1384.55,1421.43,
774.4,809.51,844.62,879.73,914.84,949.95,985.05,1020.16,1055.27,1090.38,1125.49,1160.6,1195.71,1230.82,1265.93,1301.04,1336.15,1371.25,1406.36,1441.47,
836.2,870.18,904.16,938.15,972.13,1006.11,1040.09,1074.07,1108.05,1142.04,1176.02,1210.0,1243.98,1277.96,1311.95,1345.93,1379.91,1413.89,1447.87,1481.85,
1109.47,1162.46,1215.45,1268.45,1321.44,1374.44,1427.43,1480.42,1533.42,1586.41,1639.41,1692.4,1745.39,1798.39,1851.38,1904.38,1957.37,2010.36,2063.36,2116.35,
1402.93,1503.07,1603.2,1703.33,1803.47,1903.6,2003.73,2103.87,2204.0,2304.13,2404.27,2504.4,2604.53,2704.67,2804.8,2904.93,3005.07,3105.2,3205.33,3305.47,
1447.87,1566.06,1684.25,1802.45,1920.64,2038.84,2157.03,2275.22,2393.42,2511.61,2629.81,2748.0,2866.19,2984.39,3102.58,3220.78,3338.97,3457.16,3575.36,3693.55,
1004.4,1043.4,1082.4,1121.4,1160.4,1199.4,1238.4,1277.4,1316.4,1355.4,1394.4,1433.4,1472.4,1511.4,1550.4,1589.4,1628.4,1667.4,1706.4,1745.4,
583.0,547.05,511.11,475.16,439.22,403.27,367.33,331.38,295.44,259.49,223.55,187.6,151.65,115.71,79.76,43.82,7.87,0.0,0.0,0.0,
397.33,313.14,228.95,144.75,60.56,0.0,0.0,0.0,0.0,0.0,0.0,0.0,0.0,0.0,0.0,0.0,0.0,0.0,0.0,0.0,
357.07,298.55,240.04,181.52,123.01,64.49,5.98,0.0,0.0,0.0,0.0,0.0,0.0,0.0,0.0,0.0,0.0,0.0,0.0,0.0,
0.73,0.0,0.0,0.0,0.0,0.0,0.0,0.0,0.0,0.0,0.0,0.0,0.0,0.0,0.0,0.0,0.0,0.0,0.0,0.0,
0.0,0.0,0.0,0.0,0.0,0.0,0.0,0.0,0.0,0.0,0.0,0.0,0.0,0.0,0.0,0.0,0.0,0.0,0.0,0.0,
215.53,133.34,51.15,0.0,0.0,0.0,0.0,0.0,0.0,0.0,0.0,0.0,0.0,0.0,0.0,0.0,0.0,0.0,0.0,0.0,
472.47,457.62,442.78,427.94,413.1,398.25,383.41,368.57,353.73,338.88,324.04,309.2,294.36,279.52,264.67,249.83,234.99,220.15,205.3,190.46,
715.07,758.79,802.51,846.23,889.95,933.67,977.39,1021.12,1064.84,1108.56,1152.28,1196.0,1239.72,1283.44,1327.16,1370.88,1414.61,1458.33,1502.05,1545.77,
684.67,731.13,777.6,824.07,870.53,917.0,963.47,1009.93,1056.4,1102.87,1149.33,1195.8,1242.27,1288.73,1335.2,1381.67,1428.13,1474.6,1521.07,1567.53,
837.13,894.45,951.76,1009.08,1066.39,1123.71,1181.02,1238.34,1295.65,1352.97,1410.28,1467.6,1524.92,1582.23,1639.55,1696.86,1754.18,1811.49,1868.81,1926.12,
886.67,938.59,990.51,1042.43,1094.35,1146.27,1198.19,1250.12,1302.04,1353.96,1405.88,1457.8,1509.72,1561.64,1613.56,1665.48,1717.41,1769.33,1821.25,1873.17,
786.87,831.84,876.82,921.79,966.77,1011.75,1056.72,1101.7,1146.67,1191.65,1236.62,1281.6,1326.58,1371.55,1416.53,1461.5,1506.48,1551.45,1596.43,1641.41,
491.73,482.36,472.98,463.61,454.23,444.85,435.48,426.1,416.73,407.35,397.98,388.6,379.22,369.85,360.47,351.1,341.72,332.35,322.97,313.59,
400.07,368.15,336.24,304.32,272.41,240.49,208.58,176.66,144.75,112.83,80.92,49.0,17.08,0.0,0.0,0.0,0.0,0.0,0.0,0.0,
298.87,235.77,172.67,109.58,46.48,0.0,0.0,0.0,0.0,0.0,0.0,0.0,0.0,0.0,0.0,0.0,0.0,0.0,0.0,0.0,
313.6,278.82,244.04,209.25,174.47,139.69,104.91,70.13,35.35,0.56,0.0,0.0,0.0,0.0,0.0,0.0,0.0,0.0,0.0,0.0,
161.93,109.32,56.71,4.1,0.0,0.0,0.0,0.0,0.0,0.0,0.0,0.0,0.0,0.0,0.0,0.0,0.0,0.0,0.0,0.0,
55.07,0.0,0.0,0.0,0.0,0.0,0.0,0.0,0.0,0.0,0.0,0.0,0.0,0.0,0.0,0.0,0.0,0.0,0.0,0.0,
0.0,0.0,0.0,0.0,0.0,0.0,0.0,0.0,0.0,0.0,0.0,0.0,0.0,0.0,0.0,0.0,0.0,0.0,0.0,0.0,
1406.0,1542.64,1679.27,1815.91,1952.55,2089.18,2225.82,2362.45,2499.09,2635.73,2772.36,2909.0,3045.64,3182.27,3318.91,3455.55,3592.18,3728.82,3865.45,4002.09,
1258.33,1382.67,1507.0,1631.33,1755.67,1880.0,2004.33,2128.67,2253.0,2377.33,2501.67,2626.0,2750.33,2874.67,2999.0,3123.33,3247.67,3372.0,3496.33,3620.67,
2700.8,3010.64,3320.47,3630.31,3940.15,4249.98,4559.82,4869.65,5179.49,5489.33,5799.16,6109.0,6418.84,6728.67,7038.51,7348.35,7658.18,7968.02,8277.85,8587.69,
2168.6,2379.05,2589.51,2799.96,3010.42,3220.87,3431.33,3641.78,3852.24,4062.69,4273.15,4483.6,4694.05,4904.51,5114.96,5325.42,5535.87,5746.33,5956.78,6167.24,
1642.8,1767.13,1891.45,2015.78,2140.11,2264.44,2388.76,2513.09,2637.42,2761.75,2886.07,3010.4,3134.73,3259.05,3383.38,3507.71,3632.04,3756.36,3880.69,4005.02,
1885.87,2035.64,2185.42,2335.19,2484.97,2634.75,2784.52,2934.3,3084.07,3233.85,3383.62,3533.4,3683.18,3832.95,3982.73,4132.5,4282.28,4432.05,4581.83,4731.61,
1622.73,1707.59,1792.45,1877.32,1962.18,2047.04,2131.9,2216.76,2301.62,2386.48,2471.34,2556.2,2641.06,2725.92,2810.78,2895.64,2980.5,3065.36,3150.22,3235.08,
5065.27,5586.44,6107.62,6628.79,7149.97,7671.15,8192.32,8713.5,9234.67,9755.85,10277.02,10798.2,11319.38,11840.55,12361.73,12882.9,13404.08,13925.25,14446.43,14967.61,
4119.67,4447.84,4776.02,5104.19,5432.37,5760.55,6088.72,6416.9,6745.07,7073.25,7401.42,7729.6,8057.78,8385.95,8714.13,9042.3,9370.48,9698.65,10026.83,10355.01,
2858.67,2945.62,3032.58,3119.54,3206.5,3293.45,3380.41,3467.37,3554.33,3641.28,3728.24,3815.2,3902.16,3989.12,4076.07,4163.03,4249.99,4336.95,4423.9,4510.86,
2443.07,2516.19,2589.31,2662.43,2735.55,2808.67,2881.79,2954.92,3028.04,3101.16,3174.28,3247.4,3320.52,3393.64,3466.76,3539.88,3613.01,3686.13,3759.25,3832.37,
1337.4,1201.33,1065.25,929.18,793.11,657.04,520.96,384.89,248.82,112.75,0.0,0.0,0.0,0.0,0.0,0.0,0.0,0.0,0.0,0.0,
1161.4,1072.27,983.15,894.02,804.89,715.76,626.64,537.51,448.38,359.25,270.13,181.0,91.87,2.75,0.0,0.0,0.0,0.0,0.0,0.0,
902.6,735.89,569.18,402.47,235.76,69.05,0.0,0.0,0.0,0.0,0.0,0.0,0.0,0.0,0.0,0.0,0.0,0.0,0.0,0.0,
461.73,180.19,0.0,0.0,0.0,0.0,0.0,0.0,0.0,0.0,0.0,0.0,0.0,0.0,0.0,0.0,0.0,0.0,0.0,0.0,
0.0,0.0,0.0,0.0,0.0,0.0,0.0,0.0,0.0,0.0,0.0,0.0,0.0,0.0,0.0,0.0,0.0,0.0,0.0,0.0,
0.0,0.0,0.0,0.0,0.0,0.0,0.0,0.0,0.0,0.0,0.0,0.0,0.0,0.0,0.0,0.0,0.0,0.0,0.0,0.0,
337.13,271.48,205.84,140.19,74.54,8.89,0.0,0.0,0.0,0.0,0.0,0.0,0.0,0.0,0.0,0.0,0.0,0.0,0.0,0.0,
225.0,160.6,96.2,31.8,0.0,0.0,0.0,0.0,0.0,0.0,0.0,0.0,0.0,0.0,0.0,0.0,0.0,0.0,0.0,0.0,
513.4,491.56,469.73,447.89,426.05,404.22,382.38,360.55,338.71,316.87,295.04,273.2,251.36,229.53,207.69,185.85,164.02,142.18,120.35,98.51,
790.27,799.08,807.89,816.7,825.52,834.33,843.14,851.95,860.76,869.58,878.39,887.2,896.01,904.82,913.64,922.45,931.26,940.07,948.88,957.7,
950.0,975.15,1000.29,1025.44,1050.58,1075.73,1100.87,1126.02,1151.16,1176.31,1201.45,1226.6,1251.75,1276.89,1302.04,1327.18,1352.33,1377.47,1402.62,1427.76,
467.93,405.32,342.71,280.1,217.48,154.87,92.26,29.65,0.0,0.0,0.0,0.0,0.0,0.0,0.0,0.0,0.0,0.0,0.0,0.0,
2306.8,2528.96,2751.13,2973.29,3195.45,3417.62,3639.78,3861.95,4084.11,4306.27,4528.44,4750.6,4972.76,5194.93,5417.09,5639.25,5861.42,6083.58,6305.75,6527.91,
2769.0,3079.53,3390.05,3700.58,4011.11,4321.64,4632.16,4942.69,5253.22,5563.75,5874.27,6184.8,6495.33,6805.85,7116.38,7426.91,7737.44,8047.96,8358.49,8669.02,
2231.2,2436.6,2642.0,2847.4,3052.8,3258.2,3463.6,3669.0,3874.4,4079.8,4285.2,4490.6,4696.0,4901.4,5106.8,5312.2,5517.6,5723.0,5928.4,6133.8,
1984.73,2124.18,2263.62,2403.06,2542.5,2681.95,2821.39,2960.83,3100.27,3239.72,3379.16,3518.6,3658.04,3797.48,3936.93,4076.37,4215.81,4355.25,4494.7,4634.14,
1520.6,1563.0,1605.4,1647.8,1690.2,1732.6,1775.0,1817.4,1859.8,1902.2,1944.6,1987.0,2029.4,2071.8,2114.2,2156.6,2199.0,2241.4,2283.8,2326.2,
1017.93,954.41,890.89,827.37,763.85,700.33,636.81,573.28,509.76,446.24,382.72,319.2,255.68,192.16,128.64,65.12,1.59,0.0,0.0,0.0,
811.73,715.9,620.07,524.24,428.41,332.58,236.75,140.92,45.09,0.0,0.0,0.0,0.0,0.0,0.0,0.0,0.0,0.0,0.0,0.0,
447.2,306.0,164.8,23.6,0.0,0.0,0.0,0.0,0.0,0.0,0.0,0.0,0.0,0.0,0.0,0.0,0.0,0.0,0.0,0.0,
1605.2,1623.04,1640.87,1658.71,1676.55,1694.38,1712.22,1730.05,1747.89,1765.73,1783.56,1801.4,1819.24,1837.07,1854.91,1872.75,1890.58,1908.42,1926.25,1944.09,
1189.93,1108.23,1026.53,944.82,863.12,781.42,699.72,618.01,536.31,454.61,372.9,291.2,209.5,127.79,46.09,0.0,0.0,0.0,0.0,0.0,
1364.8,1398.51,1432.22,1465.93,1499.64,1533.35,1567.05,1600.76,1634.47,1668.18,1701.89,1735.6,1769.31,1803.02,1836.73,1870.44,1904.15,1937.85,1971.56,2005.27,
1524.13,1594.83,1665.53,1736.22,1806.92,1877.62,1948.32,2019.01,2089.71,2160.41,2231.1,2301.8,2372.5,2443.19,2513.89,2584.59,2655.28,2725.98,2796.68,2867.38,
1442.6,1480.38,1518.16,1555.95,1593.73,1631.51,1669.29,1707.07,1744.85,1782.64,1820.42,1858.2,1895.98,1933.76,1971.55,2009.33,2047.11,2084.89,2122.67,2160.45,
1171.4,1171.05,1170.71,1170.36,1170.02,1169.67,1169.33,1168.98,1168.64,1168.29,1167.95,1167.6,1167.25,1166.91,1166.56,1166.22,1165.87,1165.53,1165.18,1164.84,
967.33,927.85,888.36,848.88,809.39,769.91,730.42,690.94,651.45,611.97,572.48,533.0,493.52,454.03,414.55,375.06,335.58,296.09,256.61,217.12,
442.73,321.67,200.6,79.53,0.0,0.0,0.0,0.0,0.0,0.0,0.0,0.0,0.0,0.0,0.0,0.0,0.0,0.0,0.0,0.0,
1492.2,1509.25,1526.31,1543.36,1560.42,1577.47,1594.53,1611.58,1628.64,1645.69,1662.75,1679.8,1696.85,1713.91,1730.96,1748.02,1765.07,1782.13,1799.18,1816.24,
833.27,728.15,623.04,517.92,412.81,307.69,202.58,97.46,0.0,0.0,0.0,0.0,0.0,0.0,0.0,0.0,0.0,0.0,0.0,0.0,
1011.67,1012.17,1012.67,1013.18,1013.68,1014.18,1014.68,1015.19,1015.69,1016.19,1016.7,1017.2,1017.7,1018.21,1018.71,1019.21,1019.72,1020.22,1020.72,1021.22,
1105.47,1131.01,1156.55,1182.08,1207.62,1233.16,1258.7,1284.24,1309.78,1335.32,1360.86,1386.4,1411.94,1437.48,1463.02,1488.56,1514.1,1539.64,1565.18,1590.72,
532.27,452.28,372.29,292.3,212.32,132.33,52.34,0.0,0.0,0.0,0.0,0.0,0.0,0.0,0.0,0.0,0.0,0.0,0.0,0.0,
235.33,123.03,10.73,0.0,0.0,0.0,0.0,0.0,0.0,0.0,0.0,0.0,0.0,0.0,0.0,0.0,0.0,0.0,0.0,0.0,
72.13,0.0,0.0,0.0,0.0,0.0,0.0,0.0,0.0,0.0,0.0,0.0,0.0,0.0,0.0,0.0,0.0,0.0,0.0,0.0,
880.67,869.12,857.56,846.01,834.46,822.91,811.36,799.81,788.25,776.7,765.15,753.6,742.05,730.5,718.95,707.39,695.84,684.29,672.74,661.19,
511.6,448.75,385.89,323.04,260.18,197.33,134.47,71.62,8.76,0.0,0.0,0.0,0.0,0.0,0.0,0.0,0.0,0.0,0.0,0.0,
0.0,0.0,0.0,0.0,0.0,0.0,0.0,0.0,0.0,0.0,0.0,0.0,0.0,0.0,0.0,0.0,0.0,0.0,0.0,0.0,
459.67,457.21,454.75,452.28,449.82,447.36,444.9,442.44,439.98,437.52,435.06,432.6,430.14,427.68,425.22,422.76,420.3,417.84,415.38,412.92,
306.6,282.93,259.25,235.58,211.91,188.24,164.56,140.89,117.22,93.55,69.87,46.2,22.53,0.0,0.0,0.0,0.0,0.0,0.0,0.0,
47.4,0.0,0.0,0.0,0.0,0.0,0.0,0.0,0.0,0.0,0.0,0.0,0.0,0.0,0.0,0.0,0.0,0.0,0.0,0.0,
288.67,267.79,246.91,226.03,205.15,184.27,163.39,142.52,121.64,100.76,79.88,59.0,38.12,17.24,0.0,0.0,0.0,0.0,0.0,0.0,
202.2,161.36,120.53,79.69,38.85,0.0,0.0,0.0,0.0,0.0,0.0,0.0,0.0,0.0,0.0,0.0,0.0,0.0,0.0,0.0,
0.0,0.0,0.0,0.0,0.0,0.0,0.0,0.0,0.0,0.0,0.0,0.0,0.0,0.0,0.0,0.0,0.0,0.0,0.0,0.0,
0.0,0.0,0.0,0.0,0.0,0.0,0.0,0.0,0.0,0.0,0.0,0.0,0.0,0.0,0.0,0.0,0.0,0.0,0.0,0.0,
454.87,498.66,542.45,586.25,630.04,673.84,717.63,761.42,805.22,849.01,892.81,936.6,980.39,1024.19,1067.98,1111.78,1155.57,1199.36,1243.16,1286.95,
348.47,372.57,396.67,420.78,444.88,468.98,493.08,517.19,541.29,565.39,589.5,613.6,637.7,661.81,685.91,710.01,734.12,758.22,782.32,806.42,
476.27,512.5,548.73,584.96,621.19,657.42,693.65,729.88,766.11,802.34,838.57,874.8,911.03,947.26,983.49,1019.72,1055.95,1092.18,1128.41,1164.64,
520.8,556.35,591.89,627.44,662.98,698.53,734.07,769.62,805.16,840.71,876.25,911.8,947.35,982.89,1018.44,1053.98,1089.53,1125.07,1160.62,1196.16,
377.27,386.35,395.44,404.52,413.61,422.69,431.78,440.86,449.95,459.03,468.12,477.2,486.28,495.37,504.45,513.54,522.62,531.71,540.79,549.88,
638.93,674.81,710.69,746.57,782.45,818.33,854.21,890.08,925.96,961.84,997.72,1033.6,1069.48,1105.36,1141.24,1177.12,1212.99,1248.87,1284.75,1320.63,
572.8,606.76,640.73,674.69,708.65,742.62,776.58,810.55,844.51,878.47,912.44,946.4,980.36,1014.33,1048.29,1082.25,1116.22,1150.18,1184.15,1218.11,
588.93,624.52,660.11,695.7,731.28,766.87,802.46,838.05,873.64,909.22,944.81,980.4,1015.99,1051.58,1087.16,1122.75,1158.34,1193.93,1229.52,1265.1,
469.73,480.39,491.05,501.72,512.38,523.04,533.7,544.36,555.02,565.68,576.34,587.0,597.66,608.32,618.98,629.64,640.3,650.96,661.62,672.28,
621.27,644.59,667.91,691.23,714.55,737.87,761.19,784.52,807.84,831.16,854.48,877.8,901.12,924.44,947.76,971.08,994.41,1017.73,1041.05,1064.37,
1578.6,1734.89,1891.18,2047.47,2203.76,2360.05,2516.35,2672.64,2828.93,2985.22,3141.51,3297.8,3454.09,3610.38,3766.67,3922.96,4079.25,4235.55,4391.84,4548.13,
1138.6,1214.98,1291.36,1367.75,1444.13,1520.51,1596.89,1673.27,1749.65,1826.04,1902.42,1978.8,2055.18,2131.56,2207.95,2284.33,2360.71,2437.09,2513.47,2589.85,
1034.27,1094.41,1154.55,1214.68,1274.82,1334.96,1395.1,1455.24,1515.38,1575.52,1635.66,1695.8,1755.94,1816.08,1876.22,1936.36,1996.5,2056.64,2116.78,2176.92,
751.67,768.22,784.78,801.34,817.9,834.45,851.01,867.57,884.13,900.68,917.24,933.8,950.36,966.92,983.47,1000.03,1016.59,1033.15,1049.7,1066.26,
1598.33,1713.9,1829.47,1945.04,2060.61,2176.18,2291.75,2407.32,2522.89,2638.46,2754.03,2869.6,2985.17,3100.74,3216.31,3331.88,3447.45,3563.02,3678.59,3794.16,
1382.8,1475.47,1568.15,1660.82,1753.49,1846.16,1938.84,2031.51,2124.18,2216.85,2309.53,2402.2,2494.87,2587.55,2680.22,2772.89,2865.56,2958.24,3050.91,3143.58,
1071.93,1099.39,1126.85,1154.32,1181.78,1209.24,1236.7,1264.16,1291.62,1319.08,1346.54,1374.0,1401.46,1428.92,1456.38,1483.84,1511.3,1538.76,1566.22,1593.68,
601.47,550.17,498.87,447.58,396.28,344.98,293.68,242.39,191.09,139.79,88.5,37.2,0.0,0.0,0.0,0.0,0.0,0.0,0.0,0.0,
310.27,201.15,92.04,0.0,0.0,0.0,0.0,0.0,0.0,0.0,0.0,0.0,0.0,0.0,0.0,0.0,0.0,0.0,0.0,0.0,
379.33,281.32,183.31,85.3,0.0,0.0,0.0,0.0,0.0,0.0,0.0,0.0,0.0,0.0,0.0,0.0,0.0,0.0,0.0,0.0,
867.33,893.88,920.44,946.99,973.54,1000.09,1026.64,1053.19,1079.75,1106.3,1132.85,1159.4,1185.95,1212.5,1239.05,1265.61,1292.16,1318.71,1345.26,1371.81,
894.07,904.13,914.2,924.27,934.33,944.4,954.47,964.53,974.6,984.67,994.73,1004.8,1014.87,1024.93,1035.0,1045.07,1055.13,1065.2,1075.27,1085.33,
805.2,792.95,780.69,768.44,756.18,743.93,731.67,719.42,707.16,694.91,682.65,670.4,658.15,645.89,633.64,621.38,609.13,596.87,584.62,572.36,
1784.27,1882.35,1980.44,2078.52,2176.61,2274.69,2372.78,2470.86,2568.95,2667.03,2765.12,2863.2,2961.28,3059.37,3157.45,3255.54,3353.62,3451.71,3549.79,3647.88,
1935.47,2111.57,2287.67,2463.78,2639.88,2815.98,2992.08,3168.19,3344.29,3520.39,3696.5,3872.6,4048.7,4224.81,4400.91,4577.01,4753.12,4929.22,5105.32,5281.42,
1595.8,1704.8,1813.8,1922.8,2031.8,2140.8,2249.8,2358.8,2467.8,2576.8,2685.8,2794.8,2903.8,3012.8,3121.8,3230.8,3339.8,3448.8,3557.8,3666.8,
6831.87,7642.81,8453.75,9264.68,10075.62,10886.56,11697.5,12508.44,13319.38,14130.32,14941.26,15752.2,16563.14,17374.08,18185.02,18995.96,19806.9,20617.84,21428.78,22239.72,
5351.93,5891.19,6430.45,6969.72,7508.98,8048.24,8587.5,9126.76,9666.02,10205.28,10744.54,11283.8,11823.06,12362.32,12901.58,13440.84,13980.1,14519.36,15058.62,15597.88,
4030.2,4333.71,4637.22,4940.73,5244.24,5547.75,5851.25,6154.76,6458.27,6761.78,7065.29,7368.8,7672.31,7975.82,8279.33,8582.84,8886.35,9189.85,9493.36,9796.87,
4268.0,4564.09,4860.18,5156.27,5452.36,5748.45,6044.55,6340.64,6636.73,6932.82,7228.91,7525.0,7821.09,8117.18,8413.27,8709.36,9005.45,9301.55,9597.64,9893.73,
2880.2,2933.18,2986.16,3039.15,3092.13,3145.11,3198.09,3251.07,3304.05,3357.04,3410.02,3463.0,3515.98,3568.96,3621.95,3674.93,3727.91,3780.89,3833.87,3886.85,
1590.2,1426.13,1262.05,1097.98,933.91,769.84,605.76,441.69,277.62,113.55,0.0,0.0,0.0,0.0,0.0,0.0,0.0,0.0,0.0,0.0,
744.73,415.32,85.91,0.0,0.0,0.0,0.0,0.0,0.0,0.0,0.0,0.0,0.0,0.0,0.0,0.0,0.0,0.0,0.0,0.0,
112.13,0.0,0.0,0.0,0.0,0.0,0.0,0.0,0.0,0.0,0.0,0.0,0.0,0.0,0.0,0.0,0.0,0.0,0.0,0.0,
0.0,0.0,0.0,0.0,0.0,0.0,0.0,0.0,0.0,0.0,0.0,0.0,0.0,0.0,0.0,0.0,0.0,0.0,0.0,0.0,
0.0,0.0,0.0,0.0,0.0,0.0,0.0,0.0,0.0,0.0,0.0,0.0,0.0,0.0,0.0,0.0,0.0,0.0,0.0,0.0,
497.6,434.25,370.91,307.56,244.22,180.87,117.53,54.18,0.0,0.0,0.0,0.0,0.0,0.0,0.0,0.0,0.0,0.0,0.0,0.0,
160.13,31.47,0.0,0.0,0.0,0.0,0.0,0.0,0.0,0.0,0.0,0.0,0.0,0.0,0.0,0.0,0.0,0.0,0.0,0.0,
0.0,0.0,0.0,0.0,0.0,0.0,0.0,0.0,0.0,0.0,0.0,0.0,0.0,0.0,0.0,0.0,0.0,0.0,0.0,0.0,
220.33,172.81,125.29,77.77,30.25,0.0,0.0,0.0,0.0,0.0,0.0,0.0,0.0,0.0,0.0,0.0,0.0,0.0,0.0,0.0,
88.67,19.35,0.0,0.0,0.0,0.0,0.0,0.0,0.0,0.0,0.0,0.0,0.0,0.0,0.0,0.0,0.0,0.0,0.0,0.0,
188.73,126.98,65.22,3.46,0.0,0.0,0.0,0.0,0.0,0.0,0.0,0.0,0.0,0.0,0.0,0.0,0.0,0.0,0.0,0.0,
243.53,218.08,192.64,167.19,141.74,116.29,90.84,65.39,39.95,14.5,0.0,0.0,0.0,0.0,0.0,0.0,0.0,0.0,0.0,0.0,
119.07,68.84,18.62,0.0,0.0,0.0,0.0,0.0,0.0,0.0,0.0,0.0,0.0,0.0,0.0,0.0,0.0,0.0,0.0,0.0,
97.27,52.61,7.95,0.0,0.0,0.0,0.0,0.0,0.0,0.0,0.0,0.0,0.0,0.0,0.0,0.0,0.0,0.0,0.0,0.0,
429.2,450.93,472.65,494.38,516.11,537.84,559.56,581.29,603.02,624.75,646.47,668.2,689.93,711.65,733.38,755.11,776.84,798.56,820.29,842.02,
270.2,265.98,261.76,257.55,253.33,249.11,244.89,240.67,236.45,232.24,228.02,223.8,219.58,215.36,211.15,206.93,202.71,198.49,194.27,190.05,
215.27,207.61,199.95,192.28,184.62,176.96,169.3,161.64,153.98,146.32,138.66,131.0,123.34,115.68,108.02,100.36,92.7,85.04,77.38,69.72,
126.07,105.35,84.64,63.92,43.21,22.49,1.78,0.0,0.0,0.0,0.0,0.0,0.0,0.0,0.0,0.0,0.0,0.0,0.0,0.0,
0.0,0.0,0.0,0.0,0.0,0.0,0.0,0.0,0.0,0.0,0.0,0.0,0.0,0.0,0.0,0.0,0.0,0.0,0.0,0.0,
0.0,0.0,0.0,0.0,0.0,0.0,0.0,0.0,0.0,0.0,0.0,0.0,0.0,0.0,0.0,0.0,0.0,0.0,0.0,0.0,
264.0,275.13,286.25,297.38,308.51,319.64,330.76,341.89,353.02,364.15,375.27,386.4,397.53,408.65,419.78,430.91,442.04,453.16,464.29,475.42,
721.87,790.22,858.58,926.94,995.3,1063.65,1132.01,1200.37,1268.73,1337.08,1405.44,1473.8,1542.16,1610.52,1678.87,1747.23,1815.59,1883.95,1952.3,2020.66,
793.93,869.03,944.13,1019.22,1094.32,1169.42,1244.52,1319.61,1394.71,1469.81,1544.9,1620.0,1695.1,1770.19,1845.29,1920.39,1995.48,2070.58,2145.68,2220.78,
681.2,734.02,786.84,839.65,892.47,945.29,998.11,1050.93,1103.75,1156.56,1209.38,1262.2,1315.02,1367.84,1420.65,1473.47,1526.29,1579.11,1631.93,1684.75,
662.33,722.19,782.05,841.92,901.78,961.64,1021.5,1081.36,1141.22,1201.08,1260.94,1320.8,1380.66,1440.52,1500.38,1560.24,1620.1,1679.96,1739.82,1799.68,
612.67,655.84,699.02,742.19,785.37,828.55,871.72,914.9,958.07,1001.25,1044.42,1087.6,1130.78,1173.95,1217.13,1260.3,1303.48,1346.65,1389.83,1433.01,
599.2,631.2,663.2,695.2,727.2,759.2,791.2,823.2,855.2,887.2,919.2,951.2,983.2,1015.2,1047.2,1079.2,1111.2,1143.2,1175.2,1207.2,
379.87,370.77,361.67,352.58,343.48,334.38,325.28,316.19,307.09,297.99,288.9,279.8,270.7,261.61,252.51,243.41,234.32,225.22,216.12,207.02,
4697.0,5265.09,5833.18,6401.27,6969.36,7537.45,8105.55,8673.64,9241.73,9809.82,10377.91,10946.0,11514.09,12082.18,12650.27,13218.36,13786.45,14354.55,14922.64,15490.73,
3922.4,4340.18,4757.96,5175.75,5593.53,6011.31,6429.09,6846.87,7264.65,7682.44,8100.22,8518.0,8935.78,9353.56,9771.35,10189.13,10606.91,11024.69,11442.47,11860.25,
4167.87,4588.59,5009.31,5430.03,5850.75,6271.47,6692.19,7112.92,7533.64,7954.36,8375.08,8795.8,9216.52,9637.24,10057.96,10478.68,10899.41,11320.13,11740.85,12161.57,
3420.6,3727.55,4034.49,4341.44,4648.38,4955.33,5262.27,5569.22,5876.16,6183.11,6490.05,6797.0,7103.95,7410.89,7717.84,8024.78,8331.73,8638.67,8945.62,9252.56,
2450.07,2590.17,2730.27,2870.38,3010.48,3150.58,3290.68,3430.79,3570.89,3710.99,3851.1,3991.2,4131.3,4271.41,4411.51,4551.61,4691.72,4831.82,4971.92,5112.02,
1456.53,1417.87,1379.2,1340.53,1301.87,1263.2,1224.53,1185.87,1147.2,1108.53,1069.87,1031.2,992.53,953.87,915.2,876.53,837.87,799.2,760.53,721.87,
703.33,515.38,327.42,139.46,0.0,0.0,0.0,0.0,0.0,0.0,0.0,0.0,0.0,0.0,0.0,0.0,0.0,0.0,0.0,0.0,
1112.73,940.9,769.07,597.24,425.41,253.58,81.75,0.0,0.0,0.0,0.0,0.0,0.0,0.0,0.0,0.0,0.0,0.0,0.0,0.0,
279.13,0.0,0.0,0.0,0.0,0.0,0.0,0.0,0.0,0.0,0.0,0.0,0.0,0.0,0.0,0.0,0.0,0.0,0.0,0.0,
0.0,0.0,0.0,0.0,0.0,0.0,0.0,0.0,0.0,0.0,0.0,0.0,0.0,0.0,0.0,0.0,0.0,0.0,0.0,0.0,
1067.47,1067.68,1067.89,1068.1,1068.32,1068.53,1068.74,1068.95,1069.16,1069.38,1069.59,1069.8,1070.01,1070.22,1070.44,1070.65,1070.86,1071.07,1071.28,1071.5,
608.87,532.99,457.11,381.23,305.35,229.47,153.59,77.72,1.84,0.0,0.0,0.0,0.0,0.0,0.0,0.0,0.0,0.0,0.0,0.0,
761.93,764.01,766.09,768.17,770.25,772.33,774.41,776.48,778.56,780.64,782.72,784.8,786.88,788.96,791.04,793.12,795.19,797.27,799.35,801.43,
1206.27,1253.68,1301.09,1348.5,1395.92,1443.33,1490.74,1538.15,1585.56,1632.98,1680.39,1727.8,1775.21,1822.62,1870.04,1917.45,1964.86,2012.27,2059.68,2107.1,
890.47,868.13,845.8,823.47,801.13,778.8,756.47,734.13,711.8,689.47,667.13,644.8,622.47,600.13,577.8,555.47,533.13,510.8,488.47,466.13,
317.2,190.47,63.75,0.0,0.0,0.0,0.0,0.0,0.0,0.0,0.0,0.0,0.0,0.0,0.0,0.0,0.0,0.0,0.0,0.0,
12.93,0.0,0.0,0.0,0.0,0.0,0.0,0.0,0.0,0.0,0.0,0.0,0.0,0.0,0.0,0.0,0.0,0.0,0.0,0.0,
3429.6,3801.8,4174.0,4546.2,4918.4,5290.6,5662.8,6035.0,6407.2,6779.4,7151.6,7523.8,7896.0,8268.2,8640.4,9012.6,9384.8,9757.0,10129.2,10501.4,
2859.93,3142.28,3424.64,3706.99,3989.34,4271.69,4554.04,4836.39,5118.75,5401.1,5683.45,5965.8,6248.15,6530.5,6812.85,7095.21,7377.56,7659.91,7942.26,8224.61,
3512.47,3848.68,4184.89,4521.1,4857.32,5193.53,5529.74,5865.95,6202.16,6538.38,6874.59,7210.8,7547.01,7883.22,8219.44,8555.65,8891.86,9228.07,9564.28,9900.5,
2765.73,2983.05,3200.36,3417.68,3634.99,3852.31,4069.62,4286.94,4504.25,4721.57,4938.88,5156.2,5373.52,5590.83,5808.15,6025.46,6242.78,6460.09,6677.41,6894.72,
1892.47,1949.72,2006.96,2064.21,2121.46,2178.71,2235.96,2293.21,2350.45,2407.7,2464.95,2522.2,2579.45,2636.7,2693.95,2751.19,2808.44,2865.69,2922.94,2980.19,
887.93,765.03,642.13,519.22,396.32,273.42,150.52,27.61,0.0,0.0,0.0,0.0,0.0,0.0,0.0,0.0,0.0,0.0,0.0,0.0,
2265.2,2349.29,2433.38,2517.47,2601.56,2685.65,2769.75,2853.84,2937.93,3022.02,3106.11,3190.2,3274.29,3358.38,3442.47,3526.56,3610.65,3694.75,3778.84,3862.93,
1321.93,1245.28,1168.64,1091.99,1015.34,938.69,862.04,785.39,708.75,632.1,555.45,478.8,402.15,325.5,248.85,172.21,95.56,18.91,0.0,0.0,
381.47,128.5,0.0,0.0,0.0,0.0,0.0,0.0,0.0,0.0,0.0,0.0,0.0,0.0,0.0,0.0,0.0,0.0,0.0,0.0,
1498.53,1355.96,1213.38,1070.81,928.23,785.65,643.08,500.5,357.93,215.35,72.78,0.0,0.0,0.0,0.0,0.0,0.0,0.0,0.0,0.0,
2423.27,2572.13,2721.0,2869.87,3018.73,3167.6,3316.47,3465.33,3614.2,3763.07,3911.93,4060.8,4209.67,4358.53,4507.4,4656.27,4805.13,4954.0,5102.87,5251.73,
1450.67,1425.13,1399.6,1374.07,1348.53,1323.0,1297.47,1271.93,1246.4,1220.87,1195.33,1169.8,1144.27,1118.73,1093.2,1067.67,1042.13,1016.6,991.07,965.53,
2115.93,2245.36,2374.78,2504.21,2633.63,2763.05,2892.48,3021.9,3151.33,3280.75,3410.18,3539.6,3669.02,3798.45,3927.87,4057.3,4186.72,4316.15,4445.57,4574.99,
1582.53,1601.88,1621.24,1640.59,1659.94,1679.29,1698.64,1717.99,1737.35,1756.7,1776.05,1795.4,1814.75,1834.1,1853.45,1872.81,1892.16,1911.51,1930.86,1950.21,
759.53,630.68,501.84,372.99,244.14,115.29,0.0,0.0,0.0,0.0,0.0,0.0,0.0,0.0,0.0,0.0,0.0,0.0,0.0,0.0,
0.0,0.0,0.0,0.0,0.0,0.0,0.0,0.0,0.0,0.0,0.0,0.0,0.0,0.0,0.0,0.0,0.0,0.0,0.0,0.0,
1775.93,1834.72,1893.51,1952.3,2011.08,2069.87,2128.66,2187.45,2246.24,2305.02,2363.81,2422.6,2481.39,2540.18,2598.96,2657.75,2716.54,2775.33,2834.12,2892.9,
971.4,881.04,790.67,700.31,609.95,519.58,429.22,338.85,248.49,158.13,67.76,0.0,0.0,0.0,0.0,0.0,0.0,0.0,0.0,0.0,
453.67,261.84,70.02,0.0,0.0,0.0,0.0,0.0,0.0,0.0,0.0,0.0,0.0,0.0,0.0,0.0,0.0,0.0,0.0,0.0,
944.13,939.78,935.42,931.06,926.7,922.35,917.99,913.63,909.27,904.92,900.56,896.2,891.84,887.48,883.13,878.77,874.41,870.05,865.7,861.34,
887.13,874.67,862.2,849.73,837.27,824.8,812.33,799.87,787.4,774.93,762.47,750.0,737.53,725.07,712.6,700.13,687.67,675.2,662.73,650.27,
350.53,238.72,126.91,15.1,0.0,0.0,0.0,0.0,0.0,0.0,0.0,0.0,0.0,0.0,0.0,0.0,0.0,0.0,0.0,0.0,
229.4,127.6,25.8,0.0,0.0,0.0,0.0,0.0,0.0,0.0,0.0,0.0,0.0,0.0,0.0,0.0,0.0,0.0,0.0,0.0,
1829.87,1949.42,2068.98,2188.54,2308.1,2427.65,2547.21,2666.77,2786.33,2905.88,3025.44,3145.0,3264.56,3384.12,3503.67,3623.23,3742.79,3862.35,3981.9,4101.46,
1645.13,1710.34,1775.55,1840.75,1905.96,1971.16,2036.37,2101.58,2166.78,2231.99,2297.19,2362.4,2427.61,2492.81,2558.02,2623.22,2688.43,2753.64,2818.84,2884.05,
1237.07,1222.19,1207.31,1192.43,1177.55,1162.67,1147.79,1132.92,1118.04,1103.16,1088.28,1073.4,1058.52,1043.64,1028.76,1013.88,999.01,984.13,969.25,954.37,
1484.33,1583.36,1682.38,1781.41,1880.43,1979.45,2078.48,2177.5,2276.53,2375.55,2474.58,2573.6,2672.62,2771.65,2870.67,2969.7,3068.72,3167.75,3266.77,3365.79,
1143.07,1176.44,1209.82,1243.19,1276.57,1309.95,1343.32,1376.7,1410.07,1443.45,1476.82,1510.2,1543.58,1576.95,1610.33,1643.7,1677.08,1710.45,1743.83,1777.21,
1776.87,1893.44,2010.02,2126.59,2243.17,2359.75,2476.32,2592.9,2709.47,2826.05,2942.62,3059.2,3175.78,3292.35,3408.93,3525.5,3642.08,3758.65,3875.23,3991.81,
1372.8,1402.35,1431.89,1461.44,1490.98,1520.53,1550.07,1579.62,1609.16,1638.71,1668.25,1697.8,1727.35,1756.89,1786.44,1815.98,1845.53,1875.07,1904.62,1934.16,
973.67,937.35,901.04,864.72,828.41,792.09,755.78,719.46,683.15,646.83,610.52,574.2,537.88,501.57,465.25,428.94,392.62,356.31,319.99,283.68,
797.27,707.1,616.93,526.76,436.59,346.42,256.25,166.08,75.91,0.0,0.0,0.0,0.0,0.0,0.0,0.0,0.0,0.0,0.0,0.0,
2794.2,2939.55,3084.89,3230.24,3375.58,3520.93,3666.27,3811.62,3956.96,4102.31,4247.65,4393.0,4538.35,4683.69,4829.04,4974.38,5119.73,5265.07,5410.42,5555.76,
2757.53,2980.52,3203.51,3426.5,3649.48,3872.47,4095.46,4318.45,4541.44,4764.42,4987.41,5210.4,5433.39,5656.38,5879.36,6102.35,6325.34,6548.33,6771.32,6994.3,
2229.73,2375.32,2520.91,2666.5,2812.08,2957.67,3103.26,3248.85,3394.44,3540.02,3685.61,3831.2,3976.79,4122.38,4267.96,4413.55,4559.14,4704.73,4850.32,4995.9,
2006.67,2102.9,2199.13,2295.36,2391.59,2487.82,2584.05,2680.28,2776.51,2872.74,2968.97,3065.2,3161.43,3257.66,3353.89,3450.12,3546.35,3642.58,3738.81,3835.04,
1315.87,1278.37,1240.87,1203.38,1165.88,1128.38,1090.88,1053.39,1015.89,978.39,940.9,903.4,865.9,828.41,790.91,753.41,715.92,678.42,640.92,603.42,
1141.53,1049.5,957.47,865.44,773.41,681.38,589.35,497.32,405.29,313.26,221.23,129.2,37.17,0.0,0.0,0.0,0.0,0.0,0.0,0.0,
820.0,713.44,606.87,500.31,393.75,287.18,180.62,74.05,0.0,0.0,0.0,0.0,0.0,0.0,0.0,0.0,0.0,0.0,0.0,0.0,
1164.6,1087.51,1010.42,933.33,856.24,779.15,702.05,624.96,547.87,470.78,393.69,316.6,239.51,162.42,85.33,8.24,0.0,0.0,0.0,0.0,
540.07,343.73,147.4,0.0,0.0,0.0,0.0,0.0,0.0,0.0,0.0,0.0,0.0,0.0,0.0,0.0,0.0,0.0,0.0,0.0,
172.27,0.0,0.0,0.0,0.0,0.0,0.0,0.0,0.0,0.0,0.0,0.0,0.0,0.0,0.0,0.0,0.0,0.0,0.0,0.0,
1086.27,1124.92,1163.56,1202.21,1240.86,1279.51,1318.16,1356.81,1395.45,1434.1,1472.75,1511.4,1550.05,1588.7,1627.35,1665.99,1704.64,1743.29,1781.94,1820.59,
1010.87,1015.33,1019.8,1024.27,1028.73,1033.2,1037.67,1042.13,1046.6,1051.07,1055.53,1060.0,1064.47,1068.93,1073.4,1077.87,1082.33,1086.8,1091.27,1095.73,
497.6,412.22,326.84,241.45,156.07,70.69,0.0,0.0,0.0,0.0,0.0,0.0,0.0,0.0,0.0,0.0,0.0,0.0,0.0,0.0,
2461.87,2654.06,2846.25,3038.45,3230.64,3422.84,3615.03,3807.22,3999.42,4191.61,4383.81,4576.0,4768.19,4960.39,5152.58,5344.78,5536.97,5729.16,5921.36,6113.55,
1819.47,1900.28,1981.09,2061.9,2142.72,2223.53,2304.34,2385.15,2465.96,2546.78,2627.59,2708.4,2789.21,2870.02,2950.84,3031.65,3112.46,3193.27,3274.08,3354.9,
1779.73,1866.88,1954.04,2041.19,2128.34,2215.49,2302.64,2389.79,2476.95,2564.1,2651.25,2738.4,2825.55,2912.7,2999.85,3087.01,3174.16,3261.31,3348.46,3435.61,
1469.87,1481.39,1492.91,1504.43,1515.95,1527.47,1538.99,1550.52,1562.04,1573.56,1585.08,1596.6,1608.12,1619.64,1631.16,1642.68,1654.21,1665.73,1677.25,1688.77,
1480.87,1531.66,1582.45,1633.25,1684.04,1734.84,1785.63,1836.42,1887.22,1938.01,1988.81,2039.6,2090.39,2141.19,2191.98,2242.78,2293.57,2344.36,2395.16,2445.95,
1128.67,1118.57,1108.47,1098.38,1088.28,1078.18,1068.08,1057.99,1047.89,1037.79,1027.7,1017.6,1007.5,997.41,987.31,977.21,967.12,957.02,946.92,936.82,
615.6,525.56,435.53,345.49,255.45,165.42,75.38,0.0,0.0,0.0,0.0,0.0,0.0,0.0,0.0,0.0,0.0,0.0,0.0,0.0,
3617.73,3908.45,4199.16,4489.88,4780.59,5071.31,5362.02,5652.74,5943.45,6234.17,6524.88,6815.6,7106.32,7397.03,7687.75,7978.46,8269.18,8559.89,8850.61,9141.32,
3547.6,3804.27,4060.95,4317.62,4574.29,4830.96,5087.64,5344.31,5600.98,5857.65,6114.33,6371.0,6627.67,6884.35,7141.02,7397.69,7654.36,7911.04,8167.71,8424.38,
2231.0,2247.65,2264.31,2280.96,2297.62,2314.27,2330.93,2347.58,2364.24,2380.89,2397.55,2414.2,2430.85,2447.51,2464.16,2480.82,2497.47,2514.13,2530.78,2547.44,
4415.93,4837.34,5258.75,5680.15,6101.56,6522.96,6944.37,7365.78,7787.18,8208.59,8629.99,9051.4,9472.81,9894.21,10315.62,10737.02,11158.43,11579.84,12001.24,12422.65,
3141.8,3335.64,3529.47,3723.31,3917.15,4110.98,4304.82,4498.65,4692.49,4886.33,5080.16,5274.0,5467.84,5661.67,5855.51,6049.35,6243.18,6437.02,6630.85,6824.69,
2096.0,2115.15,2134.29,2153.44,2172.58,2191.73,2210.87,2230.02,2249.16,2268.31,2287.45,2306.6,2325.75,2344.89,2364.04,2383.18,2402.33,2421.47,2440.62,2459.76,
1248.07,1129.44,1010.82,892.19,773.57,654.95,536.32,417.7,299.07,180.45,61.82,0.0,0.0,0.0,0.0,0.0,0.0,0.0,0.0,0.0,
206.27,0.0,0.0,0.0,0.0,0.0,0.0,0.0,0.0,0.0,0.0,0.0,0.0,0.0,0.0,0.0,0.0,0.0,0.0,0.0,
0.0,0.0,0.0,0.0,0.0,0.0,0.0,0.0,0.0,0.0,0.0,0.0,0.0,0.0,0.0,0.0,0.0,0.0,0.0,0.0,
0.0,0.0,0.0,0.0,0.0,0.0,0.0,0.0,0.0,0.0,0.0,0.0,0.0,0.0,0.0,0.0,0.0,0.0,0.0,0.0,
0.0,0.0,0.0,0.0,0.0,0.0,0.0,0.0,0.0,0.0,0.0,0.0,0.0,0.0,0.0,0.0,0.0,0.0,0.0,0.0,
0.0,0.0,0.0,0.0,0.0,0.0,0.0,0.0,0.0,0.0,0.0,0.0,0.0,0.0,0.0,0.0,0.0,0.0,0.0,0.0,
572.07,482.9,393.73,304.56,215.39,126.22,37.05,0.0,0.0,0.0,0.0,0.0,0.0,0.0,0.0,0.0,0.0,0.0,0.0,0.0,
1937.07,2160.99,2384.91,2608.83,2832.75,3056.67,3280.59,3504.52,3728.44,3952.36,4176.28,4400.2,4624.12,4848.04,5071.96,5295.88,5519.81,5743.73,5967.65,6191.57,
1539.8,1691.11,1842.42,1993.73,2145.04,2296.35,2447.65,2598.96,2750.27,2901.58,3052.89,3204.2,3355.51,3506.82,3658.13,3809.44,3960.75,4112.05,4263.36,4414.67,
1380.6,1493.82,1607.04,1720.25,1833.47,1946.69,2059.91,2173.13,2286.35,2399.56,2512.78,2626.0,2739.22,2852.44,2965.65,3078.87,3192.09,3305.31,3418.53,3531.75,
1572.4,1699.65,1826.91,1954.16,2081.42,2208.67,2335.93,2463.18,2590.44,2717.69,2844.95,2972.2,3099.45,3226.71,3353.96,3481.22,3608.47,3735.73,3862.98,3990.24,
1147.67,1195.44,1243.22,1290.99,1338.77,1386.55,1434.32,1482.1,1529.87,1577.65,1625.42,1673.2,1720.98,1768.75,1816.53,1864.3,1912.08,1959.85,2007.63,2055.41,
956.67,960.82,964.98,969.14,973.3,977.45,981.61,985.77,989.93,994.08,998.24,1002.4,1006.56,1010.72,1014.87,1019.03,1023.19,1027.35,1031.5,1035.66,
422.27,330.04,237.82,145.59,53.37,0.0,0.0,0.0,0.0,0.0,0.0,0.0,0.0,0.0,0.0,0.0,0.0,0.0,0.0,0.0,
0.0,0.0,0.0,0.0,0.0,0.0,0.0,0.0,0.0,0.0,0.0,0.0,0.0,0.0,0.0,0.0,0.0,0.0,0.0,0.0,
105.87,0.0,0.0,0.0,0.0,0.0,0.0,0.0,0.0,0.0,0.0,0.0,0.0,0.0,0.0,0.0,0.0,0.0,0.0,0.0,
501.13,458.7,416.27,373.84,331.41,288.98,246.55,204.12,161.69,119.26,76.83,34.4,0.0,0.0,0.0,0.0,0.0,0.0,0.0,0.0,
596.8,596.13,595.45,594.78,594.11,593.44,592.76,592.09,591.42,590.75,590.07,589.4,588.73,588.05,587.38,586.71,586.04,585.36,584.69,584.02,
386.33,342.34,298.35,254.35,210.36,166.36,122.37,78.38,34.38,0.0,0.0,0.0,0.0,0.0,0.0,0.0,0.0,0.0,0.0,0.0,
188.93,119.28,49.64,0.0,0.0,0.0,0.0,0.0,0.0,0.0,0.0,0.0,0.0,0.0,0.0,0.0,0.0,0.0,0.0,0.0,
294.27,267.22,240.18,213.14,186.1,159.05,132.01,104.97,77.93,50.88,23.84,0.0,0.0,0.0,0.0,0.0,0.0,0.0,0.0,0.0,
493.73,489.1,484.47,479.84,475.21,470.58,465.95,461.32,456.69,452.06,447.43,442.8,438.17,433.54,428.91,424.28,419.65,415.02,410.39,405.76,
1992.53,2200.61,2408.69,2616.77,2824.85,3032.93,3241.01,3449.08,3657.16,3865.24,4073.32,4281.4,4489.48,4697.56,4905.64,5113.72,5321.79,5529.87,5737.95,5946.03,
1537.0,1660.75,1784.49,1908.24,2031.98,2155.73,2279.47,2403.22,2526.96,2650.71,2774.45,2898.2,3021.95,3145.69,3269.44,3393.18,3516.93,3640.67,3764.42,3888.16,
1434.6,1526.49,1618.38,1710.27,1802.16,1894.05,1985.95,2077.84,2169.73,2261.62,2353.51,2445.4,2537.29,2629.18,2721.07,2812.96,2904.85,2996.75,3088.64,3180.53,
1395.0,1492.09,1589.18,1686.27,1783.36,1880.45,1977.55,2074.64,2171.73,2268.82,2365.91,2463.0,2560.09,2657.18,2754.27,2851.36,2948.45,3045.55,3142.64,3239.73,
1112.73,1164.39,1216.05,1267.72,1319.38,1371.04,1422.7,1474.36,1526.02,1577.68,1629.34,1681.0,1732.66,1784.32,1835.98,1887.64,1939.3,1990.96,2042.62,2094.28,
712.73,695.1,677.47,659.84,642.21,624.58,606.95,589.32,571.69,554.06,536.43,518.8,501.17,483.54,465.91,448.28,430.65,413.02,395.39,377.76,
322.93,239.61,156.29,72.97,0.0,0.0,0.0,0.0,0.0,0.0,0.0,0.0,0.0,0.0,0.0,0.0,0.0,0.0,0.0,0.0,
0.0,0.0,0.0,0.0,0.0,0.0,0.0,0.0,0.0,0.0,0.0,0.0,0.0,0.0,0.0,0.0,0.0,0.0,0.0,0.0,
0.0,0.0,0.0,0.0,0.0,0.0,0.0,0.0,0.0,0.0,0.0,0.0,0.0,0.0,0.0,0.0,0.0,0.0,0.0,0.0,
674.87,609.57,544.27,478.98,413.68,348.38,283.08,217.79,152.49,87.19,21.9,0.0,0.0,0.0,0.0,0.0,0.0,0.0,0.0,0.0,
1142.33,1233.18,1324.02,1414.86,1505.7,1596.55,1687.39,1778.23,1869.07,1959.92,2050.76,2141.6,2232.44,2323.28,2414.13,2504.97,2595.81,2686.65,2777.5,2868.34,
1374.27,1483.26,1592.25,1701.25,1810.24,1919.24,2028.23,2137.22,2246.22,2355.21,2464.21,2573.2,2682.19,2791.19,2900.18,3009.18,3118.17,3227.16,3336.16,3445.15,
2307.2,2550.05,2792.91,3035.76,3278.62,3521.47,3764.33,4007.18,4250.04,4492.89,4735.75,4978.6,5221.45,5464.31,5707.16,5950.02,6192.87,6435.73,6678.58,6921.44,
2136.73,2344.99,2553.25,2761.52,2969.78,3178.04,3386.3,3594.56,3802.82,4011.08,4219.34,4427.6,4635.86,4844.12,5052.38,5260.64,5468.9,5677.16,5885.42,6093.68,
1691.2,1818.0,1944.8,2071.6,2198.4,2325.2,2452.0,2578.8,2705.6,2832.4,2959.2,3086.0,3212.8,3339.6,3466.4,3593.2,3720.0,3846.8,3973.6,4100.4,
1309.47,1358.73,1408.0,1457.27,1506.53,1555.8,1605.07,1654.33,1703.6,1752.87,1802.13,1851.4,1900.67,1949.93,1999.2,2048.47,2097.73,2147.0,2196.27,2245.53,
836.33,792.98,749.62,706.26,662.9,619.55,576.19,532.83,489.47,446.12,402.76,359.4,316.04,272.68,229.33,185.97,142.61,99.25,55.9,12.54,
333.0,189.53,46.05,0.0,0.0,0.0,0.0,0.0,0.0,0.0,0.0,0.0,0.0,0.0,0.0,0.0,0.0,0.0,0.0,0.0,
0.0,0.0,0.0,0.0,0.0,0.0,0.0,0.0,0.0,0.0,0.0,0.0,0.0,0.0,0.0,0.0,0.0,0.0,0.0,0.0,
