[ 875. 1335.  257.  189.   54.]
[1335.  257.  189.   54.   67.]
[ 257.  189.   54.   67. 1234.]
[ 189.   54.   67. 1234.    3.]
[  54.   67. 1234.    3.   79.]
[  67. 1234.    3.   79.   83.]
[1234.    3.   79.   83.  199.]
[   3.   79.   83.  199. 1177.]
[  79.   83.  199. 1177. 2464.]
[  83.  199. 1177. 2464.  174.]
[ 199. 1177. 2464.  174.  236.]
[1177. 2464.  174.  236.  158.]
[2464.  174.  236.  158.   83.]
[174. 236. 158.  83.  88.]
[236. 158.  83.  88.  78.]
[158.  83.  88.  78.  77.]
[ 83.  88.  78.  77. 106.]
[  88.   78.   77.  106. 2366.]
[  78.   77.  106. 2366.  217.]
[  77.  106. 2366.  217.  100.]
[ 106. 2366.  217.  100.  111.]
[2366.  217.  100.  111. 1393.]
[ 217.  100.  111. 1393.  115.]
[ 100.  111. 1393.  115.   38.]
[ 111. 1393.  115.   38.  373.]
[1393.  115.   38.  373.  151.]
[ 115.   38.  373.  151. 1504.]
[  38.  373.  151. 1504.  172.]
[ 373.  151. 1504.  172.   96.]
[ 151. 1504.  172.   96.   84.]
[1504.  172.   96.   84.  175.]
[172.  96.  84. 175. 305.]
[ 96.  84. 175. 305.  90.]
[ 84. 175. 305.  90. 650.]
[175. 305.  90. 650.  88.]
[305.  90. 650.  88.  85.]
[ 90. 650.  88.  85.  14.]
[650.  88.  85.  14.  92.]
[ 88.  85.  14.  92. 166.]
[ 85.  14.  92. 166. 421.]
[ 14.  92. 166. 421.  89.]
[ 92. 166. 421.  89.  65.]
[166. 421.  89.  65.  71.]
[421.  89.  65.  71.  94.]
[89. 65. 71. 94. 92.]
[65. 71. 94. 92. 58.]
[71. 94. 92. 58. 88.]
[ 94.  92.  58.  88. 206.]
[ 92.  58.  88. 206.  61.]
[ 58.  88. 206.  61. 195.]
[ 88. 206.  61. 195.  85.]
[206.  61. 195.  85.  81.]
[ 61. 195.  85.  81.  47.]
[ 195.   85.   81.   47. 1190.]
[  85.   81.   47. 1190. 1160.]
[  81.   47. 1190. 1160. 1906.]
[  47. 1190. 1160. 1906.   90.]
[1190. 1160. 1906.   90. 1444.]
[1160. 1906.   90. 1444.  276.]
[1906.   90. 1444.  276.  916.]
[  90. 1444.  276.  916.  527.]
[1444.  276.  916.  527.   71.]
[276. 916. 527.  71. 149.]
[916. 527.  71. 149. 146.]
[527.  71. 149. 146.  76.]
[ 71. 149. 146.  76. 283.]
[ 149.  146.   76.  283. 1376.]
[ 146.   76.  283. 1376.  110.]
[  76.  283. 1376.  110.  589.]
[ 283. 1376.  110.  589.  107.]
[1376.  110.  589.  107.   72.]
[ 110.  589.  107.   72. 1551.]
[ 589.  107.   72. 1551.  232.]
[ 107.   72. 1551.  232.  148.]
[  72. 1551.  232.  148.   95.]
[1551.  232.  148.   95. 1475.]
[ 232.  148.   95. 1475.  658.]
[ 148.   95. 1475.  658.  930.]
[  95. 1475.  658.  930.  126.]
[1475.  658.  930.  126. 2212.]
[ 658.  930.  126. 2212.  269.]
[ 930.  126. 2212.  269.  385.]
[ 126. 2212.  269.  385. 1036.]
[2212.  269.  385. 1036.  345.]
[ 269.  385. 1036.  345.   82.]
[ 385. 1036.  345.   82.   30.]
[1036.  345.   82.   30.   69.]
[345.  82.  30.  69. 277.]
[ 82.  30.  69. 277.  37.]
[ 30.  69. 277.  37. 311.]
[ 69. 277.  37. 311. 149.]
[ 277.   37.  311.  149. 1126.]
[  37.  311.  149. 1126.  133.]
[ 311.  149. 1126.  133. 1317.]
[ 149. 1126.  133. 1317.  119.]
[1126.  133. 1317.  119.  292.]
[ 133. 1317.  119.  292.  494.]
[1317.  119.  292.  494.  133.]
[119. 292. 494. 133. 168.]
[292. 494. 133. 168.  29.]
[494. 133. 168.  29. 172.]
[133. 168.  29. 172. 179.]
[168.  29. 172. 179. 142.]
[ 29. 172. 179. 142. 864.]
[ 172.  179.  142.  864. 3154.]
[ 179.  142.  864. 3154.   85.]
[ 142.  864. 3154.   85.  300.]
[ 864. 3154.   85.  300.   62.]
[3154.   85.  300.   62.  384.]
[ 85. 300.  62. 384. 443.]
[300.  62. 384. 443. 125.]
[ 62. 384. 443. 125.  77.]
[384. 443. 125.  77.  97.]
[443. 125.  77.  97. 500.]
[125.  77.  97. 500.  45.]
[  77.   97.  500.   45. 1548.]
[  97.  500.   45. 1548.   82.]
[ 500.   45. 1548.   82. 2793.]
[  45. 1548.   82. 2793.   98.]
[1548.   82. 2793.   98. 1897.]
[  82. 2793.   98. 1897.  184.]
[2793.   98. 1897.  184.  227.]
[  98. 1897.  184.  227.   91.]
[1897.  184.  227.   91. 2292.]
[ 184.  227.   91. 2292.  538.]
[ 227.   91. 2292.  538.  183.]
[  91. 2292.  538.  183.  130.]
[2292.  538.  183.  130.  123.]
[538. 183. 130. 123. 217.]
[183. 130. 123. 217.  83.]
[130. 123. 217.  83.  58.]
[123. 217.  83.  58.  44.]
[217.  83.  58.  44. 197.]
[ 83.  58.  44. 197.  88.]
[  58.   44.  197.   88. 1061.]
[  44.  197.   88. 1061.   41.]
[ 197.   88. 1061.   41. 2049.]
[  88. 1061.   41. 2049.  227.]
[1061.   41. 2049.  227.  177.]
[  41. 2049.  227.  177.   80.]
[2049.  227.  177.   80.   48.]
[227. 177.  80.  48. 184.]
[177.  80.  48. 184. 153.]
[ 80.  48. 184. 153. 203.]
[ 48. 184. 153. 203. 328.]
[184. 153. 203. 328. 174.]
[153. 203. 328. 174.  71.]
[203. 328. 174.  71. 220.]
[ 328.  174.   71.  220. 2268.]
[ 174.   71.  220. 2268.   76.]
[  71.  220. 2268.   76.  141.]
[ 220. 2268.   76.  141.  328.]
[2268.   76.  141.  328.  406.]
[ 76. 141. 328. 406.  84.]
[141. 328. 406.  84. 239.]
[328. 406.  84. 239.  40.]
[406.  84. 239.  40.  74.]
[ 84. 239.  40.  74.  58.]
[239.  40.  74.  58. 375.]
[  40.   74.   58.  375. 1213.]
[  74.   58.  375. 1213.  109.]
[  58.  375. 1213.  109.  961.]
[ 375. 1213.  109.  961.   88.]
[1213.  109.  961.   88.  136.]
[109. 961.  88. 136. 267.]
[961.  88. 136. 267. 119.]
[  88.  136.  267.  119. 1527.]
[ 136.  267.  119. 1527.  525.]
[ 267.  119. 1527.  525.  244.]
[ 119. 1527.  525.  244.   51.]
[1527.  525.  244.   51.   67.]
[525. 244.  51.  67. 129.]
[ 244.   51.   67.  129. 3095.]
[  51.   67.  129. 3095.  235.]
[  67.  129. 3095.  235. 3969.]
[ 129. 3095.  235. 3969.   98.]
[3095.  235. 3969.   98.  530.]
[ 235. 3969.   98.  530.  113.]
[3969.   98.  530.  113.  433.]
[  98.  530.  113.  433. 1286.]
[ 530.  113.  433. 1286.  421.]
[ 113.  433. 1286.  421.   43.]
[ 433. 1286.  421.   43.  232.]
[1286.  421.   43.  232.  152.]
[421.  43. 232. 152. 901.]
[ 43. 232. 152. 901.  47.]
[232. 152. 901.  47. 136.]
[152. 901.  47. 136. 178.]
[901.  47. 136. 178.  90.]
[ 47. 136. 178.  90. 371.]
[ 136.  178.   90.  371. 1643.]
[ 178.   90.  371. 1643.  962.]
[  90.  371. 1643.  962.  215.]
[ 371. 1643.  962.  215.  195.]
[1643.  962.  215.  195.  441.]
[962. 215. 195. 441. 146.]
[215. 195. 441. 146. 246.]
[ 195.  441.  146.  246. 3013.]
[ 441.  146.  246. 3013.   48.]
[ 146.  246. 3013.   48.  329.]
[ 246. 3013.   48.  329.   72.]
[3013.   48.  329.   72.  374.]
[ 48. 329.  72. 374. 331.]
[329.  72. 374. 331.  58.]
[ 72. 374. 331.  58. 258.]
[374. 331.  58. 258. 557.]
[331.  58. 258. 557. 194.]
[ 58. 258. 557. 194. 300.]
[258. 557. 194. 300. 178.]
[557. 194. 300. 178.  73.]
[194. 300. 178.  73.  92.]
[300. 178.  73.  92. 196.]
[ 178.   73.   92.  196. 1106.]
[  73.   92.  196. 1106.  102.]
[  92.  196. 1106.  102.  111.]
[ 196. 1106.  102.  111.  176.]
[1106.  102.  111.  176.  997.]
[102. 111. 176. 997. 742.]
[111. 176. 997. 742.  89.]
[176. 997. 742.  89. 469.]
[997. 742.  89. 469.  92.]
[ 742.   89.  469.   92. 1743.]
[  89.  469.   92. 1743.  179.]
[ 469.   92. 1743.  179.  153.]
[  92. 1743.  179.  153.  205.]
[1743.  179.  153.  205.   75.]
[ 179.  153.  205.   75. 1477.]
[ 153.  205.   75. 1477. 1980.]
[ 205.   75. 1477. 1980. 1372.]
[  75. 1477. 1980. 1372.  508.]
[1477. 1980. 1372.  508.  166.]
[1980. 1372.  508.  166.   79.]
[1372.  508.  166.   79.  143.]
[508. 166.  79. 143.  72.]
[166.  79. 143.  72. 217.]
[ 79. 143.  72. 217.  59.]
[143.  72. 217.  59. 532.]
[  72.  217.   59.  532. 1318.]
[ 217.   59.  532. 1318.  204.]
[  59.  532. 1318.  204.  225.]
[ 532. 1318.  204.  225.  891.]
[1318.  204.  225.  891.  155.]
[204. 225. 891. 155. 823.]
[ 225.  891.  155.  823. 3162.]
[ 891.  155.  823. 3162.  897.]
[ 155.  823. 3162.  897.   42.]
[ 823. 3162.  897.   42.   76.]
[3162.  897.   42.   76.  129.]
[897.  42.  76. 129. 143.]
[ 42.  76. 129. 143.  78.]
[ 76. 129. 143.  78. 299.]
[ 129.  143.   78.  299. 1676.]
[ 143.   78.  299. 1676.   46.]
[  78.  299. 1676.   46. 1341.]
[ 299. 1676.   46. 1341.  409.]
[1676.   46. 1341.  409.   96.]
[  46. 1341.  409.   96.   91.]
[1341.  409.   96.   91.  371.]
[409.  96.  91. 371.   6.]
[ 96.  91. 371.   6. 494.]
[ 91. 371.   6. 494.  60.]
[371.   6. 494.  60.  96.]
[  6. 494.  60.  96. 260.]
[494.  60.  96. 260. 156.]
[ 60.  96. 260. 156. 143.]
[ 96. 260. 156. 143.  50.]
[260. 156. 143.  50. 505.]
[ 156.  143.   50.  505. 1388.]
[ 143.   50.  505. 1388.  123.]
[  50.  505. 1388.  123.   68.]
[ 505. 1388.  123.   68.   84.]
[1388.  123.   68.   84.  109.]
[ 123.   68.   84.  109. 1039.]
[  68.   84.  109. 1039.  120.]
[  84.  109. 1039.  120.  281.]
[ 109. 1039.  120.  281. 2441.]
[1039.  120.  281. 2441.   76.]
[ 120.  281. 2441.   76.   40.]
[ 281. 2441.   76.   40. 1459.]
[2441.   76.   40. 1459.   39.]
[  76.   40. 1459.   39. 1242.]
[  40. 1459.   39. 1242.   18.]
[1459.   39. 1242.   18.   35.]
[  39. 1242.   18.   35.   80.]
[1242.   18.   35.   80.  584.]
[ 18.  35.  80. 584. 905.]
[  35.   80.  584.  905. 1206.]
[  80.  584.  905. 1206.  299.]
[ 584.  905. 1206.  299.  649.]
[ 905. 1206.  299.  649.   69.]
[1206.  299.  649.   69.   55.]
[299. 649.  69.  55. 125.]
[649.  69.  55. 125.  73.]
[ 69.  55. 125.  73. 173.]
[ 55. 125.  73. 173. 615.]
[125.  73. 173. 615.  85.]
[ 73. 173. 615.  85. 329.]
[173. 615.  85. 329.  37.]
[615.  85. 329.  37. 504.]
[ 85. 329.  37. 504.  74.]
[329.  37. 504.  74.  49.]
[ 37. 504.  74.  49.  43.]
[504.  74.  49.  43.  76.]
[ 74.  49.  43.  76. 726.]
[ 49.  43.  76. 726.  30.]
[ 43.  76. 726.  30.  55.]
[ 76. 726.  30.  55.  43.]
[726.  30.  55.  43. 104.]
[ 30.  55.  43. 104.  44.]
[ 55.  43. 104.  44.  84.]
[  43.  104.   44.   84. 2596.]
[ 104.   44.   84. 2596.   67.]
[  44.   84. 2596.   67. 2879.]
[  84. 2596.   67. 2879.   99.]
[2596.   67. 2879.   99. 1582.]
[  67. 2879.   99. 1582. 3412.]
[2879.   99. 1582. 3412.  111.]
[  99. 1582. 3412.  111. 2654.]
[1582. 3412.  111. 2654.   79.]
[3412.  111. 2654.   79.   61.]
[ 111. 2654.   79.   61.   84.]
[2654.   79.   61.   84.  112.]
[  79.   61.   84.  112. 1810.]
[  61.   84.  112. 1810. 1861.]
[  84.  112. 1810. 1861.   30.]
[ 112. 1810. 1861.   30.  323.]
[1810. 1861.   30.  323.  507.]
[1861.   30.  323.  507.   55.]
[ 30. 323. 507.  55. 140.]
[323. 507.  55. 140. 121.]
[507.  55. 140. 121. 353.]
[ 55. 140. 121. 353.  82.]
[140. 121. 353.  82. 120.]
[121. 353.  82. 120.  69.]
[353.  82. 120.  69.  15.]
[  82.  120.   69.   15. 1794.]
[ 120.   69.   15. 1794.   92.]
[  69.   15. 1794.   92.  184.]
[  15. 1794.   92.  184. 1339.]
[1794.   92.  184. 1339.  377.]
[  92.  184. 1339.  377.  328.]
[ 184. 1339.  377.  328.   41.]
[1339.  377.  328.   41.  150.]
[377. 328.  41. 150.  79.]
[328.  41. 150.  79. 239.]
[ 41. 150.  79. 239. 735.]
[150.  79. 239. 735. 365.]
[  79.  239.  735.  365. 1780.]
[ 239.  735.  365. 1780.  905.]
[ 735.  365. 1780.  905.  168.]
[ 365. 1780.  905.  168.  455.]
[1780.  905.  168.  455.  303.]
[ 905.  168.  455.  303. 3231.]
[ 168.  455.  303. 3231. 1566.]
[ 455.  303. 3231. 1566.  378.]
[ 303. 3231. 1566.  378.   65.]
[3231. 1566.  378.   65.  201.]
[1566.  378.   65.  201.  263.]
[378.  65. 201. 263. 106.]
[ 65. 201. 263. 106. 164.]
[201. 263. 106. 164. 317.]
[ 263.  106.  164.  317. 1790.]
[ 106.  164.  317. 1790.   64.]
[ 164.  317. 1790.   64.   71.]
[ 317. 1790.   64.   71.   83.]
[1790.   64.   71.   83.  234.]
[ 64.  71.  83. 234. 250.]
[ 71.  83. 234. 250. 246.]
[ 83. 234. 250. 246. 115.]
[234. 250. 246. 115.  77.]
[250. 246. 115.  77.  57.]
[246. 115.  77.  57. 164.]
[115.  77.  57. 164.  80.]
[ 77.  57. 164.  80. 338.]
[ 57. 164.  80. 338. 346.]
[164.  80. 338. 346.  95.]
[ 80. 338. 346.  95. 218.]
[338. 346.  95. 218. 101.]
[346.  95. 218. 101. 173.]
[ 95. 218. 101. 173.  72.]
[218. 101. 173.  72.  31.]
[101. 173.  72.  31. 121.]
[173.  72.  31. 121. 345.]
[ 72.  31. 121. 345. 104.]
[ 31. 121. 345. 104. 629.]
[121. 345. 104. 629. 651.]
[345. 104. 629. 651. 211.]
[104. 629. 651. 211. 131.]
[ 629.  651.  211.  131. 3486.]
[ 651.  211.  131. 3486.  425.]
[ 211.  131. 3486.  425.  166.]
[1.310e+02 3.486e+03 4.250e+02 1.660e+02 3.000e+00]
[3.486e+03 4.250e+02 1.660e+02 3.000e+00 7.500e+01]
[425. 166.   3.  75. 265.]
[166.   3.  75. 265. 417.]
[  3.  75. 265. 417. 200.]
[ 75. 265. 417. 200.  90.]
[265. 417. 200.  90. 195.]
[417. 200.  90. 195. 262.]
[200.  90. 195. 262.  57.]
[ 90. 195. 262.  57. 146.]
[195. 262.  57. 146. 112.]
[262.  57. 146. 112. 181.]
[ 57. 146. 112. 181.  61.]
[146. 112. 181.  61. 547.]
[112. 181.  61. 547.  62.]
[181.  61. 547.  62.  76.]
[ 61. 547.  62.  76. 761.]
[547.  62.  76. 761.  57.]
[ 62.  76. 761.  57.  85.]
[ 76. 761.  57.  85.  42.]
[761.  57.  85.  42.  28.]
[  57.   85.   42.   28. 1968.]
[  85.   42.   28. 1968.   61.]
[  42.   28. 1968.   61.   90.]
[  28. 1968.   61.   90.  103.]
[1968.   61.   90.  103.  137.]
[  61.   90.  103.  137. 3942.]
[  90.  103.  137. 3942.  104.]
[ 103.  137. 3942.  104.  583.]
[ 137. 3942.  104.  583.  593.]
[3942.  104.  583.  593.   60.]
[104. 583. 593.  60. 276.]
[ 583.  593.   60.  276. 1238.]
[ 593.   60.  276. 1238.  157.]
[  60.  276. 1238.  157.  120.]
[ 276. 1238.  157.  120.   94.]
[1238.  157.  120.   94.  379.]
[157. 120.  94. 379. 137.]
[120.  94. 379. 137.   4.]
[ 94. 379. 137.   4.  83.]
[379. 137.   4.  83. 220.]
[137.   4.  83. 220. 719.]
[  4.  83. 220. 719. 635.]
[ 83. 220. 719. 635.  79.]
[220. 719. 635.  79. 623.]
[ 719.  635.   79.  623. 1316.]
[ 635.   79.  623. 1316.  206.]
[  79.  623. 1316.  206. 3100.]
[ 623. 1316.  206. 3100.  104.]
[1316.  206. 3100.  104.   27.]
[ 206. 3100.  104.   27.  186.]
[3100.  104.   27.  186.  329.]
[ 104.   27.  186.  329. 1150.]
[  27.  186.  329. 1150.   82.]
[ 186.  329. 1150.   82.  157.]
[ 329. 1150.   82.  157.  101.]
[1150.   82.  157.  101.  129.]
[ 82. 157. 101. 129. 583.]
[157. 101. 129. 583. 267.]
[101. 129. 583. 267.  13.]
[129. 583. 267.  13. 204.]
[583. 267.  13. 204. 157.]
[267.  13. 204. 157.  67.]
[ 13. 204. 157.  67. 234.]
[204. 157.  67. 234. 173.]
[157.  67. 234. 173. 117.]
[ 67. 234. 173. 117. 229.]
[234. 173. 117. 229. 373.]
[173. 117. 229. 373. 167.]
[117. 229. 373. 167. 241.]
[229. 373. 167. 241. 155.]
[373. 167. 241. 155.  97.]
[ 167.  241.  155.   97. 1236.]
[ 241.  155.   97. 1236. 1799.]
[ 155.   97. 1236. 1799.  298.]
[  97. 1236. 1799.  298.  246.]
[1236. 1799.  298.  246. 1228.]
[1799.  298.  246. 1228.   51.]
[ 298.  246. 1228.   51.  191.]
[ 246. 1228.   51.  191.  217.]
[1228.   51.  191.  217. 3854.]
[  51.  191.  217. 3854. 1613.]
[ 191.  217. 3854. 1613.  354.]
[ 217. 3854. 1613.  354.  181.]
[3854. 1613.  354.  181.  115.]
[1613.  354.  181.  115.  102.]
[354. 181. 115. 102. 102.]
[181. 115. 102. 102. 195.]
[115. 102. 102. 195.  40.]
[102. 102. 195.  40.  80.]
[ 102.  195.   40.   80. 1444.]
[ 195.   40.   80. 1444.  142.]
[  40.   80. 1444.  142.  119.]
[  80. 1444.  142.  119.  253.]
[1444.  142.  119.  253. 1983.]
[ 142.  119.  253. 1983.  997.]
[ 119.  253. 1983.  997.  628.]
[ 253. 1983.  997.  628.   68.]
[1983.  997.  628.   68.   70.]
[997. 628.  68.  70.   0.]
[628.  68.  70.   0.  57.]
[ 68.  70.   0.  57. 295.]
[ 70.   0.  57. 295. 214.]
[  0.  57. 295. 214. 169.]
[ 57. 295. 214. 169. 144.]
[295. 214. 169. 144. 240.]
[214. 169. 144. 240.  98.]
[169. 144. 240.  98. 206.]
[144. 240.  98. 206. 187.]
[240.  98. 206. 187.  43.]
[  98.  206.  187.   43. 2683.]
[ 206.  187.   43. 2683.  687.]
[ 187.   43. 2683.  687.  115.]
[  43. 2683.  687.  115.  342.]
[2683.  687.  115.  342.  122.]
[ 687.  115.  342.  122. 1042.]
[ 115.  342.  122. 1042.   74.]
[ 342.  122. 1042.   74.  146.]
[ 122. 1042.   74.  146.   61.]
[1042.   74.  146.   61.  849.]
[ 74. 146.  61. 849. 596.]
[146.  61. 849. 596. 150.]
[ 61. 849. 596. 150. 166.]
[849. 596. 150. 166. 310.]
[ 596.  150.  166.  310. 1254.]
[ 150.  166.  310. 1254.  293.]
[ 166.  310. 1254.  293.  284.]
[ 310. 1254.  293.  284.   81.]
[1254.  293.  284.   81.   16.]
[293. 284.  81.  16.  44.]
[284.  81.  16.  44.  53.]
[ 81.  16.  44.  53. 253.]
[ 16.  44.  53. 253.   1.]
[ 44.  53. 253.   1. 966.]
[5.300e+01 2.530e+02 1.000e+00 9.660e+02 1.013e+03]
[2.530e+02 1.000e+00 9.660e+02 1.013e+03 1.940e+02]
[1.000e+00 9.660e+02 1.013e+03 1.940e+02 1.970e+02]
[ 966. 1013.  194.  197.  367.]
[1013.  194.  197.  367.  830.]
[194. 197. 367. 830. 247.]
[197. 367. 830. 247. 180.]
[367. 830. 247. 180. 119.]
[830. 247. 180. 119.  57.]
[247. 180. 119.  57.  93.]
[180. 119.  57.  93. 375.]
[119.  57.  93. 375. 289.]
[ 57.  93. 375. 289.  78.]
[ 93. 375. 289.  78. 177.]
[375. 289.  78. 177. 208.]
[289.  78. 177. 208. 165.]
[ 78. 177. 208. 165. 227.]
[177. 208. 165. 227. 151.]
[208. 165. 227. 151.  52.]
[165. 227. 151.  52. 135.]
[227. 151.  52. 135. 225.]
[151.  52. 135. 225. 122.]
[ 52. 135. 225. 122. 119.]
[135. 225. 122. 119. 214.]
[225. 122. 119. 214. 299.]
[122. 119. 214. 299. 187.]
[ 119.  214.  299.  187. 1051.]
[ 214.  299.  187. 1051.  109.]
[ 299.  187. 1051.  109.  136.]
[ 187. 1051.  109.  136. 3105.]
[1051.  109.  136. 3105.   21.]
[ 109.  136. 3105.   21.   87.]
[ 136. 3105.   21.   87.   87.]
[3105.   21.   87.   87.  276.]
[ 21.  87.  87. 276. 130.]
[ 87.  87. 276. 130.  22.]
[ 87. 276. 130.  22. 330.]
[276. 130.  22. 330. 206.]
[130.  22. 330. 206. 275.]
[  22.  330.  206.  275. 2392.]
[ 330.  206.  275. 2392.   42.]
[ 206.  275. 2392.   42.  150.]
[ 275. 2392.   42.  150.   65.]
[2392.   42.  150.   65.  122.]
[ 42. 150.  65. 122. 220.]
[ 150.   65.  122.  220. 2311.]
[  65.  122.  220. 2311.   40.]
[ 122.  220. 2311.   40.  907.]
[ 220. 2311.   40.  907. 3633.]
[2311.   40.  907. 3633. 3493.]
[  40.  907. 3633. 3493. 1649.]
[ 907. 3633. 3493. 1649.   30.]
[3633. 3493. 1649.   30.  202.]
[3493. 1649.   30.  202.   93.]
[1649.   30.  202.   93.  113.]
[  30.  202.   93.  113. 1234.]
[ 202.   93.  113. 1234.  173.]
[  93.  113. 1234.  173.   79.]
[ 113. 1234.  173.   79.  208.]
[1234.  173.   79.  208.  214.]
[173.  79. 208. 214. 161.]
[ 79. 208. 214. 161. 138.]
[208. 214. 161. 138. 154.]
[214. 161. 138. 154. 191.]
[161. 138. 154. 191.  52.]
[138. 154. 191.  52. 265.]
[154. 191.  52. 265. 184.]
[191.  52. 265. 184.  34.]
[ 52. 265. 184.  34. 250.]
[265. 184.  34. 250. 995.]
[184.  34. 250. 995. 160.]
[ 34. 250. 995. 160. 134.]
[ 250.  995.  160.  134. 2627.]
[ 995.  160.  134. 2627.  216.]
[ 160.  134. 2627.  216.  133.]
[ 134. 2627.  216.  133.  140.]
[2627.  216.  133.  140.  196.]
[216. 133. 140. 196. 195.]
[133. 140. 196. 195.  79.]
[140. 196. 195.  79. 329.]
[196. 195.  79. 329. 132.]
[195.  79. 329. 132.  98.]
[ 79. 329. 132.  98. 178.]
[329. 132.  98. 178. 116.]
[132.  98. 178. 116. 304.]
[ 98. 178. 116. 304. 119.]
[178. 116. 304. 119. 438.]
[116. 304. 119. 438. 133.]
[304. 119. 438. 133. 770.]
[119. 438. 133. 770. 186.]
[438. 133. 770. 186.  54.]
[133. 770. 186.  54. 679.]
[770. 186.  54. 679. 227.]
[186.  54. 679. 227.  82.]
[ 54. 679. 227.  82. 463.]
[679. 227.  82. 463.  63.]
[227.  82. 463.  63.  88.]
[ 82. 463.  63.  88. 221.]
[463.  63.  88. 221. 165.]
[ 63.  88. 221. 165. 521.]
[ 88. 221. 165. 521. 150.]
[221. 165. 521. 150.  42.]
[165. 521. 150.  42.  89.]
[521. 150.  42.  89. 228.]
[150.  42.  89. 228. 200.]
[ 42.  89. 228. 200.  95.]
[ 89. 228. 200.  95.  70.]
[228. 200.  95.  70. 313.]
[200.  95.  70. 313. 610.]
[ 95.  70. 313. 610. 198.]
[ 70. 313. 610. 198.  24.]
[313. 610. 198.  24. 136.]
[610. 198.  24. 136. 226.]
[198.  24. 136. 226. 235.]
[ 24. 136. 226. 235. 351.]
[ 136.  226.  235.  351. 1130.]
[ 226.  235.  351. 1130.   11.]
[ 235.  351. 1130.   11.   76.]
[ 351. 1130.   11.   76.   96.]
[1130.   11.   76.   96.  501.]
[ 11.  76.  96. 501. 329.]
[ 76.  96. 501. 329.  83.]
[ 96. 501. 329.  83.  85.]
[501. 329.  83.  85.  92.]
[329.  83.  85.  92. 269.]
[ 83.  85.  92. 269. 287.]
[ 85.  92. 269. 287. 114.]
[ 92. 269. 287. 114. 582.]
[269. 287. 114. 582. 149.]
[287. 114. 582. 149.  86.]
[114. 582. 149.  86. 108.]
[ 582.  149.   86.  108. 3776.]
[ 149.   86.  108. 3776.  166.]
[  86.  108. 3776.  166.  266.]
[ 108. 3776.  166.  266.  155.]
[3776.  166.  266.  155.  170.]
[166. 266. 155. 170. 370.]
[266. 155. 170. 370. 188.]
[155. 170. 370. 188. 372.]
[170. 370. 188. 372.  53.]
[370. 188. 372.  53.  98.]
[ 188.  372.   53.   98. 1182.]
[ 372.   53.   98. 1182.   29.]
[  53.   98. 1182.   29.  128.]
[  98. 1182.   29.  128.  150.]
[1182.   29.  128.  150.   45.]
[  29.  128.  150.   45. 1329.]
[ 128.  150.   45. 1329.  304.]
[ 150.   45. 1329.  304.  240.]
[  45. 1329.  304.  240.  466.]
[1329.  304.  240.  466.  656.]
[304. 240. 466. 656.  74.]
[ 240.  466.  656.   74. 2137.]
[ 466.  656.   74. 2137.   67.]
[ 656.   74. 2137.   67.   34.]
[  74. 2137.   67.   34.  643.]
[2137.   67.   34.  643. 1498.]
[  67.   34.  643. 1498.   48.]
[  34.  643. 1498.   48.  500.]
[ 643. 1498.   48.  500.  106.]
[1498.   48.  500.  106.  563.]
[ 48. 500. 106. 563.  77.]
[500. 106. 563.  77. 243.]
[106. 563.  77. 243. 191.]
[563.  77. 243. 191. 323.]
[ 77. 243. 191. 323. 412.]
[243. 191. 323. 412. 131.]
[191. 323. 412. 131.  65.]
[323. 412. 131.  65.  79.]
[412. 131.  65.  79. 410.]
[131.  65.  79. 410. 107.]
[ 65.  79. 410. 107. 136.]
[ 79. 410. 107. 136. 461.]
[410. 107. 136. 461.  52.]
[107. 136. 461.  52.  46.]
[136. 461.  52.  46. 285.]
[461.  52.  46. 285. 221.]
[ 52.  46. 285. 221. 225.]
[  46.  285.  221.  225. 2233.]
[ 285.  221.  225. 2233.  439.]
[ 221.  225. 2233.  439.    0.]
[ 225. 2233.  439.    0.  329.]
[2233.  439.    0.  329.   82.]
[439.   0. 329.  82. 148.]
[  0. 329.  82. 148. 889.]
[329.  82. 148. 889. 142.]
[ 82. 148. 889. 142.  47.]
[148. 889. 142.  47.  40.]
[889. 142.  47.  40. 445.]
[ 142.   47.   40.  445. 1569.]
[  47.   40.  445. 1569.   73.]
[  40.  445. 1569.   73.  610.]
[ 445. 1569.   73.  610.   62.]
[1569.   73.  610.   62.   69.]
[ 73. 610.  62.  69. 145.]
[610.  62.  69. 145.  91.]
[ 62.  69. 145.  91. 120.]
[ 69. 145.  91. 120. 870.]
[ 145.   91.  120.  870. 2429.]
[  91.  120.  870. 2429.  131.]
[ 120.  870. 2429.  131.   99.]
[ 870. 2429.  131.   99.  225.]
[2429.  131.   99.  225.  171.]
[131.  99. 225. 171. 105.]
[ 99. 225. 171. 105. 785.]
[225. 171. 105. 785. 703.]
[171. 105. 785. 703.  71.]
[105. 785. 703.  71. 159.]
[785. 703.  71. 159.  93.]
[703.  71. 159.  93. 233.]
[ 71. 159.  93. 233.  62.]
[159.  93. 233.  62.  83.]
[  93.  233.   62.   83. 1319.]
[ 233.   62.   83. 1319.  127.]
[  62.   83. 1319.  127.  199.]
[  83. 1319.  127.  199.  320.]
[1319.  127.  199.  320.  162.]
[127. 199. 320. 162. 113.]
[ 199.  320.  162.  113. 1066.]
[ 320.  162.  113. 1066.  708.]
[ 162.  113. 1066.  708.   67.]
[ 113. 1066.  708.   67.   65.]
[1066.  708.   67.   65.  388.]
[708.  67.  65. 388. 687.]
[ 67.  65. 388. 687.  53.]
[ 65. 388. 687.  53.  74.]
[ 388.  687.   53.   74. 2744.]
[ 687.   53.   74. 2744.   97.]
[  53.   74. 2744.   97.   63.]
[  74. 2744.   97.   63.  128.]
[2744.   97.   63.  128.  161.]
[ 97.  63. 128. 161. 103.]
[ 63. 128. 161. 103.  11.]
[128. 161. 103.  11. 101.]
[161. 103.  11. 101. 161.]
[103.  11. 101. 161. 130.]
[ 11. 101. 161. 130. 146.]
[ 101.  161.  130.  146. 1882.]
[ 161.  130.  146. 1882.   26.]
[ 130.  146. 1882.   26.  138.]
[ 146. 1882.   26.  138.  120.]
[1882.   26.  138.  120.  260.]
[ 26. 138. 120. 260. 112.]
[138. 120. 260. 112. 122.]
[120. 260. 112. 122. 408.]
[260. 112. 122. 408. 990.]
[112. 122. 408. 990. 135.]
[122. 408. 990. 135. 183.]
[408. 990. 135. 183.  99.]
[ 990.  135.  183.   99. 1064.]
[ 135.  183.   99. 1064.  182.]
[ 183.   99. 1064.  182.  167.]
[  99. 1064.  182.  167.  105.]
[1064.  182.  167.  105. 3085.]
[ 182.  167.  105. 3085.   71.]
[ 167.  105. 3085.   71.  421.]
[ 105. 3085.   71.  421. 1768.]
[3085.   71.  421. 1768.  103.]
[  71.  421. 1768.  103.  118.]
[ 421. 1768.  103.  118.  292.]
[1768.  103.  118.  292.   10.]
[103. 118. 292.  10. 130.]
[118. 292.  10. 130. 122.]
[292.  10. 130. 122.  49.]
[ 10. 130. 122.  49. 204.]
[130. 122.  49. 204.  46.]
[122.  49. 204.  46. 171.]
[ 49. 204.  46. 171.  58.]
[204.  46. 171.  58. 261.]
[ 46. 171.  58. 261. 303.]
[171.  58. 261. 303. 114.]
[ 58. 261. 303. 114. 150.]
[261. 303. 114. 150. 108.]
[303. 114. 150. 108. 769.]
[114. 150. 108. 769. 417.]
[150. 108. 769. 417. 171.]
[108. 769. 417. 171. 139.]
[769. 417. 171. 139.  45.]
[417. 171. 139.  45.  36.]
[171. 139.  45.  36. 340.]
[139.  45.  36. 340.  43.]
[ 45.  36. 340.  43. 112.]
[ 36. 340.  43. 112. 119.]
[340.  43. 112. 119. 109.]
[ 43. 112. 119. 109.  40.]
[112. 119. 109.  40. 143.]
[119. 109.  40. 143. 770.]
[109.  40. 143. 770.  95.]
[ 40. 143. 770.  95. 200.]
[143. 770.  95. 200. 665.]
[770.  95. 200. 665. 203.]
[ 95. 200. 665. 203. 121.]
[200. 665. 203. 121. 153.]
[665. 203. 121. 153. 165.]
[203. 121. 153. 165.  33.]
[121. 153. 165.  33. 128.]
[153. 165.  33. 128. 383.]
[165.  33. 128. 383.  92.]
[ 33. 128. 383.  92. 145.]
[128. 383.  92. 145. 136.]
[383.  92. 145. 136. 221.]
[  92.  145.  136.  221. 2224.]
[ 145.  136.  221. 2224.   50.]
[ 136.  221. 2224.   50.   68.]
[ 221. 2224.   50.   68.  704.]
[2224.   50.   68.  704.  100.]
[  50.   68.  704.  100. 1415.]
[  68.  704.  100. 1415.   66.]
[ 704.  100. 1415.   66.  334.]
[ 100. 1415.   66.  334.   12.]
[1415.   66.  334.   12.  376.]
[ 66. 334.  12. 376.  68.]
[334.  12. 376.  68.  40.]
[ 12. 376.  68.  40. 319.]
[376.  68.  40. 319.  40.]
[ 68.  40. 319.  40.  26.]
[ 40. 319.  40.  26. 117.]
[319.  40.  26. 117. 149.]
[ 40.  26. 117. 149.  60.]
[ 26. 117. 149.  60. 134.]
[117. 149.  60. 134. 214.]
[149.  60. 134. 214.  41.]
[ 60. 134. 214.  41. 136.]
[134. 214.  41. 136. 131.]
[214.  41. 136. 131.  41.]
[ 41. 136. 131.  41. 186.]
[136. 131.  41. 186.  31.]
[131.  41. 186.  31. 127.]
[ 41. 186.  31. 127. 250.]
[186.  31. 127. 250. 176.]
[ 31. 127. 250. 176. 175.]
[127. 250. 176. 175. 232.]
[250. 176. 175. 232.  43.]
[ 176.  175.  232.   43. 1220.]
[ 175.  232.   43. 1220.   43.]
[ 232.   43. 1220.   43.  647.]
[  43. 1220.   43.  647.  157.]
[1220.   43.  647.  157.   40.]
[ 43. 647. 157.  40. 197.]
[647. 157.  40. 197.  64.]
[157.  40. 197.  64.  98.]
[ 40. 197.  64.  98.  55.]
[197.  64.  98.  55. 599.]
[ 64.  98.  55. 599. 102.]
[ 98.  55. 599. 102. 173.]
[ 55. 599. 102. 173. 226.]
[599. 102. 173. 226.  66.]
[102. 173. 226.  66. 163.]
[173. 226.  66. 163. 150.]
[226.  66. 163. 150. 133.]
[ 66. 163. 150. 133.  68.]
[163. 150. 133.  68. 217.]
[150. 133.  68. 217. 152.]
[133.  68. 217. 152. 129.]
[ 68. 217. 152. 129. 143.]
[ 217.  152.  129.  143. 3824.]
[ 152.  129.  143. 3824.  147.]
[ 129.  143. 3824.  147.   93.]
[ 143. 3824.  147.   93. 2663.]
[3824.  147.   93. 2663. 2947.]
[ 147.   93. 2663. 2947.  218.]
[  93. 2663. 2947.  218.  505.]
[2663. 2947.  218.  505.  765.]
[2947.  218.  505.  765.  175.]
[218. 505. 765. 175. 738.]
[505. 765. 175. 738. 104.]
[765. 175. 738. 104. 143.]
[175. 738. 104. 143. 373.]
[738. 104. 143. 373. 364.]
[104. 143. 373. 364. 117.]
[ 143.  373.  364.  117. 2428.]
[ 373.  364.  117. 2428.  218.]
[ 364.  117. 2428.  218. 2141.]
[ 117. 2428.  218. 2141.  778.]
[2428.  218. 2141.  778.  176.]
[ 218. 2141.  778.  176.   78.]
[2141.  778.  176.   78.  322.]
[778. 176.  78. 322. 177.]
[176.  78. 322. 177.  63.]
[ 78. 322. 177.  63.  52.]
[322. 177.  63.  52. 169.]
[177.  63.  52. 169. 150.]
[ 63.  52. 169. 150.  89.]
[ 52. 169. 150.  89. 896.]
[169. 150.  89. 896. 141.]
[150.  89. 896. 141.  66.]
[  89.  896.  141.   66. 1174.]
[ 896.  141.   66. 1174.  316.]
[ 141.   66. 1174.  316.  128.]
[  66. 1174.  316.  128.  473.]
[1174.  316.  128.  473.  140.]
[316. 128. 473. 140. 166.]
[128. 473. 140. 166.  70.]
[473. 140. 166.  70. 332.]
[140. 166.  70. 332. 953.]
[166.  70. 332. 953.   4.]
[ 70. 332. 953.   4. 230.]
[332. 953.   4. 230.  69.]
[953.   4. 230.  69. 213.]
[  4. 230.  69. 213.  46.]
[230.  69. 213.  46. 230.]
[ 69. 213.  46. 230. 100.]
[213.  46. 230. 100. 168.]
[  46.  230.  100.  168. 1217.]
[ 230.  100.  168. 1217.   57.]
[ 100.  168. 1217.   57.   80.]
[ 168. 1217.   57.   80.   64.]
[1217.   57.   80.   64. 3445.]
[  57.   80.   64. 3445.  245.]
[  80.   64. 3445.  245. 3857.]
[  64. 3445.  245. 3857.   99.]
[3445.  245. 3857.   99. 1196.]
[ 245. 3857.   99. 1196.  219.]
[3857.   99. 1196.  219. 1025.]
[  99. 1196.  219. 1025.   35.]
[1196.  219. 1025.   35. 1347.]
[ 219. 1025.   35. 1347.   83.]
[1025.   35. 1347.   83.   93.]
[  35. 1347.   83.   93.  124.]
[1347.   83.   93.  124.  273.]
[ 83.  93. 124. 273.  46.]
[ 93. 124. 273.  46. 158.]
[124. 273.  46. 158. 102.]
[273.  46. 158. 102. 170.]
[ 46. 158. 102. 170. 227.]
[158. 102. 170. 227. 111.]
[102. 170. 227. 111. 305.]
[170. 227. 111. 305.  45.]
[ 227.  111.  305.   45. 1110.]
[ 111.  305.   45. 1110.   29.]
[ 305.   45. 1110.   29.  320.]
[  45. 1110.   29.  320.   67.]
[1110.   29.  320.   67.   65.]
[ 29. 320.  67.  65.  23.]
[320.  67.  65.  23. 128.]
[ 67.  65.  23. 128.  60.]
[ 65.  23. 128.  60. 239.]
[ 23. 128.  60. 239. 453.]
[128.  60. 239. 453. 197.]
[ 60. 239. 453. 197. 114.]
[239. 453. 197. 114.  20.]
[453. 197. 114.  20.  91.]
[197. 114.  20.  91.  86.]
[114.  20.  91.  86. 276.]
[  20.   91.   86.  276. 1142.]
[  91.   86.  276. 1142.  856.]
[  86.  276. 1142.  856.  183.]
[ 276. 1142.  856.  183.  121.]
[1142.  856.  183.  121. 1761.]
[ 856.  183.  121. 1761.   90.]
[ 183.  121. 1761.   90.  108.]
[ 121. 1761.   90.  108.  119.]
[1761.   90.  108.  119.  152.]
[ 90. 108. 119. 152.   8.]
[108. 119. 152.   8. 179.]
[119. 152.   8. 179. 113.]
[152.   8. 179. 113. 185.]
[   8.  179.  113.  185. 2338.]
[ 179.  113.  185. 2338.  117.]
[ 113.  185. 2338.  117. 2285.]
[ 185. 2338.  117. 2285.  208.]
[2338.  117. 2285.  208.  120.]
[ 117. 2285.  208.  120.  236.]
[2285.  208.  120.  236.  619.]
[208. 120. 236. 619.  36.]
[ 120.  236.  619.   36. 1000.]
[ 236.  619.   36. 1000.  256.]
[ 619.   36. 1000.  256.   42.]
[  36. 1000.  256.   42.   45.]
[1000.  256.   42.   45.  248.]
[256.  42.  45. 248. 148.]
[ 42.  45. 248. 148. 935.]
[ 45. 248. 148. 935. 338.]
[248. 148. 935. 338. 105.]
[148. 935. 338. 105.  79.]
[ 935.  338.  105.   79. 2169.]
[ 338.  105.   79. 2169. 1070.]
[ 105.   79. 2169. 1070.  710.]
[  79. 2169. 1070.  710.  591.]
[2169. 1070.  710.  591.  984.]
[1070.  710.  591.  984.  281.]
[710. 591. 984. 281. 130.]
[591. 984. 281. 130. 698.]
[ 984.  281.  130.  698. 2255.]
[ 281.  130.  698. 2255.  147.]
[ 130.  698. 2255.  147.  305.]
[ 698. 2255.  147.  305.   88.]
[2255.  147.  305.   88.  149.]
[ 147.  305.   88.  149. 1554.]
[ 305.   88.  149. 1554.   48.]
[  88.  149. 1554.   48.   62.]
[ 149. 1554.   48.   62.  141.]
[1554.   48.   62.  141.  250.]
[ 48.  62. 141. 250. 174.]
[ 62. 141. 250. 174. 769.]
[141. 250. 174. 769. 471.]
[250. 174. 769. 471.  85.]
[174. 769. 471.  85. 305.]
[769. 471.  85. 305. 553.]
[471.  85. 305. 553. 168.]
[ 85. 305. 553. 168. 161.]
[305. 553. 168. 161. 142.]
[553. 168. 161. 142. 134.]
[ 168.  161.  142.  134. 1475.]
[ 161.  142.  134. 1475.    7.]
[ 142.  134. 1475.    7.  187.]
[ 134. 1475.    7.  187.  243.]
[1475.    7.  187.  243.  492.]
[  7. 187. 243. 492. 348.]
[ 187.  243.  492.  348. 1680.]
[ 243.  492.  348. 1680.   93.]
[ 492.  348. 1680.   93.   48.]
[ 348. 1680.   93.   48.   46.]
[1680.   93.   48.   46.  112.]
[ 93.  48.  46. 112. 369.]
[ 48.  46. 112. 369. 154.]
[ 46. 112. 369. 154. 163.]
[112. 369. 154. 163.  71.]
[369. 154. 163.  71.  96.]
[ 154.  163.   71.   96. 1113.]
[ 163.   71.   96. 1113.  217.]
[  71.   96. 1113.  217.  183.]
[  96. 1113.  217.  183.  132.]
[1113.  217.  183.  132.  117.]
[217. 183. 132. 117. 701.]
[183. 132. 117. 701. 147.]
[132. 117. 701. 147.  82.]
[117. 701. 147.  82. 245.]
[701. 147.  82. 245. 119.]
[147.  82. 245. 119.  71.]
[ 82. 245. 119.  71.  88.]
[245. 119.  71.  88. 395.]
[119.  71.  88. 395. 229.]
[ 71.  88. 395. 229. 226.]
[ 88. 395. 229. 226.  15.]
[395. 229. 226.  15.  64.]
[229. 226.  15.  64.  84.]
[ 226.   15.   64.   84. 1283.]
[  15.   64.   84. 1283. 3809.]
[  64.   84. 1283. 3809.  111.]
[  84. 1283. 3809.  111.  803.]
[1283. 3809.  111.  803.  114.]
[3809.  111.  803.  114. 3672.]
[ 111.  803.  114. 3672.  159.]
[ 803.  114. 3672.  159.  151.]
[ 114. 3672.  159.  151.   56.]
[3672.  159.  151.   56. 1729.]
[ 159.  151.   56. 1729.   97.]
[ 151.   56. 1729.   97.  111.]
[  56. 1729.   97.  111.  121.]
[1729.   97.  111.  121.  127.]
[ 97. 111. 121. 127. 100.]
[111. 121. 127. 100.  39.]
[121. 127. 100.  39. 476.]
[127. 100.  39. 476. 145.]
[100.  39. 476. 145.  96.]
[ 39. 476. 145.  96.  33.]
[476. 145.  96.  33.  74.]
[145.  96.  33.  74. 124.]
[ 96.  33.  74. 124. 259.]
[  33.   74.  124.  259. 1381.]
[  74.  124.  259. 1381.   89.]
[ 124.  259. 1381.   89.  102.]
[ 259. 1381.   89.  102.  928.]
[1381.   89.  102.  928.  110.]
[ 89. 102. 928. 110.  18.]
[102. 928. 110.  18. 140.]
[928. 110.  18. 140.  89.]
[110.  18. 140.  89. 155.]
[  18.  140.   89.  155. 1294.]
[ 140.   89.  155. 1294.  533.]
[  89.  155. 1294.  533.   32.]
[ 155. 1294.  533.   32.  165.]
[1294.  533.   32.  165.  967.]
[ 533.   32.  165.  967. 1102.]
[  32.  165.  967. 1102.  112.]
[ 165.  967. 1102.  112.  128.]
[ 967. 1102.  112.  128.  702.]
[1102.  112.  128.  702.  103.]
[112. 128. 702. 103. 173.]
[128. 702. 103. 173. 178.]
[702. 103. 173. 178.  95.]
[103. 173. 178.  95.   0.]
[173. 178.  95.   0. 811.]
[178.  95.   0. 811.  87.]
[ 95.   0. 811.  87. 146.]
[  0. 811.  87. 146. 132.]
[811.  87. 146. 132.   1.]
[ 87. 146. 132.   1.  48.]
[1.46e+02 1.32e+02 1.00e+00 4.80e+01 2.68e+03]
[1.32e+02 1.00e+00 4.80e+01 2.68e+03 5.85e+02]
[1.000e+00 4.800e+01 2.680e+03 5.850e+02 1.542e+03]
[  48. 2680.  585. 1542.  141.]
[2680.  585. 1542.  141.   67.]
[ 585. 1542.  141.   67.  197.]
[1542.  141.   67.  197.  162.]
[141.  67. 197. 162. 156.]
[ 67. 197. 162. 156.  94.]
[197. 162. 156.  94. 191.]
[162. 156.  94. 191. 120.]
[156.  94. 191. 120. 228.]
[ 94. 191. 120. 228. 112.]
[ 191.  120.  228.  112. 1641.]
[ 120.  228.  112. 1641.  127.]
[ 228.  112. 1641.  127. 3607.]
[ 112. 1641.  127. 3607.  509.]
[1641.  127. 3607.  509.  108.]
[ 127. 3607.  509.  108.  964.]
[3607.  509.  108.  964.  147.]
[509. 108. 964. 147. 345.]
[108. 964. 147. 345.  91.]
[964. 147. 345.  91. 926.]
[147. 345.  91. 926. 129.]
[345.  91. 926. 129.  64.]
[ 91. 926. 129.  64.  54.]
[926. 129.  64.  54.   8.]
[129.  64.  54.   8. 256.]
[ 64.  54.   8. 256. 103.]
[ 54.   8. 256. 103. 235.]
[  8. 256. 103. 235. 364.]
[256. 103. 235. 364. 125.]
[103. 235. 364. 125.  48.]
[235. 364. 125.  48. 160.]
[364. 125.  48. 160. 190.]
[125.  48. 160. 190.  93.]
[  48.  160.  190.   93. 3402.]
[ 160.  190.   93. 3402.   35.]
[ 190.   93. 3402.   35.   42.]
[  93. 3402.   35.   42. 1141.]
[3402.   35.   42. 1141.   95.]
[  35.   42. 1141.   95.   44.]
[  42. 1141.   95.   44.  140.]
[1141.   95.   44.  140.  167.]
[  95.   44.  140.  167. 1127.]
[  44.  140.  167. 1127. 1935.]
[ 140.  167. 1127. 1935.  158.]
[ 167. 1127. 1935.  158.  842.]
[1127. 1935.  158.  842.  268.]
[1935.  158.  842.  268.  892.]
[158. 842. 268. 892.  87.]
[842. 268. 892.  87.  70.]
[268. 892.  87.  70. 199.]
[892.  87.  70. 199. 202.]
[ 87.  70. 199. 202. 179.]
[ 70. 199. 202. 179. 217.]
[199. 202. 179. 217. 167.]
[202. 179. 217. 167. 156.]
[179. 217. 167. 156. 201.]
[217. 167. 156. 201. 220.]
[167. 156. 201. 220.  55.]
[156. 201. 220.  55.  41.]
[201. 220.  55.  41. 142.]
[220.  55.  41. 142. 161.]
[ 55.  41. 142. 161.  29.]
[ 41. 142. 161.  29. 144.]
[142. 161.  29. 144. 229.]
[161.  29. 144. 229. 120.]
[ 29. 144. 229. 120. 984.]
[144. 229. 120. 984. 153.]
[229. 120. 984. 153. 234.]
[120. 984. 153. 234. 182.]
[984. 153. 234. 182. 135.]
[153. 234. 182. 135.  80.]
[234. 182. 135.  80.  49.]
[182. 135.  80.  49. 173.]
[135.  80.  49. 173.  44.]
[ 80.  49. 173.  44. 104.]
[ 49. 173.  44. 104. 101.]
[173.  44. 104. 101. 112.]
[ 44. 104. 101. 112. 141.]
[104. 101. 112. 141.  83.]
[ 101.  112.  141.   83. 3368.]
[ 112.  141.   83. 3368.  109.]
[ 141.   83. 3368.  109.  129.]
[  83. 3368.  109.  129.  177.]
[3368.  109.  129.  177.  107.]
[109. 129. 177. 107. 381.]
[129. 177. 107. 381. 375.]
[177. 107. 381. 375. 301.]
[107. 381. 375. 301. 213.]
[381. 375. 301. 213.  56.]
[375. 301. 213.  56. 244.]
[301. 213.  56. 244. 273.]
[213.  56. 244. 273. 325.]
[ 56. 244. 273. 325. 136.]
[244. 273. 325. 136. 147.]
[ 273.  325.  136.  147. 1614.]
[ 325.  136.  147. 1614.  207.]
[ 136.  147. 1614.  207.  321.]
[ 147. 1614.  207.  321.  148.]
[1614.  207.  321.  148.  200.]
[207. 321. 148. 200. 274.]
[321. 148. 200. 274. 790.]
[148. 200. 274. 790. 551.]
[200. 274. 790. 551. 174.]
[ 274.  790.  551.  174. 2882.]
[ 790.  551.  174. 2882.   58.]
[ 551.  174. 2882.   58.   91.]
[ 174. 2882.   58.   91.   45.]
[2882.   58.   91.   45.  104.]
[ 58.  91.  45. 104. 406.]
[ 91.  45. 104. 406. 851.]
[ 45. 104. 406. 851.  84.]
[104. 406. 851.  84. 128.]
[406. 851.  84. 128.  75.]
[851.  84. 128.  75. 181.]
[ 84. 128.  75. 181. 195.]
[128.  75. 181. 195. 299.]
[  75.  181.  195.  299. 1945.]
[ 181.  195.  299. 1945.  105.]
[ 195.  299. 1945.  105.   88.]
[ 299. 1945.  105.   88.   87.]
[1945.  105.   88.   87.  271.]
[ 105.   88.   87.  271. 1575.]
[  88.   87.  271. 1575.   63.]
[  87.  271. 1575.   63.  159.]
[ 271. 1575.   63.  159.   88.]
[1575.   63.  159.   88.  320.]
[ 63. 159.  88. 320. 284.]
[159.  88. 320. 284. 141.]
[ 88. 320. 284. 141.  56.]
[320. 284. 141.  56.  63.]
[284. 141.  56.  63. 104.]
[141.  56.  63. 104.  87.]
[ 56.  63. 104.  87. 255.]
[ 63. 104.  87. 255. 187.]
[104.  87. 255. 187.  40.]
[ 87. 255. 187.  40. 118.]
[255. 187.  40. 118. 107.]
[ 187.   40.  118.  107. 3833.]
[  40.  118.  107. 3833.  185.]
[ 118.  107. 3833.  185.  112.]
[ 107. 3833.  185.  112.   58.]
[3833.  185.  112.   58.   23.]
[185. 112.  58.  23. 149.]
[112.  58.  23. 149. 113.]
[ 58.  23. 149. 113.  89.]
[ 23. 149. 113.  89. 668.]
[149. 113.  89. 668. 277.]
[ 113.   89.  668.  277. 3319.]
[  89.  668.  277. 3319.  194.]
[ 668.  277. 3319.  194.  868.]
[ 277. 3319.  194.  868.   53.]
[3319.  194.  868.   53.  149.]
[ 194.  868.   53.  149. 3656.]
[ 868.   53.  149. 3656.  175.]
[  53.  149. 3656.  175.  104.]
[ 149. 3656.  175.  104.  821.]
[3656.  175.  104.  821.  389.]
[175. 104. 821. 389. 121.]
[104. 821. 389. 121.  28.]
[821. 389. 121.  28. 181.]
[389. 121.  28. 181.  64.]
[121.  28. 181.  64. 108.]
[ 28. 181.  64. 108.  61.]
[181.  64. 108.  61.  74.]
[ 64. 108.  61.  74.  80.]
[108.  61.  74.  80. 316.]
[ 61.  74.  80. 316. 418.]
[ 74.  80. 316. 418.  89.]
[ 80. 316. 418.  89.  45.]
[316. 418.  89.  45. 491.]
[418.  89.  45. 491.  39.]
[ 89.  45. 491.  39. 364.]
[ 45. 491.  39. 364. 821.]
[491.  39. 364. 821. 640.]
[ 39. 364. 821. 640.  94.]
[364. 821. 640.  94. 121.]
[821. 640.  94. 121. 276.]
[ 640.   94.  121.  276. 1868.]
[  94.  121.  276. 1868.  117.]
[ 121.  276. 1868.  117.   79.]
[ 276. 1868.  117.   79.   36.]
[1.868e+03 1.170e+02 7.900e+01 3.600e+01 1.000e+00]
[1.170e+02 7.900e+01 3.600e+01 1.000e+00 1.407e+03]
[7.900e+01 3.600e+01 1.000e+00 1.407e+03 1.900e+02]
[3.600e+01 1.000e+00 1.407e+03 1.900e+02 6.440e+02]
[1.000e+00 1.407e+03 1.900e+02 6.440e+02 3.435e+03]
[1407.  190.  644. 3435.  144.]
[ 190.  644. 3435.  144.   34.]
[ 644. 3435.  144.   34.  311.]
[3435.  144.   34.  311.  954.]
[144.  34. 311. 954. 100.]
[ 34. 311. 954. 100. 185.]
[311. 954. 100. 185. 351.]
[954. 100. 185. 351. 128.]
[100. 185. 351. 128. 171.]
[185. 351. 128. 171. 369.]
[351. 128. 171. 369. 227.]
[128. 171. 369. 227. 357.]
[171. 369. 227. 357. 339.]
[369. 227. 357. 339. 170.]
[ 227.  357.  339.  170. 1409.]
