[ 42.  67.  74.  23.  35. 133.  77. 100.  14.  73.  88.  26.  38.  25.
  47.  50.  74.  38.  77.  11.]
[ 67.  74.  23.  35. 133.  77. 100.  14.  73.  88.  26.  38.  25.  47.
  50.  74.  38.  77.  11.  16.]
[ 74.  23.  35. 133.  77. 100.  14.  73.  88.  26.  38.  25.  47.  50.
  74.  38.  77.  11.  16.  45.]
[ 23.  35. 133.  77. 100.  14.  73.  88.  26.  38.  25.  47.  50.  74.
  38.  77.  11.  16.  45.  83.]
[ 35. 133.  77. 100.  14.  73.  88.  26.  38.  25.  47.  50.  74.  38.
  77.  11.  16.  45.  83.  67.]
[133.  77. 100.  14.  73.  88.  26.  38.  25.  47.  50.  74.  38.  77.
  11.  16.  45.  83.  67.  67.]
[ 77. 100.  14.  73.  88.  26.  38.  25.  47.  50.  74.  38.  77.  11.
  16.  45.  83.  67.  67.  39.]
[100.  14.  73.  88.  26.  38.  25.  47.  50.  74.  38.  77.  11.  16.
  45.  83.  67.  67.  39.   7.]
[14. 73. 88. 26. 38. 25. 47. 50. 74. 38. 77. 11. 16. 45. 83. 67. 67. 39.
  7. 30.]
[73. 88. 26. 38. 25. 47. 50. 74. 38. 77. 11. 16. 45. 83. 67. 67. 39.  7.
 30. 55.]
[ 88.  26.  38.  25.  47.  50.  74.  38.  77.  11.  16.  45.  83.  67.
  67.  39.   7.  30.  55. 115.]
[ 26.  38.  25.  47.  50.  74.  38.  77.  11.  16.  45.  83.  67.  67.
  39.   7.  30.  55. 115.  36.]
[ 38.  25.  47.  50.  74.  38.  77.  11.  16.  45.  83.  67.  67.  39.
   7.  30.  55. 115.  36.  52.]
[ 25.  47.  50.  74.  38.  77.  11.  16.  45.  83.  67.  67.  39.   7.
  30.  55. 115.  36.  52.  51.]
[ 47.  50.  74.  38.  77.  11.  16.  45.  83.  67.  67.  39.   7.  30.
  55. 115.  36.  52.  51. 214.]
[ 50.  74.  38.  77.  11.  16.  45.  83.  67.  67.  39.   7.  30.  55.
 115.  36.  52.  51. 214.  47.]
[ 74.  38.  77.  11.  16.  45.  83.  67.  67.  39.   7.  30.  55. 115.
  36.  52.  51. 214.  47.  42.]
[ 38.  77.  11.  16.  45.  83.  67.  67.  39.   7.  30.  55. 115.  36.
  52.  51. 214.  47.  42.  40.]
[ 77.  11.  16.  45.  83.  67.  67.  39.   7.  30.  55. 115.  36.  52.
  51. 214.  47.  42.  40.  67.]
[ 11.  16.  45.  83.  67.  67.  39.   7.  30.  55. 115.  36.  52.  51.
 214.  47.  42.  40.  67.  42.]
[ 16.  45.  83.  67.  67.  39.   7.  30.  55. 115.  36.  52.  51. 214.
  47.  42.  40.  67.  42.  70.]
[ 45.  83.  67.  67.  39.   7.  30.  55. 115.  36.  52.  51. 214.  47.
  42.  40.  67.  42.  70.  69.]
[ 83.  67.  67.  39.   7.  30.  55. 115.  36.  52.  51. 214.  47.  42.
  40.  67.  42.  70.  69.  42.]
[ 67.  67.  39.   7.  30.  55. 115.  36.  52.  51. 214.  47.  42.  40.
  67.  42.  70.  69.  42.  48.]
[ 67.  39.   7.  30.  55. 115.  36.  52.  51. 214.  47.  42.  40.  67.
  42.  70.  69.  42.  48.  20.]
[ 39.   7.  30.  55. 115.  36.  52.  51. 214.  47.  42.  40.  67.  42.
  70.  69.  42.  48.  20.  52.]
[  7.  30.  55. 115.  36.  52.  51. 214.  47.  42.  40.  67.  42.  70.
  69.  42.  48.  20.  52.  46.]
[ 30.  55. 115.  36.  52.  51. 214.  47.  42.  40.  67.  42.  70.  69.
  42.  48.  20.  52.  46. 146.]
[ 55. 115.  36.  52.  51. 214.  47.  42.  40.  67.  42.  70.  69.  42.
  48.  20.  52.  46. 146.  31.]
[115.  36.  52.  51. 214.  47.  42.  40.  67.  42.  70.  69.  42.  48.
  20.  52.  46. 146.  31.  45.]
[ 36.  52.  51. 214.  47.  42.  40.  67.  42.  70.  69.  42.  48.  20.
  52.  46. 146.  31.  45.  46.]
[ 52.  51. 214.  47.  42.  40.  67.  42.  70.  69.  42.  48.  20.  52.
  46. 146.  31.  45.  46.  85.]
[ 51. 214.  47.  42.  40.  67.  42.  70.  69.  42.  48.  20.  52.  46.
 146.  31.  45.  46.  85. 124.]
[214.  47.  42.  40.  67.  42.  70.  69.  42.  48.  20.  52.  46. 146.
  31.  45.  46.  85. 124.  55.]
[ 47.  42.  40.  67.  42.  70.  69.  42.  48.  20.  52.  46. 146.  31.
  45.  46.  85. 124.  55.  21.]
[ 42.  40.  67.  42.  70.  69.  42.  48.  20.  52.  46. 146.  31.  45.
  46.  85. 124.  55.  21. 108.]
[ 40.  67.  42.  70.  69.  42.  48.  20.  52.  46. 146.  31.  45.  46.
  85. 124.  55.  21. 108.  31.]
[ 67.  42.  70.  69.  42.  48.  20.  52.  46. 146.  31.  45.  46.  85.
 124.  55.  21. 108.  31.  27.]
[ 42.  70.  69.  42.  48.  20.  52.  46. 146.  31.  45.  46.  85. 124.
  55.  21. 108.  31.  27.  31.]
[ 70.  69.  42.  48.  20.  52.  46. 146.  31.  45.  46.  85. 124.  55.
  21. 108.  31.  27.  31.  70.]
[ 69.  42.  48.  20.  52.  46. 146.  31.  45.  46.  85. 124.  55.  21.
 108.  31.  27.  31.  70.  56.]
[ 42.  48.  20.  52.  46. 146.  31.  45.  46.  85. 124.  55.  21. 108.
  31.  27.  31.  70.  56.  45.]
[ 48.  20.  52.  46. 146.  31.  45.  46.  85. 124.  55.  21. 108.  31.
  27.  31.  70.  56.  45. 133.]
[ 20.  52.  46. 146.  31.  45.  46.  85. 124.  55.  21. 108.  31.  27.
  31.  70.  56.  45. 133. 106.]
[ 52.  46. 146.  31.  45.  46.  85. 124.  55.  21. 108.  31.  27.  31.
  70.  56.  45. 133. 106.  68.]
[ 46. 146.  31.  45.  46.  85. 124.  55.  21. 108.  31.  27.  31.  70.
  56.  45. 133. 106.  68.  91.]
[146.  31.  45.  46.  85. 124.  55.  21. 108.  31.  27.  31.  70.  56.
  45. 133. 106.  68.  91. 142.]
[ 31.  45.  46.  85. 124.  55.  21. 108.  31.  27.  31.  70.  56.  45.
 133. 106.  68.  91. 142.  19.]
[ 45.  46.  85. 124.  55.  21. 108.  31.  27.  31.  70.  56.  45. 133.
 106.  68.  91. 142.  19.  66.]
[ 46.  85. 124.  55.  21. 108.  31.  27.  31.  70.  56.  45. 133. 106.
  68.  91. 142.  19.  66.  44.]
[ 85. 124.  55.  21. 108.  31.  27.  31.  70.  56.  45. 133. 106.  68.
  91. 142.  19.  66.  44.  47.]
[124.  55.  21. 108.  31.  27.  31.  70.  56.  45. 133. 106.  68.  91.
 142.  19.  66.  44.  47.  60.]
[ 55.  21. 108.  31.  27.  31.  70.  56.  45. 133. 106.  68.  91. 142.
  19.  66.  44.  47.  60.  45.]
[ 21. 108.  31.  27.  31.  70.  56.  45. 133. 106.  68.  91. 142.  19.
  66.  44.  47.  60.  45.  73.]
[108.  31.  27.  31.  70.  56.  45. 133. 106.  68.  91. 142.  19.  66.
  44.  47.  60.  45.  73.   3.]
[ 31.  27.  31.  70.  56.  45. 133. 106.  68.  91. 142.  19.  66.  44.
  47.  60.  45.  73.   3.  20.]
[ 27.  31.  70.  56.  45. 133. 106.  68.  91. 142.  19.  66.  44.  47.
  60.  45.  73.   3.  20.  65.]
[ 31.  70.  56.  45. 133. 106.  68.  91. 142.  19.  66.  44.  47.  60.
  45.  73.   3.  20.  65.  11.]
[ 70.  56.  45. 133. 106.  68.  91. 142.  19.  66.  44.  47.  60.  45.
  73.   3.  20.  65.  11.  32.]
[ 56.  45. 133. 106.  68.  91. 142.  19.  66.  44.  47.  60.  45.  73.
   3.  20.  65.  11.  32.  55.]
[ 45. 133. 106.  68.  91. 142.  19.  66.  44.  47.  60.  45.  73.   3.
  20.  65.  11.  32.  55. 225.]
[133. 106.  68.  91. 142.  19.  66.  44.  47.  60.  45.  73.   3.  20.
  65.  11.  32.  55. 225. 150.]
[106.  68.  91. 142.  19.  66.  44.  47.  60.  45.  73.   3.  20.  65.
  11.  32.  55. 225. 150.  64.]
[ 68.  91. 142.  19.  66.  44.  47.  60.  45.  73.   3.  20.  65.  11.
  32.  55. 225. 150.  64. 224.]
[ 91. 142.  19.  66.  44.  47.  60.  45.  73.   3.  20.  65.  11.  32.
  55. 225. 150.  64. 224.  91.]
[142.  19.  66.  44.  47.  60.  45.  73.   3.  20.  65.  11.  32.  55.
 225. 150.  64. 224.  91.  99.]
[ 19.  66.  44.  47.  60.  45.  73.   3.  20.  65.  11.  32.  55. 225.
 150.  64. 224.  91.  99.  13.]
[ 66.  44.  47.  60.  45.  73.   3.  20.  65.  11.  32.  55. 225. 150.
  64. 224.  91.  99.  13.  56.]
[ 44.  47.  60.  45.  73.   3.  20.  65.  11.  32.  55. 225. 150.  64.
 224.  91.  99.  13.  56.  44.]
[ 47.  60.  45.  73.   3.  20.  65.  11.  32.  55. 225. 150.  64. 224.
  91.  99.  13.  56.  44.  54.]
[ 60.  45.  73.   3.  20.  65.  11.  32.  55. 225. 150.  64. 224.  91.
  99.  13.  56.  44.  54. 307.]
[ 45.  73.   3.  20.  65.  11.  32.  55. 225. 150.  64. 224.  91.  99.
  13.  56.  44.  54. 307. 638.]
[ 73.   3.  20.  65.  11.  32.  55. 225. 150.  64. 224.  91.  99.  13.
  56.  44.  54. 307. 638. 107.]
[  3.  20.  65.  11.  32.  55. 225. 150.  64. 224.  91.  99.  13.  56.
  44.  54. 307. 638. 107.  45.]
[ 20.  65.  11.  32.  55. 225. 150.  64. 224.  91.  99.  13.  56.  44.
  54. 307. 638. 107.  45. 129.]
[ 65.  11.  32.  55. 225. 150.  64. 224.  91.  99.  13.  56.  44.  54.
 307. 638. 107.  45. 129.  27.]
[ 11.  32.  55. 225. 150.  64. 224.  91.  99.  13.  56.  44.  54. 307.
 638. 107.  45. 129.  27.  28.]
[ 32.  55. 225. 150.  64. 224.  91.  99.  13.  56.  44.  54. 307. 638.
 107.  45. 129.  27.  28.  66.]
[ 55. 225. 150.  64. 224.  91.  99.  13.  56.  44.  54. 307. 638. 107.
  45. 129.  27.  28.  66.  42.]
[225. 150.  64. 224.  91.  99.  13.  56.  44.  54. 307. 638. 107.  45.
 129.  27.  28.  66.  42. 104.]
[150.  64. 224.  91.  99.  13.  56.  44.  54. 307. 638. 107.  45. 129.
  27.  28.  66.  42. 104.  34.]
[ 64. 224.  91.  99.  13.  56.  44.  54. 307. 638. 107.  45. 129.  27.
  28.  66.  42. 104.  34.  59.]
[224.  91.  99.  13.  56.  44.  54. 307. 638. 107.  45. 129.  27.  28.
  66.  42. 104.  34.  59.  15.]
[ 91.  99.  13.  56.  44.  54. 307. 638. 107.  45. 129.  27.  28.  66.
  42. 104.  34.  59.  15.  40.]
[ 99.  13.  56.  44.  54. 307. 638. 107.  45. 129.  27.  28.  66.  42.
 104.  34.  59.  15.  40.  53.]
[ 13.  56.  44.  54. 307. 638. 107.  45. 129.  27.  28.  66.  42. 104.
  34.  59.  15.  40.  53.  71.]
[ 56.  44.  54. 307. 638. 107.  45. 129.  27.  28.  66.  42. 104.  34.
  59.  15.  40.  53.  71.  47.]
[ 44.  54. 307. 638. 107.  45. 129.  27.  28.  66.  42. 104.  34.  59.
  15.  40.  53.  71.  47.  35.]
[ 54. 307. 638. 107.  45. 129.  27.  28.  66.  42. 104.  34.  59.  15.
  40.  53.  71.  47.  35.  38.]
[307. 638. 107.  45. 129.  27.  28.  66.  42. 104.  34.  59.  15.  40.
  53.  71.  47.  35.  38.  48.]
[638. 107.  45. 129.  27.  28.  66.  42. 104.  34.  59.  15.  40.  53.
  71.  47.  35.  38.  48.  18.]
[107.  45. 129.  27.  28.  66.  42. 104.  34.  59.  15.  40.  53.  71.
  47.  35.  38.  48.  18.  48.]
[ 45. 129.  27.  28.  66.  42. 104.  34.  59.  15.  40.  53.  71.  47.
  35.  38.  48.  18.  48.  39.]
[129.  27.  28.  66.  42. 104.  34.  59.  15.  40.  53.  71.  47.  35.
  38.  48.  18.  48.  39.  52.]
[ 27.  28.  66.  42. 104.  34.  59.  15.  40.  53.  71.  47.  35.  38.
  48.  18.  48.  39.  52.  42.]
[ 28.  66.  42. 104.  34.  59.  15.  40.  53.  71.  47.  35.  38.  48.
  18.  48.  39.  52.  42.  22.]
[ 66.  42. 104.  34.  59.  15.  40.  53.  71.  47.  35.  38.  48.  18.
  48.  39.  52.  42.  22. 137.]
[ 42. 104.  34.  59.  15.  40.  53.  71.  47.  35.  38.  48.  18.  48.
  39.  52.  42.  22. 137.  39.]
[104.  34.  59.  15.  40.  53.  71.  47.  35.  38.  48.  18.  48.  39.
  52.  42.  22. 137.  39.  25.]
[ 34.  59.  15.  40.  53.  71.  47.  35.  38.  48.  18.  48.  39.  52.
  42.  22. 137.  39.  25.  76.]
[ 59.  15.  40.  53.  71.  47.  35.  38.  48.  18.  48.  39.  52.  42.
  22. 137.  39.  25.  76.  34.]
[ 15.  40.  53.  71.  47.  35.  38.  48.  18.  48.  39.  52.  42.  22.
 137.  39.  25.  76.  34.  51.]
[ 40.  53.  71.  47.  35.  38.  48.  18.  48.  39.  52.  42.  22. 137.
  39.  25.  76.  34.  51.  39.]
[ 53.  71.  47.  35.  38.  48.  18.  48.  39.  52.  42.  22. 137.  39.
  25.  76.  34.  51.  39.  92.]
[ 71.  47.  35.  38.  48.  18.  48.  39.  52.  42.  22. 137.  39.  25.
  76.  34.  51.  39.  92.  49.]
[ 47.  35.  38.  48.  18.  48.  39.  52.  42.  22. 137.  39.  25.  76.
  34.  51.  39.  92.  49. 123.]
[ 35.  38.  48.  18.  48.  39.  52.  42.  22. 137.  39.  25.  76.  34.
  51.  39.  92.  49. 123.  52.]
[ 38.  48.  18.  48.  39.  52.  42.  22. 137.  39.  25.  76.  34.  51.
  39.  92.  49. 123.  52.  32.]
[ 48.  18.  48.  39.  52.  42.  22. 137.  39.  25.  76.  34.  51.  39.
  92.  49. 123.  52.  32.  74.]
[ 18.  48.  39.  52.  42.  22. 137.  39.  25.  76.  34.  51.  39.  92.
  49. 123.  52.  32.  74.  54.]
[ 48.  39.  52.  42.  22. 137.  39.  25.  76.  34.  51.  39.  92.  49.
 123.  52.  32.  74.  54.   0.]
[ 39.  52.  42.  22. 137.  39.  25.  76.  34.  51.  39.  92.  49. 123.
  52.  32.  74.  54.   0.  87.]
[ 52.  42.  22. 137.  39.  25.  76.  34.  51.  39.  92.  49. 123.  52.
  32.  74.  54.   0.  87.  66.]
[ 42.  22. 137.  39.  25.  76.  34.  51.  39.  92.  49. 123.  52.  32.
  74.  54.   0.  87.  66.  47.]
[ 22. 137.  39.  25.  76.  34.  51.  39.  92.  49. 123.  52.  32.  74.
  54.   0.  87.  66.  47.  57.]
[137.  39.  25.  76.  34.  51.  39.  92.  49. 123.  52.  32.  74.  54.
   0.  87.  66.  47.  57.  61.]
[ 39.  25.  76.  34.  51.  39.  92.  49. 123.  52.  32.  74.  54.   0.
  87.  66.  47.  57.  61.  22.]
[ 25.  76.  34.  51.  39.  92.  49. 123.  52.  32.  74.  54.   0.  87.
  66.  47.  57.  61.  22.  29.]
[ 76.  34.  51.  39.  92.  49. 123.  52.  32.  74.  54.   0.  87.  66.
  47.  57.  61.  22.  29.  47.]
[ 34.  51.  39.  92.  49. 123.  52.  32.  74.  54.   0.  87.  66.  47.
  57.  61.  22.  29.  47.  16.]
[ 51.  39.  92.  49. 123.  52.  32.  74.  54.   0.  87.  66.  47.  57.
  61.  22.  29.  47.  16.  95.]
[ 39.  92.  49. 123.  52.  32.  74.  54.   0.  87.  66.  47.  57.  61.
  22.  29.  47.  16.  95.  46.]
[ 92.  49. 123.  52.  32.  74.  54.   0.  87.  66.  47.  57.  61.  22.
  29.  47.  16.  95.  46.  65.]
[ 49. 123.  52.  32.  74.  54.   0.  87.  66.  47.  57.  61.  22.  29.
  47.  16.  95.  46.  65. 539.]
[123.  52.  32.  74.  54.   0.  87.  66.  47.  57.  61.  22.  29.  47.
  16.  95.  46.  65. 539.  20.]
[ 52.  32.  74.  54.   0.  87.  66.  47.  57.  61.  22.  29.  47.  16.
  95.  46.  65. 539.  20.  37.]
[ 32.  74.  54.   0.  87.  66.  47.  57.  61.  22.  29.  47.  16.  95.
  46.  65. 539.  20.  37.  43.]
[ 74.  54.   0.  87.  66.  47.  57.  61.  22.  29.  47.  16.  95.  46.
  65. 539.  20.  37.  43. 298.]
[ 54.   0.  87.  66.  47.  57.  61.  22.  29.  47.  16.  95.  46.  65.
 539.  20.  37.  43. 298.  44.]
[  0.  87.  66.  47.  57.  61.  22.  29.  47.  16.  95.  46.  65. 539.
  20.  37.  43. 298.  44.  36.]
[ 87.  66.  47.  57.  61.  22.  29.  47.  16.  95.  46.  65. 539.  20.
  37.  43. 298.  44.  36.  39.]
[ 66.  47.  57.  61.  22.  29.  47.  16.  95.  46.  65. 539.  20.  37.
  43. 298.  44.  36.  39.  31.]
[ 47.  57.  61.  22.  29.  47.  16.  95.  46.  65. 539.  20.  37.  43.
 298.  44.  36.  39.  31.  33.]
[ 57.  61.  22.  29.  47.  16.  95.  46.  65. 539.  20.  37.  43. 298.
  44.  36.  39.  31.  33.  70.]
[ 61.  22.  29.  47.  16.  95.  46.  65. 539.  20.  37.  43. 298.  44.
  36.  39.  31.  33.  70.  10.]
[ 22.  29.  47.  16.  95.  46.  65. 539.  20.  37.  43. 298.  44.  36.
  39.  31.  33.  70.  10. 100.]
[ 29.  47.  16.  95.  46.  65. 539.  20.  37.  43. 298.  44.  36.  39.
  31.  33.  70.  10. 100.   8.]
[ 47.  16.  95.  46.  65. 539.  20.  37.  43. 298.  44.  36.  39.  31.
  33.  70.  10. 100.   8.  55.]
[ 16.  95.  46.  65. 539.  20.  37.  43. 298.  44.  36.  39.  31.  33.
  70.  10. 100.   8.  55.   8.]
[ 95.  46.  65. 539.  20.  37.  43. 298.  44.  36.  39.  31.  33.  70.
  10. 100.   8.  55.   8.  25.]
[ 46.  65. 539.  20.  37.  43. 298.  44.  36.  39.  31.  33.  70.  10.
 100.   8.  55.   8.  25.  75.]
[ 65. 539.  20.  37.  43. 298.  44.  36.  39.  31.  33.  70.  10. 100.
   8.  55.   8.  25.  75.  41.]
[539.  20.  37.  43. 298.  44.  36.  39.  31.  33.  70.  10. 100.   8.
  55.   8.  25.  75.  41.  42.]
[ 20.  37.  43. 298.  44.  36.  39.  31.  33.  70.  10. 100.   8.  55.
   8.  25.  75.  41.  42.  92.]
[ 37.  43. 298.  44.  36.  39.  31.  33.  70.  10. 100.   8.  55.   8.
  25.  75.  41.  42.  92.  52.]
[ 43. 298.  44.  36.  39.  31.  33.  70.  10. 100.   8.  55.   8.  25.
  75.  41.  42.  92.  52.  43.]
[298.  44.  36.  39.  31.  33.  70.  10. 100.   8.  55.   8.  25.  75.
  41.  42.  92.  52.  43.  83.]
[ 44.  36.  39.  31.  33.  70.  10. 100.   8.  55.   8.  25.  75.  41.
  42.  92.  52.  43.  83.  92.]
[ 36.  39.  31.  33.  70.  10. 100.   8.  55.   8.  25.  75.  41.  42.
  92.  52.  43.  83.  92.  58.]
[ 39.  31.  33.  70.  10. 100.   8.  55.   8.  25.  75.  41.  42.  92.
  52.  43.  83.  92.  58.  77.]
[ 31.  33.  70.  10. 100.   8.  55.   8.  25.  75.  41.  42.  92.  52.
  43.  83.  92.  58.  77.  39.]
[ 33.  70.  10. 100.   8.  55.   8.  25.  75.  41.  42.  92.  52.  43.
  83.  92.  58.  77.  39.  39.]
[ 70.  10. 100.   8.  55.   8.  25.  75.  41.  42.  92.  52.  43.  83.
  92.  58.  77.  39.  39. 101.]
[ 10. 100.   8.  55.   8.  25.  75.  41.  42.  92.  52.  43.  83.  92.
  58.  77.  39.  39. 101.  59.]
[100.   8.  55.   8.  25.  75.  41.  42.  92.  52.  43.  83.  92.  58.
  77.  39.  39. 101.  59.  55.]
[  8.  55.   8.  25.  75.  41.  42.  92.  52.  43.  83.  92.  58.  77.
  39.  39. 101.  59.  55. 211.]
[ 55.   8.  25.  75.  41.  42.  92.  52.  43.  83.  92.  58.  77.  39.
  39. 101.  59.  55. 211.  94.]
[  8.  25.  75.  41.  42.  92.  52.  43.  83.  92.  58.  77.  39.  39.
 101.  59.  55. 211.  94.  63.]
[ 25.  75.  41.  42.  92.  52.  43.  83.  92.  58.  77.  39.  39. 101.
  59.  55. 211.  94.  63. 504.]
[ 75.  41.  42.  92.  52.  43.  83.  92.  58.  77.  39.  39. 101.  59.
  55. 211.  94.  63. 504.  61.]
[ 41.  42.  92.  52.  43.  83.  92.  58.  77.  39.  39. 101.  59.  55.
 211.  94.  63. 504.  61.  38.]
[ 42.  92.  52.  43.  83.  92.  58.  77.  39.  39. 101.  59.  55. 211.
  94.  63. 504.  61.  38. 100.]
[ 92.  52.  43.  83.  92.  58.  77.  39.  39. 101.  59.  55. 211.  94.
  63. 504.  61.  38. 100.  57.]
[ 52.  43.  83.  92.  58.  77.  39.  39. 101.  59.  55. 211.  94.  63.
 504.  61.  38. 100.  57. 126.]
[ 43.  83.  92.  58.  77.  39.  39. 101.  59.  55. 211.  94.  63. 504.
  61.  38. 100.  57. 126.  49.]
[ 83.  92.  58.  77.  39.  39. 101.  59.  55. 211.  94.  63. 504.  61.
  38. 100.  57. 126.  49.  44.]
[ 92.  58.  77.  39.  39. 101.  59.  55. 211.  94.  63. 504.  61.  38.
 100.  57. 126.  49.  44.  76.]
[ 58.  77.  39.  39. 101.  59.  55. 211.  94.  63. 504.  61.  38. 100.
  57. 126.  49.  44.  76.  60.]
[ 77.  39.  39. 101.  59.  55. 211.  94.  63. 504.  61.  38. 100.  57.
 126.  49.  44.  76.  60.  14.]
[ 39.  39. 101.  59.  55. 211.  94.  63. 504.  61.  38. 100.  57. 126.
  49.  44.  76.  60.  14.  45.]
[ 39. 101.  59.  55. 211.  94.  63. 504.  61.  38. 100.  57. 126.  49.
  44.  76.  60.  14.  45.  69.]
[101.  59.  55. 211.  94.  63. 504.  61.  38. 100.  57. 126.  49.  44.
  76.  60.  14.  45.  69. 333.]
[ 59.  55. 211.  94.  63. 504.  61.  38. 100.  57. 126.  49.  44.  76.
  60.  14.  45.  69. 333.  59.]
[ 55. 211.  94.  63. 504.  61.  38. 100.  57. 126.  49.  44.  76.  60.
  14.  45.  69. 333.  59.  44.]
[211.  94.  63. 504.  61.  38. 100.  57. 126.  49.  44.  76.  60.  14.
  45.  69. 333.  59.  44.  48.]
[ 94.  63. 504.  61.  38. 100.  57. 126.  49.  44.  76.  60.  14.  45.
  69. 333.  59.  44.  48.   0.]
[ 63. 504.  61.  38. 100.  57. 126.  49.  44.  76.  60.  14.  45.  69.
 333.  59.  44.  48.   0.   9.]
[504.  61.  38. 100.  57. 126.  49.  44.  76.  60.  14.  45.  69. 333.
  59.  44.  48.   0.   9. 216.]
[ 61.  38. 100.  57. 126.  49.  44.  76.  60.  14.  45.  69. 333.  59.
  44.  48.   0.   9. 216.  84.]
[ 38. 100.  57. 126.  49.  44.  76.  60.  14.  45.  69. 333.  59.  44.
  48.   0.   9. 216.  84.  87.]
[100.  57. 126.  49.  44.  76.  60.  14.  45.  69. 333.  59.  44.  48.
   0.   9. 216.  84.  87.  27.]
[ 57. 126.  49.  44.  76.  60.  14.  45.  69. 333.  59.  44.  48.   0.
   9. 216.  84.  87.  27.  44.]
[126.  49.  44.  76.  60.  14.  45.  69. 333.  59.  44.  48.   0.   9.
 216.  84.  87.  27.  44.  25.]
[ 49.  44.  76.  60.  14.  45.  69. 333.  59.  44.  48.   0.   9. 216.
  84.  87.  27.  44.  25.  27.]
[ 44.  76.  60.  14.  45.  69. 333.  59.  44.  48.   0.   9. 216.  84.
  87.  27.  44.  25.  27.  43.]
[ 76.  60.  14.  45.  69. 333.  59.  44.  48.   0.   9. 216.  84.  87.
  27.  44.  25.  27.  43.  27.]
[ 60.  14.  45.  69. 333.  59.  44.  48.   0.   9. 216.  84.  87.  27.
  44.  25.  27.  43.  27.  13.]
[ 14.  45.  69. 333.  59.  44.  48.   0.   9. 216.  84.  87.  27.  44.
  25.  27.  43.  27.  13.  43.]
[ 45.  69. 333.  59.  44.  48.   0.   9. 216.  84.  87.  27.  44.  25.
  27.  43.  27.  13.  43.  24.]
[ 69. 333.  59.  44.  48.   0.   9. 216.  84.  87.  27.  44.  25.  27.
  43.  27.  13.  43.  24.  40.]
[333.  59.  44.  48.   0.   9. 216.  84.  87.  27.  44.  25.  27.  43.
  27.  13.  43.  24.  40.  20.]
[ 59.  44.  48.   0.   9. 216.  84.  87.  27.  44.  25.  27.  43.  27.
  13.  43.  24.  40.  20.  78.]
[ 44.  48.   0.   9. 216.  84.  87.  27.  44.  25.  27.  43.  27.  13.
  43.  24.  40.  20.  78.  45.]
[ 48.   0.   9. 216.  84.  87.  27.  44.  25.  27.  43.  27.  13.  43.
  24.  40.  20.  78.  45. 132.]
[  0.   9. 216.  84.  87.  27.  44.  25.  27.  43.  27.  13.  43.  24.
  40.  20.  78.  45. 132. 114.]
[  9. 216.  84.  87.  27.  44.  25.  27.  43.  27.  13.  43.  24.  40.
  20.  78.  45. 132. 114.  98.]
[216.  84.  87.  27.  44.  25.  27.  43.  27.  13.  43.  24.  40.  20.
  78.  45. 132. 114.  98.  46.]
[ 84.  87.  27.  44.  25.  27.  43.  27.  13.  43.  24.  40.  20.  78.
  45. 132. 114.  98.  46.  66.]
[ 87.  27.  44.  25.  27.  43.  27.  13.  43.  24.  40.  20.  78.  45.
 132. 114.  98.  46.  66. 426.]
[ 27.  44.  25.  27.  43.  27.  13.  43.  24.  40.  20.  78.  45. 132.
 114.  98.  46.  66. 426. 166.]
[ 44.  25.  27.  43.  27.  13.  43.  24.  40.  20.  78.  45. 132. 114.
  98.  46.  66. 426. 166.  78.]
[ 25.  27.  43.  27.  13.  43.  24.  40.  20.  78.  45. 132. 114.  98.
  46.  66. 426. 166.  78.  57.]
[ 27.  43.  27.  13.  43.  24.  40.  20.  78.  45. 132. 114.  98.  46.
  66. 426. 166.  78.  57.  49.]
[ 43.  27.  13.  43.  24.  40.  20.  78.  45. 132. 114.  98.  46.  66.
 426. 166.  78.  57.  49.  98.]
[ 27.  13.  43.  24.  40.  20.  78.  45. 132. 114.  98.  46.  66. 426.
 166.  78.  57.  49.  98.  46.]
[ 13.  43.  24.  40.  20.  78.  45. 132. 114.  98.  46.  66. 426. 166.
  78.  57.  49.  98.  46.  67.]
[ 43.  24.  40.  20.  78.  45. 132. 114.  98.  46.  66. 426. 166.  78.
  57.  49.  98.  46.  67.  52.]
[ 24.  40.  20.  78.  45. 132. 114.  98.  46.  66. 426. 166.  78.  57.
  49.  98.  46.  67.  52. 129.]
[ 40.  20.  78.  45. 132. 114.  98.  46.  66. 426. 166.  78.  57.  49.
  98.  46.  67.  52. 129. 753.]
[ 20.  78.  45. 132. 114.  98.  46.  66. 426. 166.  78.  57.  49.  98.
  46.  67.  52. 129. 753.  52.]
[ 78.  45. 132. 114.  98.  46.  66. 426. 166.  78.  57.  49.  98.  46.
  67.  52. 129. 753.  52.  74.]
[ 45. 132. 114.  98.  46.  66. 426. 166.  78.  57.  49.  98.  46.  67.
  52. 129. 753.  52.  74.  36.]
[132. 114.  98.  46.  66. 426. 166.  78.  57.  49.  98.  46.  67.  52.
 129. 753.  52.  74.  36.  15.]
[114.  98.  46.  66. 426. 166.  78.  57.  49.  98.  46.  67.  52. 129.
 753.  52.  74.  36.  15.  66.]
[ 98.  46.  66. 426. 166.  78.  57.  49.  98.  46.  67.  52. 129. 753.
  52.  74.  36.  15.  66.  33.]
[ 46.  66. 426. 166.  78.  57.  49.  98.  46.  67.  52. 129. 753.  52.
  74.  36.  15.  66.  33.  54.]
[ 66. 426. 166.  78.  57.  49.  98.  46.  67.  52. 129. 753.  52.  74.
  36.  15.  66.  33.  54. 189.]
[426. 166.  78.  57.  49.  98.  46.  67.  52. 129. 753.  52.  74.  36.
  15.  66.  33.  54. 189.  29.]
[166.  78.  57.  49.  98.  46.  67.  52. 129. 753.  52.  74.  36.  15.
  66.  33.  54. 189.  29.  30.]
[ 78.  57.  49.  98.  46.  67.  52. 129. 753.  52.  74.  36.  15.  66.
  33.  54. 189.  29.  30.  72.]
[ 57.  49.  98.  46.  67.  52. 129. 753.  52.  74.  36.  15.  66.  33.
  54. 189.  29.  30.  72.  21.]
[ 49.  98.  46.  67.  52. 129. 753.  52.  74.  36.  15.  66.  33.  54.
 189.  29.  30.  72.  21. 108.]
[ 98.  46.  67.  52. 129. 753.  52.  74.  36.  15.  66.  33.  54. 189.
  29.  30.  72.  21. 108.  98.]
[ 46.  67.  52. 129. 753.  52.  74.  36.  15.  66.  33.  54. 189.  29.
  30.  72.  21. 108.  98. 156.]
[ 67.  52. 129. 753.  52.  74.  36.  15.  66.  33.  54. 189.  29.  30.
  72.  21. 108.  98. 156.  37.]
[  52.  129.  753.   52.   74.   36.   15.   66.   33.   54.  189.   29.
   30.   72.   21.  108.   98.  156.   37. 2722.]
[ 129.  753.   52.   74.   36.   15.   66.   33.   54.  189.   29.   30.
   72.   21.  108.   98.  156.   37. 2722.   55.]
[ 753.   52.   74.   36.   15.   66.   33.   54.  189.   29.   30.   72.
   21.  108.   98.  156.   37. 2722.   55.   35.]
[  52.   74.   36.   15.   66.   33.   54.  189.   29.   30.   72.   21.
  108.   98.  156.   37. 2722.   55.   35.   75.]
[  74.   36.   15.   66.   33.   54.  189.   29.   30.   72.   21.  108.
   98.  156.   37. 2722.   55.   35.   75.   46.]
[  36.   15.   66.   33.   54.  189.   29.   30.   72.   21.  108.   98.
  156.   37. 2722.   55.   35.   75.   46.   67.]
[  15.   66.   33.   54.  189.   29.   30.   72.   21.  108.   98.  156.
   37. 2722.   55.   35.   75.   46.   67.   63.]
[  66.   33.   54.  189.   29.   30.   72.   21.  108.   98.  156.   37.
 2722.   55.   35.   75.   46.   67.   63.   88.]
[  33.   54.  189.   29.   30.   72.   21.  108.   98.  156.   37. 2722.
   55.   35.   75.   46.   67.   63.   88.   44.]
[  54.  189.   29.   30.   72.   21.  108.   98.  156.   37. 2722.   55.
   35.   75.   46.   67.   63.   88.   44.   73.]
[ 189.   29.   30.   72.   21.  108.   98.  156.   37. 2722.   55.   35.
   75.   46.   67.   63.   88.   44.   73.   47.]
[  29.   30.   72.   21.  108.   98.  156.   37. 2722.   55.   35.   75.
   46.   67.   63.   88.   44.   73.   47.   94.]
[  30.   72.   21.  108.   98.  156.   37. 2722.   55.   35.   75.   46.
   67.   63.   88.   44.   73.   47.   94.   16.]
[  72.   21.  108.   98.  156.   37. 2722.   55.   35.   75.   46.   67.
   63.   88.   44.   73.   47.   94.   16.   47.]
[  21.  108.   98.  156.   37. 2722.   55.   35.   75.   46.   67.   63.
   88.   44.   73.   47.   94.   16.   47.  171.]
[ 108.   98.  156.   37. 2722.   55.   35.   75.   46.   67.   63.   88.
   44.   73.   47.   94.   16.   47.  171. 1241.]
[  98.  156.   37. 2722.   55.   35.   75.   46.   67.   63.   88.   44.
   73.   47.   94.   16.   47.  171. 1241.    4.]
[ 156.   37. 2722.   55.   35.   75.   46.   67.   63.   88.   44.   73.
   47.   94.   16.   47.  171. 1241.    4.   94.]
[3.700e+01 2.722e+03 5.500e+01 3.500e+01 7.500e+01 4.600e+01 6.700e+01
 6.300e+01 8.800e+01 4.400e+01 7.300e+01 4.700e+01 9.400e+01 1.600e+01
 4.700e+01 1.710e+02 1.241e+03 4.000e+00 9.400e+01 1.000e+00]
[2.722e+03 5.500e+01 3.500e+01 7.500e+01 4.600e+01 6.700e+01 6.300e+01
 8.800e+01 4.400e+01 7.300e+01 4.700e+01 9.400e+01 1.600e+01 4.700e+01
 1.710e+02 1.241e+03 4.000e+00 9.400e+01 1.000e+00 1.710e+02]
[5.500e+01 3.500e+01 7.500e+01 4.600e+01 6.700e+01 6.300e+01 8.800e+01
 4.400e+01 7.300e+01 4.700e+01 9.400e+01 1.600e+01 4.700e+01 1.710e+02
 1.241e+03 4.000e+00 9.400e+01 1.000e+00 1.710e+02 1.400e+01]
[3.500e+01 7.500e+01 4.600e+01 6.700e+01 6.300e+01 8.800e+01 4.400e+01
 7.300e+01 4.700e+01 9.400e+01 1.600e+01 4.700e+01 1.710e+02 1.241e+03
 4.000e+00 9.400e+01 1.000e+00 1.710e+02 1.400e+01 7.100e+01]
[7.500e+01 4.600e+01 6.700e+01 6.300e+01 8.800e+01 4.400e+01 7.300e+01
 4.700e+01 9.400e+01 1.600e+01 4.700e+01 1.710e+02 1.241e+03 4.000e+00
 9.400e+01 1.000e+00 1.710e+02 1.400e+01 7.100e+01 4.000e+01]
[4.600e+01 6.700e+01 6.300e+01 8.800e+01 4.400e+01 7.300e+01 4.700e+01
 9.400e+01 1.600e+01 4.700e+01 1.710e+02 1.241e+03 4.000e+00 9.400e+01
 1.000e+00 1.710e+02 1.400e+01 7.100e+01 4.000e+01 5.400e+01]
[6.700e+01 6.300e+01 8.800e+01 4.400e+01 7.300e+01 4.700e+01 9.400e+01
 1.600e+01 4.700e+01 1.710e+02 1.241e+03 4.000e+00 9.400e+01 1.000e+00
 1.710e+02 1.400e+01 7.100e+01 4.000e+01 5.400e+01 1.060e+02]
[6.300e+01 8.800e+01 4.400e+01 7.300e+01 4.700e+01 9.400e+01 1.600e+01
 4.700e+01 1.710e+02 1.241e+03 4.000e+00 9.400e+01 1.000e+00 1.710e+02
 1.400e+01 7.100e+01 4.000e+01 5.400e+01 1.060e+02 6.700e+01]
[8.800e+01 4.400e+01 7.300e+01 4.700e+01 9.400e+01 1.600e+01 4.700e+01
 1.710e+02 1.241e+03 4.000e+00 9.400e+01 1.000e+00 1.710e+02 1.400e+01
 7.100e+01 4.000e+01 5.400e+01 1.060e+02 6.700e+01 7.300e+01]
[4.400e+01 7.300e+01 4.700e+01 9.400e+01 1.600e+01 4.700e+01 1.710e+02
 1.241e+03 4.000e+00 9.400e+01 1.000e+00 1.710e+02 1.400e+01 7.100e+01
 4.000e+01 5.400e+01 1.060e+02 6.700e+01 7.300e+01 7.400e+01]
[7.300e+01 4.700e+01 9.400e+01 1.600e+01 4.700e+01 1.710e+02 1.241e+03
 4.000e+00 9.400e+01 1.000e+00 1.710e+02 1.400e+01 7.100e+01 4.000e+01
 5.400e+01 1.060e+02 6.700e+01 7.300e+01 7.400e+01 7.200e+01]
[4.700e+01 9.400e+01 1.600e+01 4.700e+01 1.710e+02 1.241e+03 4.000e+00
 9.400e+01 1.000e+00 1.710e+02 1.400e+01 7.100e+01 4.000e+01 5.400e+01
 1.060e+02 6.700e+01 7.300e+01 7.400e+01 7.200e+01 8.500e+01]
[9.400e+01 1.600e+01 4.700e+01 1.710e+02 1.241e+03 4.000e+00 9.400e+01
 1.000e+00 1.710e+02 1.400e+01 7.100e+01 4.000e+01 5.400e+01 1.060e+02
 6.700e+01 7.300e+01 7.400e+01 7.200e+01 8.500e+01 4.700e+01]
[1.600e+01 4.700e+01 1.710e+02 1.241e+03 4.000e+00 9.400e+01 1.000e+00
 1.710e+02 1.400e+01 7.100e+01 4.000e+01 5.400e+01 1.060e+02 6.700e+01
 7.300e+01 7.400e+01 7.200e+01 8.500e+01 4.700e+01 1.720e+02]
[4.700e+01 1.710e+02 1.241e+03 4.000e+00 9.400e+01 1.000e+00 1.710e+02
 1.400e+01 7.100e+01 4.000e+01 5.400e+01 1.060e+02 6.700e+01 7.300e+01
 7.400e+01 7.200e+01 8.500e+01 4.700e+01 1.720e+02 3.400e+01]
[1.710e+02 1.241e+03 4.000e+00 9.400e+01 1.000e+00 1.710e+02 1.400e+01
 7.100e+01 4.000e+01 5.400e+01 1.060e+02 6.700e+01 7.300e+01 7.400e+01
 7.200e+01 8.500e+01 4.700e+01 1.720e+02 3.400e+01 3.300e+01]
[1.241e+03 4.000e+00 9.400e+01 1.000e+00 1.710e+02 1.400e+01 7.100e+01
 4.000e+01 5.400e+01 1.060e+02 6.700e+01 7.300e+01 7.400e+01 7.200e+01
 8.500e+01 4.700e+01 1.720e+02 3.400e+01 3.300e+01 6.700e+01]
[  4.  94.   1. 171.  14.  71.  40.  54. 106.  67.  73.  74.  72.  85.
  47. 172.  34.  33.  67.  67.]
[ 94.   1. 171.  14.  71.  40.  54. 106.  67.  73.  74.  72.  85.  47.
 172.  34.  33.  67.  67. 283.]
[1.00e+00 1.71e+02 1.40e+01 7.10e+01 4.00e+01 5.40e+01 1.06e+02 6.70e+01
 7.30e+01 7.40e+01 7.20e+01 8.50e+01 4.70e+01 1.72e+02 3.40e+01 3.30e+01
 6.70e+01 6.70e+01 2.83e+02 3.09e+03]
[ 171.   14.   71.   40.   54.  106.   67.   73.   74.   72.   85.   47.
  172.   34.   33.   67.   67.  283. 3090.   57.]
[  14.   71.   40.   54.  106.   67.   73.   74.   72.   85.   47.  172.
   34.   33.   67.   67.  283. 3090.   57.   31.]
[  71.   40.   54.  106.   67.   73.   74.   72.   85.   47.  172.   34.
   33.   67.   67.  283. 3090.   57.   31.   46.]
[  40.   54.  106.   67.   73.   74.   72.   85.   47.  172.   34.   33.
   67.   67.  283. 3090.   57.   31.   46.   26.]
[  54.  106.   67.   73.   74.   72.   85.   47.  172.   34.   33.   67.
   67.  283. 3090.   57.   31.   46.   26.   34.]
[ 106.   67.   73.   74.   72.   85.   47.  172.   34.   33.   67.   67.
  283. 3090.   57.   31.   46.   26.   34.   74.]
[  67.   73.   74.   72.   85.   47.  172.   34.   33.   67.   67.  283.
 3090.   57.   31.   46.   26.   34.   74.   53.]
[  73.   74.   72.   85.   47.  172.   34.   33.   67.   67.  283. 3090.
   57.   31.   46.   26.   34.   74.   53.   39.]
[  74.   72.   85.   47.  172.   34.   33.   67.   67.  283. 3090.   57.
   31.   46.   26.   34.   74.   53.   39.   83.]
[  72.   85.   47.  172.   34.   33.   67.   67.  283. 3090.   57.   31.
   46.   26.   34.   74.   53.   39.   83.   61.]
[  85.   47.  172.   34.   33.   67.   67.  283. 3090.   57.   31.   46.
   26.   34.   74.   53.   39.   83.   61.  166.]
[  47.  172.   34.   33.   67.   67.  283. 3090.   57.   31.   46.   26.
   34.   74.   53.   39.   83.   61.  166.   88.]
[ 172.   34.   33.   67.   67.  283. 3090.   57.   31.   46.   26.   34.
   74.   53.   39.   83.   61.  166.   88.   35.]
[  34.   33.   67.   67.  283. 3090.   57.   31.   46.   26.   34.   74.
   53.   39.   83.   61.  166.   88.   35.   84.]
[  33.   67.   67.  283. 3090.   57.   31.   46.   26.   34.   74.   53.
   39.   83.   61.  166.   88.   35.   84.    7.]
[  67.   67.  283. 3090.   57.   31.   46.   26.   34.   74.   53.   39.
   83.   61.  166.   88.   35.   84.    7. 3078.]
[  67.  283. 3090.   57.   31.   46.   26.   34.   74.   53.   39.   83.
   61.  166.   88.   35.   84.    7. 3078.   61.]
[ 283. 3090.   57.   31.   46.   26.   34.   74.   53.   39.   83.   61.
  166.   88.   35.   84.    7. 3078.   61.   44.]
[3090.   57.   31.   46.   26.   34.   74.   53.   39.   83.   61.  166.
   88.   35.   84.    7. 3078.   61.   44.  789.]
[  57.   31.   46.   26.   34.   74.   53.   39.   83.   61.  166.   88.
   35.   84.    7. 3078.   61.   44.  789.  119.]
[  31.   46.   26.   34.   74.   53.   39.   83.   61.  166.   88.   35.
   84.    7. 3078.   61.   44.  789.  119.   35.]
[  46.   26.   34.   74.   53.   39.   83.   61.  166.   88.   35.   84.
    7. 3078.   61.   44.  789.  119.   35.   68.]
[  26.   34.   74.   53.   39.   83.   61.  166.   88.   35.   84.    7.
 3078.   61.   44.  789.  119.   35.   68.  270.]
[  34.   74.   53.   39.   83.   61.  166.   88.   35.   84.    7. 3078.
   61.   44.  789.  119.   35.   68.  270.   29.]
[  74.   53.   39.   83.   61.  166.   88.   35.   84.    7. 3078.   61.
   44.  789.  119.   35.   68.  270.   29.   34.]
[  53.   39.   83.   61.  166.   88.   35.   84.    7. 3078.   61.   44.
  789.  119.   35.   68.  270.   29.   34.   78.]
[  39.   83.   61.  166.   88.   35.   84.    7. 3078.   61.   44.  789.
  119.   35.   68.  270.   29.   34.   78.  174.]
[  83.   61.  166.   88.   35.   84.    7. 3078.   61.   44.  789.  119.
   35.   68.  270.   29.   34.   78.  174.   85.]
[  61.  166.   88.   35.   84.    7. 3078.   61.   44.  789.  119.   35.
   68.  270.   29.   34.   78.  174.   85.   74.]
[ 166.   88.   35.   84.    7. 3078.   61.   44.  789.  119.   35.   68.
  270.   29.   34.   78.  174.   85.   74.   23.]
[  88.   35.   84.    7. 3078.   61.   44.  789.  119.   35.   68.  270.
   29.   34.   78.  174.   85.   74.   23.   38.]
[  35.   84.    7. 3078.   61.   44.  789.  119.   35.   68.  270.   29.
   34.   78.  174.   85.   74.   23.   38.   74.]
[  84.    7. 3078.   61.   44.  789.  119.   35.   68.  270.   29.   34.
   78.  174.   85.   74.   23.   38.   74.   55.]
[   7. 3078.   61.   44.  789.  119.   35.   68.  270.   29.   34.   78.
  174.   85.   74.   23.   38.   74.   55.    9.]
[3078.   61.   44.  789.  119.   35.   68.  270.   29.   34.   78.  174.
   85.   74.   23.   38.   74.   55.    9.   59.]
[ 61.  44. 789. 119.  35.  68. 270.  29.  34.  78. 174.  85.  74.  23.
  38.  74.  55.   9.  59.  46.]
[ 44. 789. 119.  35.  68. 270.  29.  34.  78. 174.  85.  74.  23.  38.
  74.  55.   9.  59.  46.  22.]
[789. 119.  35.  68. 270.  29.  34.  78. 174.  85.  74.  23.  38.  74.
  55.   9.  59.  46.  22.  30.]
[119.  35.  68. 270.  29.  34.  78. 174.  85.  74.  23.  38.  74.  55.
   9.  59.  46.  22.  30.  89.]
[ 35.  68. 270.  29.  34.  78. 174.  85.  74.  23.  38.  74.  55.   9.
  59.  46.  22.  30.  89.  61.]
[ 68. 270.  29.  34.  78. 174.  85.  74.  23.  38.  74.  55.   9.  59.
  46.  22.  30.  89.  61.  67.]
[270.  29.  34.  78. 174.  85.  74.  23.  38.  74.  55.   9.  59.  46.
  22.  30.  89.  61.  67.  43.]
[ 29.  34.  78. 174.  85.  74.  23.  38.  74.  55.   9.  59.  46.  22.
  30.  89.  61.  67.  43. 868.]
[ 34.  78. 174.  85.  74.  23.  38.  74.  55.   9.  59.  46.  22.  30.
  89.  61.  67.  43. 868.  32.]
[ 78. 174.  85.  74.  23.  38.  74.  55.   9.  59.  46.  22.  30.  89.
  61.  67.  43. 868.  32.  77.]
[174.  85.  74.  23.  38.  74.  55.   9.  59.  46.  22.  30.  89.  61.
  67.  43. 868.  32.  77. 460.]
[ 85.  74.  23.  38.  74.  55.   9.  59.  46.  22.  30.  89.  61.  67.
  43. 868.  32.  77. 460.  92.]
[ 74.  23.  38.  74.  55.   9.  59.  46.  22.  30.  89.  61.  67.  43.
 868.  32.  77. 460.  92.  86.]
[ 23.  38.  74.  55.   9.  59.  46.  22.  30.  89.  61.  67.  43. 868.
  32.  77. 460.  92.  86.  35.]
[ 38.  74.  55.   9.  59.  46.  22.  30.  89.  61.  67.  43. 868.  32.
  77. 460.  92.  86.  35.  69.]
[ 74.  55.   9.  59.  46.  22.  30.  89.  61.  67.  43. 868.  32.  77.
 460.  92.  86.  35.  69. 325.]
[ 55.   9.  59.  46.  22.  30.  89.  61.  67.  43. 868.  32.  77. 460.
  92.  86.  35.  69. 325. 588.]
[  9.  59.  46.  22.  30.  89.  61.  67.  43. 868.  32.  77. 460.  92.
  86.  35.  69. 325. 588.  70.]
[ 59.  46.  22.  30.  89.  61.  67.  43. 868.  32.  77. 460.  92.  86.
  35.  69. 325. 588.  70. 110.]
[ 46.  22.  30.  89.  61.  67.  43. 868.  32.  77. 460.  92.  86.  35.
  69. 325. 588.  70. 110.  53.]
[ 22.  30.  89.  61.  67.  43. 868.  32.  77. 460.  92.  86.  35.  69.
 325. 588.  70. 110.  53.  41.]
[ 30.  89.  61.  67.  43. 868.  32.  77. 460.  92.  86.  35.  69. 325.
 588.  70. 110.  53.  41. 106.]
[ 89.  61.  67.  43. 868.  32.  77. 460.  92.  86.  35.  69. 325. 588.
  70. 110.  53.  41. 106.  73.]
[ 61.  67.  43. 868.  32.  77. 460.  92.  86.  35.  69. 325. 588.  70.
 110.  53.  41. 106.  73.  22.]
[ 67.  43. 868.  32.  77. 460.  92.  86.  35.  69. 325. 588.  70. 110.
  53.  41. 106.  73.  22.  64.]
[ 43. 868.  32.  77. 460.  92.  86.  35.  69. 325. 588.  70. 110.  53.
  41. 106.  73.  22.  64.  34.]
[868.  32.  77. 460.  92.  86.  35.  69. 325. 588.  70. 110.  53.  41.
 106.  73.  22.  64.  34.  71.]
[ 32.  77. 460.  92.  86.  35.  69. 325. 588.  70. 110.  53.  41. 106.
  73.  22.  64.  34.  71.  82.]
[ 77. 460.  92.  86.  35.  69. 325. 588.  70. 110.  53.  41. 106.  73.
  22.  64.  34.  71.  82. 142.]
[460.  92.  86.  35.  69. 325. 588.  70. 110.  53.  41. 106.  73.  22.
  64.  34.  71.  82. 142.  47.]
[ 92.  86.  35.  69. 325. 588.  70. 110.  53.  41. 106.  73.  22.  64.
  34.  71.  82. 142.  47.  17.]
[ 86.  35.  69. 325. 588.  70. 110.  53.  41. 106.  73.  22.  64.  34.
  71.  82. 142.  47.  17.  95.]
[ 35.  69. 325. 588.  70. 110.  53.  41. 106.  73.  22.  64.  34.  71.
  82. 142.  47.  17.  95. 107.]
[ 69. 325. 588.  70. 110.  53.  41. 106.  73.  22.  64.  34.  71.  82.
 142.  47.  17.  95. 107.  53.]
[325. 588.  70. 110.  53.  41. 106.  73.  22.  64.  34.  71.  82. 142.
  47.  17.  95. 107.  53.  33.]
[588.  70. 110.  53.  41. 106.  73.  22.  64.  34.  71.  82. 142.  47.
  17.  95. 107.  53.  33.  67.]
[ 70. 110.  53.  41. 106.  73.  22.  64.  34.  71.  82. 142.  47.  17.
  95. 107.  53.  33.  67. 136.]
[110.  53.  41. 106.  73.  22.  64.  34.  71.  82. 142.  47.  17.  95.
 107.  53.  33.  67. 136.  53.]
[ 53.  41. 106.  73.  22.  64.  34.  71.  82. 142.  47.  17.  95. 107.
  53.  33.  67. 136.  53. 189.]
[ 41. 106.  73.  22.  64.  34.  71.  82. 142.  47.  17.  95. 107.  53.
  33.  67. 136.  53. 189. 768.]
[106.  73.  22.  64.  34.  71.  82. 142.  47.  17.  95. 107.  53.  33.
  67. 136.  53. 189. 768.  29.]
[ 73.  22.  64.  34.  71.  82. 142.  47.  17.  95. 107.  53.  33.  67.
 136.  53. 189. 768.  29. 146.]
[ 22.  64.  34.  71.  82. 142.  47.  17.  95. 107.  53.  33.  67. 136.
  53. 189. 768.  29. 146.  34.]
[ 64.  34.  71.  82. 142.  47.  17.  95. 107.  53.  33.  67. 136.  53.
 189. 768.  29. 146.  34. 160.]
[ 34.  71.  82. 142.  47.  17.  95. 107.  53.  33.  67. 136.  53. 189.
 768.  29. 146.  34. 160.  43.]
[ 71.  82. 142.  47.  17.  95. 107.  53.  33.  67. 136.  53. 189. 768.
  29. 146.  34. 160.  43.  63.]
[ 82. 142.  47.  17.  95. 107.  53.  33.  67. 136.  53. 189. 768.  29.
 146.  34. 160.  43.  63.  42.]
[142.  47.  17.  95. 107.  53.  33.  67. 136.  53. 189. 768.  29. 146.
  34. 160.  43.  63.  42.  50.]
[ 47.  17.  95. 107.  53.  33.  67. 136.  53. 189. 768.  29. 146.  34.
 160.  43.  63.  42.  50.  91.]
[ 17.  95. 107.  53.  33.  67. 136.  53. 189. 768.  29. 146.  34. 160.
  43.  63.  42.  50.  91.  66.]
[ 95. 107.  53.  33.  67. 136.  53. 189. 768.  29. 146.  34. 160.  43.
  63.  42.  50.  91.  66.  19.]
[107.  53.  33.  67. 136.  53. 189. 768.  29. 146.  34. 160.  43.  63.
  42.  50.  91.  66.  19.  77.]
[ 53.  33.  67. 136.  53. 189. 768.  29. 146.  34. 160.  43.  63.  42.
  50.  91.  66.  19.  77.  67.]
[ 33.  67. 136.  53. 189. 768.  29. 146.  34. 160.  43.  63.  42.  50.
  91.  66.  19.  77.  67.  28.]
[ 67. 136.  53. 189. 768.  29. 146.  34. 160.  43.  63.  42.  50.  91.
  66.  19.  77.  67.  28. 115.]
[136.  53. 189. 768.  29. 146.  34. 160.  43.  63.  42.  50.  91.  66.
  19.  77.  67.  28. 115.  93.]
[ 53. 189. 768.  29. 146.  34. 160.  43.  63.  42.  50.  91.  66.  19.
  77.  67.  28. 115.  93. 113.]
[189. 768.  29. 146.  34. 160.  43.  63.  42.  50.  91.  66.  19.  77.
  67.  28. 115.  93. 113.  38.]
[768.  29. 146.  34. 160.  43.  63.  42.  50.  91.  66.  19.  77.  67.
  28. 115.  93. 113.  38.  81.]
[ 29. 146.  34. 160.  43.  63.  42.  50.  91.  66.  19.  77.  67.  28.
 115.  93. 113.  38.  81.  20.]
[146.  34. 160.  43.  63.  42.  50.  91.  66.  19.  77.  67.  28. 115.
  93. 113.  38.  81.  20. 173.]
[ 34. 160.  43.  63.  42.  50.  91.  66.  19.  77.  67.  28. 115.  93.
 113.  38.  81.  20. 173.  54.]
[160.  43.  63.  42.  50.  91.  66.  19.  77.  67.  28. 115.  93. 113.
  38.  81.  20. 173.  54.  58.]
[ 43.  63.  42.  50.  91.  66.  19.  77.  67.  28. 115.  93. 113.  38.
  81.  20. 173.  54.  58.  22.]
[ 63.  42.  50.  91.  66.  19.  77.  67.  28. 115.  93. 113.  38.  81.
  20. 173.  54.  58.  22.  65.]
[ 42.  50.  91.  66.  19.  77.  67.  28. 115.  93. 113.  38.  81.  20.
 173.  54.  58.  22.  65. 123.]
[ 50.  91.  66.  19.  77.  67.  28. 115.  93. 113.  38.  81.  20. 173.
  54.  58.  22.  65. 123. 224.]
[ 91.  66.  19.  77.  67.  28. 115.  93. 113.  38.  81.  20. 173.  54.
  58.  22.  65. 123. 224. 126.]
[ 66.  19.  77.  67.  28. 115.  93. 113.  38.  81.  20. 173.  54.  58.
  22.  65. 123. 224. 126.  59.]
[ 19.  77.  67.  28. 115.  93. 113.  38.  81.  20. 173.  54.  58.  22.
  65. 123. 224. 126.  59.  65.]
[ 77.  67.  28. 115.  93. 113.  38.  81.  20. 173.  54.  58.  22.  65.
 123. 224. 126.  59.  65. 233.]
[ 67.  28. 115.  93. 113.  38.  81.  20. 173.  54.  58.  22.  65. 123.
 224. 126.  59.  65. 233. 213.]
[ 28. 115.  93. 113.  38.  81.  20. 173.  54.  58.  22.  65. 123. 224.
 126.  59.  65. 233. 213.  85.]
[115.  93. 113.  38.  81.  20. 173.  54.  58.  22.  65. 123. 224. 126.
  59.  65. 233. 213.  85.  59.]
[ 93. 113.  38.  81.  20. 173.  54.  58.  22.  65. 123. 224. 126.  59.
  65. 233. 213.  85.  59.  54.]
[113.  38.  81.  20. 173.  54.  58.  22.  65. 123. 224. 126.  59.  65.
 233. 213.  85.  59.  54. 690.]
[ 38.  81.  20. 173.  54.  58.  22.  65. 123. 224. 126.  59.  65. 233.
 213.  85.  59.  54. 690.  18.]
[ 81.  20. 173.  54.  58.  22.  65. 123. 224. 126.  59.  65. 233. 213.
  85.  59.  54. 690.  18.  72.]
[ 20. 173.  54.  58.  22.  65. 123. 224. 126.  59.  65. 233. 213.  85.
  59.  54. 690.  18.  72.  90.]
[173.  54.  58.  22.  65. 123. 224. 126.  59.  65. 233. 213.  85.  59.
  54. 690.  18.  72.  90.  66.]
[ 54.  58.  22.  65. 123. 224. 126.  59.  65. 233. 213.  85.  59.  54.
 690.  18.  72.  90.  66.  61.]
[ 58.  22.  65. 123. 224. 126.  59.  65. 233. 213.  85.  59.  54. 690.
  18.  72.  90.  66.  61.  37.]
[ 22.  65. 123. 224. 126.  59.  65. 233. 213.  85.  59.  54. 690.  18.
  72.  90.  66.  61.  37.  14.]
[ 65. 123. 224. 126.  59.  65. 233. 213.  85.  59.  54. 690.  18.  72.
  90.  66.  61.  37.  14.  49.]
[123. 224. 126.  59.  65. 233. 213.  85.  59.  54. 690.  18.  72.  90.
  66.  61.  37.  14.  49.  37.]
[224. 126.  59.  65. 233. 213.  85.  59.  54. 690.  18.  72.  90.  66.
  61.  37.  14.  49.  37. 106.]
[126.  59.  65. 233. 213.  85.  59.  54. 690.  18.  72.  90.  66.  61.
  37.  14.  49.  37. 106.  48.]
[ 59.  65. 233. 213.  85.  59.  54. 690.  18.  72.  90.  66.  61.  37.
  14.  49.  37. 106.  48.  54.]
[ 65. 233. 213.  85.  59.  54. 690.  18.  72.  90.  66.  61.  37.  14.
  49.  37. 106.  48.  54.  79.]
[233. 213.  85.  59.  54. 690.  18.  72.  90.  66.  61.  37.  14.  49.
  37. 106.  48.  54.  79.  16.]
[213.  85.  59.  54. 690.  18.  72.  90.  66.  61.  37.  14.  49.  37.
 106.  48.  54.  79.  16.  13.]
[ 85.  59.  54. 690.  18.  72.  90.  66.  61.  37.  14.  49.  37. 106.
  48.  54.  79.  16.  13. 340.]
[ 59.  54. 690.  18.  72.  90.  66.  61.  37.  14.  49.  37. 106.  48.
  54.  79.  16.  13. 340.  59.]
[ 54. 690.  18.  72.  90.  66.  61.  37.  14.  49.  37. 106.  48.  54.
  79.  16.  13. 340.  59.  61.]
[690.  18.  72.  90.  66.  61.  37.  14.  49.  37. 106.  48.  54.  79.
  16.  13. 340.  59.  61.  40.]
[ 18.  72.  90.  66.  61.  37.  14.  49.  37. 106.  48.  54.  79.  16.
  13. 340.  59.  61.  40.  62.]
[ 72.  90.  66.  61.  37.  14.  49.  37. 106.  48.  54.  79.  16.  13.
 340.  59.  61.  40.  62.  62.]
[ 90.  66.  61.  37.  14.  49.  37. 106.  48.  54.  79.  16.  13. 340.
  59.  61.  40.  62.  62.  27.]
[ 66.  61.  37.  14.  49.  37. 106.  48.  54.  79.  16.  13. 340.  59.
  61.  40.  62.  62.  27.  17.]
[ 61.  37.  14.  49.  37. 106.  48.  54.  79.  16.  13. 340.  59.  61.
  40.  62.  62.  27.  17.  46.]
[ 37.  14.  49.  37. 106.  48.  54.  79.  16.  13. 340.  59.  61.  40.
  62.  62.  27.  17.  46.  55.]
[ 14.  49.  37. 106.  48.  54.  79.  16.  13. 340.  59.  61.  40.  62.
  62.  27.  17.  46.  55.  49.]
[ 49.  37. 106.  48.  54.  79.  16.  13. 340.  59.  61.  40.  62.  62.
  27.  17.  46.  55.  49.  65.]
[ 37. 106.  48.  54.  79.  16.  13. 340.  59.  61.  40.  62.  62.  27.
  17.  46.  55.  49.  65.  97.]
[106.  48.  54.  79.  16.  13. 340.  59.  61.  40.  62.  62.  27.  17.
  46.  55.  49.  65.  97.  31.]
[ 48.  54.  79.  16.  13. 340.  59.  61.  40.  62.  62.  27.  17.  46.
  55.  49.  65.  97.  31.  49.]
[ 54.  79.  16.  13. 340.  59.  61.  40.  62.  62.  27.  17.  46.  55.
  49.  65.  97.  31.  49.   3.]
[ 79.  16.  13. 340.  59.  61.  40.  62.  62.  27.  17.  46.  55.  49.
  65.  97.  31.  49.   3.  48.]
[ 16.  13. 340.  59.  61.  40.  62.  62.  27.  17.  46.  55.  49.  65.
  97.  31.  49.   3.  48. 352.]
[ 13. 340.  59.  61.  40.  62.  62.  27.  17.  46.  55.  49.  65.  97.
  31.  49.   3.  48. 352.  54.]
[340.  59.  61.  40.  62.  62.  27.  17.  46.  55.  49.  65.  97.  31.
  49.   3.  48. 352.  54.  59.]
[  59.   61.   40.   62.   62.   27.   17.   46.   55.   49.   65.   97.
   31.   49.    3.   48.  352.   54.   59. 1151.]
[  61.   40.   62.   62.   27.   17.   46.   55.   49.   65.   97.   31.
   49.    3.   48.  352.   54.   59. 1151.   56.]
[  40.   62.   62.   27.   17.   46.   55.   49.   65.   97.   31.   49.
    3.   48.  352.   54.   59. 1151.   56.   63.]
[  62.   62.   27.   17.   46.   55.   49.   65.   97.   31.   49.    3.
   48.  352.   54.   59. 1151.   56.   63.   81.]
[  62.   27.   17.   46.   55.   49.   65.   97.   31.   49.    3.   48.
  352.   54.   59. 1151.   56.   63.   81.  112.]
[  27.   17.   46.   55.   49.   65.   97.   31.   49.    3.   48.  352.
   54.   59. 1151.   56.   63.   81.  112.   71.]
[  17.   46.   55.   49.   65.   97.   31.   49.    3.   48.  352.   54.
   59. 1151.   56.   63.   81.  112.   71.   89.]
[  46.   55.   49.   65.   97.   31.   49.    3.   48.  352.   54.   59.
 1151.   56.   63.   81.  112.   71.   89.   16.]
[  55.   49.   65.   97.   31.   49.    3.   48.  352.   54.   59. 1151.
   56.   63.   81.  112.   71.   89.   16.   59.]
[  49.   65.   97.   31.   49.    3.   48.  352.   54.   59. 1151.   56.
   63.   81.  112.   71.   89.   16.   59.   19.]
[  65.   97.   31.   49.    3.   48.  352.   54.   59. 1151.   56.   63.
   81.  112.   71.   89.   16.   59.   19.   45.]
[  97.   31.   49.    3.   48.  352.   54.   59. 1151.   56.   63.   81.
  112.   71.   89.   16.   59.   19.   45.   98.]
[  31.   49.    3.   48.  352.   54.   59. 1151.   56.   63.   81.  112.
   71.   89.   16.   59.   19.   45.   98.  349.]
[  49.    3.   48.  352.   54.   59. 1151.   56.   63.   81.  112.   71.
   89.   16.   59.   19.   45.   98.  349.  128.]
[   3.   48.  352.   54.   59. 1151.   56.   63.   81.  112.   71.   89.
   16.   59.   19.   45.   98.  349.  128.   33.]
[  48.  352.   54.   59. 1151.   56.   63.   81.  112.   71.   89.   16.
   59.   19.   45.   98.  349.  128.   33.  145.]
[ 352.   54.   59. 1151.   56.   63.   81.  112.   71.   89.   16.   59.
   19.   45.   98.  349.  128.   33.  145.    4.]
[  54.   59. 1151.   56.   63.   81.  112.   71.   89.   16.   59.   19.
   45.   98.  349.  128.   33.  145.    4.  277.]
[  59. 1151.   56.   63.   81.  112.   71.   89.   16.   59.   19.   45.
   98.  349.  128.   33.  145.    4.  277.   51.]
[1151.   56.   63.   81.  112.   71.   89.   16.   59.   19.   45.   98.
  349.  128.   33.  145.    4.  277.   51.   30.]
[ 56.  63.  81. 112.  71.  89.  16.  59.  19.  45.  98. 349. 128.  33.
 145.   4. 277.  51.  30. 263.]
[ 63.  81. 112.  71.  89.  16.  59.  19.  45.  98. 349. 128.  33. 145.
   4. 277.  51.  30. 263.  86.]
[ 81. 112.  71.  89.  16.  59.  19.  45.  98. 349. 128.  33. 145.   4.
 277.  51.  30. 263.  86.  39.]
[112.  71.  89.  16.  59.  19.  45.  98. 349. 128.  33. 145.   4. 277.
  51.  30. 263.  86.  39.  34.]
[ 71.  89.  16.  59.  19.  45.  98. 349. 128.  33. 145.   4. 277.  51.
  30. 263.  86.  39.  34.  94.]
[ 89.  16.  59.  19.  45.  98. 349. 128.  33. 145.   4. 277.  51.  30.
 263.  86.  39.  34.  94. 233.]
[ 16.  59.  19.  45.  98. 349. 128.  33. 145.   4. 277.  51.  30. 263.
  86.  39.  34.  94. 233.   6.]
[ 59.  19.  45.  98. 349. 128.  33. 145.   4. 277.  51.  30. 263.  86.
  39.  34.  94. 233.   6.  45.]
[  19.   45.   98.  349.  128.   33.  145.    4.  277.   51.   30.  263.
   86.   39.   34.   94.  233.    6.   45. 1182.]
[  45.   98.  349.  128.   33.  145.    4.  277.   51.   30.  263.   86.
   39.   34.   94.  233.    6.   45. 1182.   16.]
[  98.  349.  128.   33.  145.    4.  277.   51.   30.  263.   86.   39.
   34.   94.  233.    6.   45. 1182.   16.   26.]
[ 349.  128.   33.  145.    4.  277.   51.   30.  263.   86.   39.   34.
   94.  233.    6.   45. 1182.   16.   26.  104.]
[ 128.   33.  145.    4.  277.   51.   30.  263.   86.   39.   34.   94.
  233.    6.   45. 1182.   16.   26.  104.   51.]
[  33.  145.    4.  277.   51.   30.  263.   86.   39.   34.   94.  233.
    6.   45. 1182.   16.   26.  104.   51.   62.]
[ 145.    4.  277.   51.   30.  263.   86.   39.   34.   94.  233.    6.
   45. 1182.   16.   26.  104.   51.   62.   92.]
[   4.  277.   51.   30.  263.   86.   39.   34.   94.  233.    6.   45.
 1182.   16.   26.  104.   51.   62.   92.   69.]
[ 277.   51.   30.  263.   86.   39.   34.   94.  233.    6.   45. 1182.
   16.   26.  104.   51.   62.   92.   69.   71.]
[  51.   30.  263.   86.   39.   34.   94.  233.    6.   45. 1182.   16.
   26.  104.   51.   62.   92.   69.   71.   45.]
[  30.  263.   86.   39.   34.   94.  233.    6.   45. 1182.   16.   26.
  104.   51.   62.   92.   69.   71.   45.   28.]
[ 263.   86.   39.   34.   94.  233.    6.   45. 1182.   16.   26.  104.
   51.   62.   92.   69.   71.   45.   28.   97.]
[  86.   39.   34.   94.  233.    6.   45. 1182.   16.   26.  104.   51.
   62.   92.   69.   71.   45.   28.   97.  616.]
[  39.   34.   94.  233.    6.   45. 1182.   16.   26.  104.   51.   62.
   92.   69.   71.   45.   28.   97.  616.   27.]
[  34.   94.  233.    6.   45. 1182.   16.   26.  104.   51.   62.   92.
   69.   71.   45.   28.   97.  616.   27.  181.]
[  94.  233.    6.   45. 1182.   16.   26.  104.   51.   62.   92.   69.
   71.   45.   28.   97.  616.   27.  181.   72.]
[ 233.    6.   45. 1182.   16.   26.  104.   51.   62.   92.   69.   71.
   45.   28.   97.  616.   27.  181.   72.  102.]
[   6.   45. 1182.   16.   26.  104.   51.   62.   92.   69.   71.   45.
   28.   97.  616.   27.  181.   72.  102.   56.]
[  45. 1182.   16.   26.  104.   51.   62.   92.   69.   71.   45.   28.
   97.  616.   27.  181.   72.  102.   56.   59.]
[1182.   16.   26.  104.   51.   62.   92.   69.   71.   45.   28.   97.
  616.   27.  181.   72.  102.   56.   59.   28.]
[ 16.  26. 104.  51.  62.  92.  69.  71.  45.  28.  97. 616.  27. 181.
  72. 102.  56.  59.  28.  89.]
[ 26. 104.  51.  62.  92.  69.  71.  45.  28.  97. 616.  27. 181.  72.
 102.  56.  59.  28.  89.  55.]
[104.  51.  62.  92.  69.  71.  45.  28.  97. 616.  27. 181.  72. 102.
  56.  59.  28.  89.  55.  10.]
[ 51.  62.  92.  69.  71.  45.  28.  97. 616.  27. 181.  72. 102.  56.
  59.  28.  89.  55.  10.  64.]
[ 62.  92.  69.  71.  45.  28.  97. 616.  27. 181.  72. 102.  56.  59.
  28.  89.  55.  10.  64.  75.]
[ 92.  69.  71.  45.  28.  97. 616.  27. 181.  72. 102.  56.  59.  28.
  89.  55.  10.  64.  75. 829.]
[ 69.  71.  45.  28.  97. 616.  27. 181.  72. 102.  56.  59.  28.  89.
  55.  10.  64.  75. 829.  53.]
[ 71.  45.  28.  97. 616.  27. 181.  72. 102.  56.  59.  28.  89.  55.
  10.  64.  75. 829.  53. 126.]
[ 45.  28.  97. 616.  27. 181.  72. 102.  56.  59.  28.  89.  55.  10.
  64.  75. 829.  53. 126. 827.]
[ 28.  97. 616.  27. 181.  72. 102.  56.  59.  28.  89.  55.  10.  64.
  75. 829.  53. 126. 827.  50.]
[ 97. 616.  27. 181.  72. 102.  56.  59.  28.  89.  55.  10.  64.  75.
 829.  53. 126. 827.  50. 634.]
[616.  27. 181.  72. 102.  56.  59.  28.  89.  55.  10.  64.  75. 829.
  53. 126. 827.  50. 634.  75.]
[ 27. 181.  72. 102.  56.  59.  28.  89.  55.  10.  64.  75. 829.  53.
 126. 827.  50. 634.  75.  15.]
[181.  72. 102.  56.  59.  28.  89.  55.  10.  64.  75. 829.  53. 126.
 827.  50. 634.  75.  15.  92.]
[ 72. 102.  56.  59.  28.  89.  55.  10.  64.  75. 829.  53. 126. 827.
  50. 634.  75.  15.  92.  13.]
[102.  56.  59.  28.  89.  55.  10.  64.  75. 829.  53. 126. 827.  50.
 634.  75.  15.  92.  13.  17.]
[ 56.  59.  28.  89.  55.  10.  64.  75. 829.  53. 126. 827.  50. 634.
  75.  15.  92.  13.  17.  26.]
[ 59.  28.  89.  55.  10.  64.  75. 829.  53. 126. 827.  50. 634.  75.
  15.  92.  13.  17.  26.  45.]
[ 28.  89.  55.  10.  64.  75. 829.  53. 126. 827.  50. 634.  75.  15.
  92.  13.  17.  26.  45.  42.]
[ 89.  55.  10.  64.  75. 829.  53. 126. 827.  50. 634.  75.  15.  92.
  13.  17.  26.  45.  42.  98.]
[ 55.  10.  64.  75. 829.  53. 126. 827.  50. 634.  75.  15.  92.  13.
  17.  26.  45.  42.  98.  28.]
[ 10.  64.  75. 829.  53. 126. 827.  50. 634.  75.  15.  92.  13.  17.
  26.  45.  42.  98.  28.  20.]
[ 64.  75. 829.  53. 126. 827.  50. 634.  75.  15.  92.  13.  17.  26.
  45.  42.  98.  28.  20.  73.]
[ 75. 829.  53. 126. 827.  50. 634.  75.  15.  92.  13.  17.  26.  45.
  42.  98.  28.  20.  73.  23.]
[829.  53. 126. 827.  50. 634.  75.  15.  92.  13.  17.  26.  45.  42.
  98.  28.  20.  73.  23.  10.]
[ 53. 126. 827.  50. 634.  75.  15.  92.  13.  17.  26.  45.  42.  98.
  28.  20.  73.  23.  10.  41.]
[126. 827.  50. 634.  75.  15.  92.  13.  17.  26.  45.  42.  98.  28.
  20.  73.  23.  10.  41. 103.]
[827.  50. 634.  75.  15.  92.  13.  17.  26.  45.  42.  98.  28.  20.
  73.  23.  10.  41. 103.  50.]
[ 50. 634.  75.  15.  92.  13.  17.  26.  45.  42.  98.  28.  20.  73.
  23.  10.  41. 103.  50. 123.]
[634.  75.  15.  92.  13.  17.  26.  45.  42.  98.  28.  20.  73.  23.
  10.  41. 103.  50. 123.  55.]
[ 75.  15.  92.  13.  17.  26.  45.  42.  98.  28.  20.  73.  23.  10.
  41. 103.  50. 123.  55.  45.]
[ 15.  92.  13.  17.  26.  45.  42.  98.  28.  20.  73.  23.  10.  41.
 103.  50. 123.  55.  45.  63.]
[ 92.  13.  17.  26.  45.  42.  98.  28.  20.  73.  23.  10.  41. 103.
  50. 123.  55.  45.  63.   6.]
[ 13.  17.  26.  45.  42.  98.  28.  20.  73.  23.  10.  41. 103.  50.
 123.  55.  45.  63.   6.  83.]
[ 17.  26.  45.  42.  98.  28.  20.  73.  23.  10.  41. 103.  50. 123.
  55.  45.  63.   6.  83.  48.]
[ 26.  45.  42.  98.  28.  20.  73.  23.  10.  41. 103.  50. 123.  55.
  45.  63.   6.  83.  48. 206.]
[  45.   42.   98.   28.   20.   73.   23.   10.   41.  103.   50.  123.
   55.   45.   63.    6.   83.   48.  206. 1784.]
[  42.   98.   28.   20.   73.   23.   10.   41.  103.   50.  123.   55.
   45.   63.    6.   83.   48.  206. 1784.   56.]
[  98.   28.   20.   73.   23.   10.   41.  103.   50.  123.   55.   45.
   63.    6.   83.   48.  206. 1784.   56.   31.]
[  28.   20.   73.   23.   10.   41.  103.   50.  123.   55.   45.   63.
    6.   83.   48.  206. 1784.   56.   31.   28.]
[  20.   73.   23.   10.   41.  103.   50.  123.   55.   45.   63.    6.
   83.   48.  206. 1784.   56.   31.   28.   44.]
[  73.   23.   10.   41.  103.   50.  123.   55.   45.   63.    6.   83.
   48.  206. 1784.   56.   31.   28.   44.   39.]
[  23.   10.   41.  103.   50.  123.   55.   45.   63.    6.   83.   48.
  206. 1784.   56.   31.   28.   44.   39.   59.]
[  10.   41.  103.   50.  123.   55.   45.   63.    6.   83.   48.  206.
 1784.   56.   31.   28.   44.   39.   59.  279.]
[  41.  103.   50.  123.   55.   45.   63.    6.   83.   48.  206. 1784.
   56.   31.   28.   44.   39.   59.  279.  119.]
[ 103.   50.  123.   55.   45.   63.    6.   83.   48.  206. 1784.   56.
   31.   28.   44.   39.   59.  279.  119.   68.]
[  50.  123.   55.   45.   63.    6.   83.   48.  206. 1784.   56.   31.
   28.   44.   39.   59.  279.  119.   68.   95.]
[ 123.   55.   45.   63.    6.   83.   48.  206. 1784.   56.   31.   28.
   44.   39.   59.  279.  119.   68.   95.   44.]
[  55.   45.   63.    6.   83.   48.  206. 1784.   56.   31.   28.   44.
   39.   59.  279.  119.   68.   95.   44.   44.]
[  45.   63.    6.   83.   48.  206. 1784.   56.   31.   28.   44.   39.
   59.  279.  119.   68.   95.   44.   44.   15.]
[  63.    6.   83.   48.  206. 1784.   56.   31.   28.   44.   39.   59.
  279.  119.   68.   95.   44.   44.   15.   45.]
[   6.   83.   48.  206. 1784.   56.   31.   28.   44.   39.   59.  279.
  119.   68.   95.   44.   44.   15.   45.   60.]
[  83.   48.  206. 1784.   56.   31.   28.   44.   39.   59.  279.  119.
   68.   95.   44.   44.   15.   45.   60.   59.]
[  48.  206. 1784.   56.   31.   28.   44.   39.   59.  279.  119.   68.
   95.   44.   44.   15.   45.   60.   59.   59.]
[ 206. 1784.   56.   31.   28.   44.   39.   59.  279.  119.   68.   95.
   44.   44.   15.   45.   60.   59.   59.   27.]
[1784.   56.   31.   28.   44.   39.   59.  279.  119.   68.   95.   44.
   44.   15.   45.   60.   59.   59.   27.   53.]
[ 56.  31.  28.  44.  39.  59. 279. 119.  68.  95.  44.  44.  15.  45.
  60.  59.  59.  27.  53.  49.]
[ 31.  28.  44.  39.  59. 279. 119.  68.  95.  44.  44.  15.  45.  60.
  59.  59.  27.  53.  49.  61.]
[ 28.  44.  39.  59. 279. 119.  68.  95.  44.  44.  15.  45.  60.  59.
  59.  27.  53.  49.  61. 100.]
[ 44.  39.  59. 279. 119.  68.  95.  44.  44.  15.  45.  60.  59.  59.
  27.  53.  49.  61. 100.  26.]
[ 39.  59. 279. 119.  68.  95.  44.  44.  15.  45.  60.  59.  59.  27.
  53.  49.  61. 100.  26.   4.]
[ 59. 279. 119.  68.  95.  44.  44.  15.  45.  60.  59.  59.  27.  53.
  49.  61. 100.  26.   4.  57.]
[279. 119.  68.  95.  44.  44.  15.  45.  60.  59.  59.  27.  53.  49.
  61. 100.  26.   4.  57.  17.]
[ 119.   68.   95.   44.   44.   15.   45.   60.   59.   59.   27.   53.
   49.   61.  100.   26.    4.   57.   17. 1321.]
[  68.   95.   44.   44.   15.   45.   60.   59.   59.   27.   53.   49.
   61.  100.   26.    4.   57.   17. 1321.   19.]
[  95.   44.   44.   15.   45.   60.   59.   59.   27.   53.   49.   61.
  100.   26.    4.   57.   17. 1321.   19.    9.]
[  44.   44.   15.   45.   60.   59.   59.   27.   53.   49.   61.  100.
   26.    4.   57.   17. 1321.   19.    9.   26.]
[  44.   15.   45.   60.   59.   59.   27.   53.   49.   61.  100.   26.
    4.   57.   17. 1321.   19.    9.   26.   48.]
[  15.   45.   60.   59.   59.   27.   53.   49.   61.  100.   26.    4.
   57.   17. 1321.   19.    9.   26.   48.   64.]
[  45.   60.   59.   59.   27.   53.   49.   61.  100.   26.    4.   57.
   17. 1321.   19.    9.   26.   48.   64.  140.]
[  60.   59.   59.   27.   53.   49.   61.  100.   26.    4.   57.   17.
 1321.   19.    9.   26.   48.   64.  140.   36.]
[  59.   59.   27.   53.   49.   61.  100.   26.    4.   57.   17. 1321.
   19.    9.   26.   48.   64.  140.   36.   53.]
[  59.   27.   53.   49.   61.  100.   26.    4.   57.   17. 1321.   19.
    9.   26.   48.   64.  140.   36.   53.  137.]
[  27.   53.   49.   61.  100.   26.    4.   57.   17. 1321.   19.    9.
   26.   48.   64.  140.   36.   53.  137.   77.]
[  53.   49.   61.  100.   26.    4.   57.   17. 1321.   19.    9.   26.
   48.   64.  140.   36.   53.  137.   77.   85.]
[  49.   61.  100.   26.    4.   57.   17. 1321.   19.    9.   26.   48.
   64.  140.   36.   53.  137.   77.   85.  129.]
[  61.  100.   26.    4.   57.   17. 1321.   19.    9.   26.   48.   64.
  140.   36.   53.  137.   77.   85.  129.   32.]
[ 100.   26.    4.   57.   17. 1321.   19.    9.   26.   48.   64.  140.
   36.   53.  137.   77.   85.  129.   32.   85.]
[  26.    4.   57.   17. 1321.   19.    9.   26.   48.   64.  140.   36.
   53.  137.   77.   85.  129.   32.   85.   60.]
[   4.   57.   17. 1321.   19.    9.   26.   48.   64.  140.   36.   53.
  137.   77.   85.  129.   32.   85.   60.   43.]
[  57.   17. 1321.   19.    9.   26.   48.   64.  140.   36.   53.  137.
   77.   85.  129.   32.   85.   60.   43.   50.]
[  17. 1321.   19.    9.   26.   48.   64.  140.   36.   53.  137.   77.
   85.  129.   32.   85.   60.   43.   50.   75.]
[1321.   19.    9.   26.   48.   64.  140.   36.   53.  137.   77.   85.
  129.   32.   85.   60.   43.   50.   75.   54.]
[ 19.   9.  26.  48.  64. 140.  36.  53. 137.  77.  85. 129.  32.  85.
  60.  43.  50.  75.  54.  12.]
[  9.  26.  48.  64. 140.  36.  53. 137.  77.  85. 129.  32.  85.  60.
  43.  50.  75.  54.  12.  59.]
[ 26.  48.  64. 140.  36.  53. 137.  77.  85. 129.  32.  85.  60.  43.
  50.  75.  54.  12.  59.  47.]
[ 48.  64. 140.  36.  53. 137.  77.  85. 129.  32.  85.  60.  43.  50.
  75.  54.  12.  59.  47.  34.]
[ 64. 140.  36.  53. 137.  77.  85. 129.  32.  85.  60.  43.  50.  75.
  54.  12.  59.  47.  34.  89.]
[140.  36.  53. 137.  77.  85. 129.  32.  85.  60.  43.  50.  75.  54.
  12.  59.  47.  34.  89.  89.]
[ 36.  53. 137.  77.  85. 129.  32.  85.  60.  43.  50.  75.  54.  12.
  59.  47.  34.  89.  89.  79.]
[ 53. 137.  77.  85. 129.  32.  85.  60.  43.  50.  75.  54.  12.  59.
  47.  34.  89.  89.  79.  29.]
[137.  77.  85. 129.  32.  85.  60.  43.  50.  75.  54.  12.  59.  47.
  34.  89.  89.  79.  29.  68.]
[ 77.  85. 129.  32.  85.  60.  43.  50.  75.  54.  12.  59.  47.  34.
  89.  89.  79.  29.  68.  50.]
[ 85. 129.  32.  85.  60.  43.  50.  75.  54.  12.  59.  47.  34.  89.
  89.  79.  29.  68.  50. 270.]
[129.  32.  85.  60.  43.  50.  75.  54.  12.  59.  47.  34.  89.  89.
  79.  29.  68.  50. 270.  31.]
[ 32.  85.  60.  43.  50.  75.  54.  12.  59.  47.  34.  89.  89.  79.
  29.  68.  50. 270.  31.  67.]
[ 85.  60.  43.  50.  75.  54.  12.  59.  47.  34.  89.  89.  79.  29.
  68.  50. 270.  31.  67.  15.]
[ 60.  43.  50.  75.  54.  12.  59.  47.  34.  89.  89.  79.  29.  68.
  50. 270.  31.  67.  15.  88.]
[ 43.  50.  75.  54.  12.  59.  47.  34.  89.  89.  79.  29.  68.  50.
 270.  31.  67.  15.  88.  75.]
[ 50.  75.  54.  12.  59.  47.  34.  89.  89.  79.  29.  68.  50. 270.
  31.  67.  15.  88.  75.  46.]
[ 75.  54.  12.  59.  47.  34.  89.  89.  79.  29.  68.  50. 270.  31.
  67.  15.  88.  75.  46.  82.]
[ 54.  12.  59.  47.  34.  89.  89.  79.  29.  68.  50. 270.  31.  67.
  15.  88.  75.  46.  82.  52.]
[ 12.  59.  47.  34.  89.  89.  79.  29.  68.  50. 270.  31.  67.  15.
  88.  75.  46.  82.  52.  35.]
[ 59.  47.  34.  89.  89.  79.  29.  68.  50. 270.  31.  67.  15.  88.
  75.  46.  82.  52.  35.  38.]
[ 47.  34.  89.  89.  79.  29.  68.  50. 270.  31.  67.  15.  88.  75.
  46.  82.  52.  35.  38.  42.]
