470.45,470.45,470.45,470.45,470.45,470.45,470.45,470.45,470.45,470.45
470.45,470.45,470.45,470.45,470.45,470.45,470.45,470.45,470.45,470.45
470.45,470.45,470.45,470.45,470.45,470.45,470.45,470.45,470.45,470.45
470.45,470.45,470.45,470.45,470.45,470.45,470.45,470.45,470.45,470.45
470.45,470.45,470.45,470.45,470.45,470.45,470.45,470.45,470.45,470.45
470.45,470.45,470.45,470.45,470.45,470.45,470.45,470.45,470.45,470.45
470.45,470.45,470.45,470.45,470.45,470.45,470.45,470.45,470.45,470.45
470.45,470.45,470.45,470.45,470.45,470.45,470.45,470.45,470.45,470.45
470.45,470.45,470.45,470.45,470.45,470.45,470.45,470.45,470.45,470.45
470.45,470.45,470.45,470.45,470.45,470.45,470.45,470.45,470.45,470.45
470.45,470.45,470.45,470.45,470.45,470.45,470.45,470.45,470.45,470.45
470.45,470.45,470.45,470.45,470.45,470.45,470.45,470.45,470.45,470.45
470.45,470.45,470.45,470.45,470.45,470.45,470.45,470.45,470.45,470.45
470.45,470.45,470.45,470.45,470.45,470.45,470.45,470.45,470.45,470.45
470.45,470.45,470.45,470.45,470.45,470.45,470.45,470.45,470.45,470.45
470.45,470.45,470.45,470.45,470.45,470.45,470.45,470.45,470.45,470.45
470.45,470.45,470.45,470.45,470.45,470.45,470.45,470.45,470.45,470.45
470.45,470.45,470.45,470.45,470.45,470.45,470.45,470.45,470.45,470.45
470.45,470.45,470.45,470.45,470.45,470.45,470.45,470.45,470.45,470.45
470.45,470.45,470.45,470.45,470.45,470.45,470.45,470.45,470.45,470.45
470.45,470.45,470.45,470.45,470.45,470.45,470.45,470.45,470.45,470.45
470.43,470.45,470.45,470.45,470.45,470.45,470.45,470.45,470.45,470.45
470.45,470.45,470.45,470.45,470.45,470.45,470.45,470.45,470.45,470.45
470.45,470.45,470.45,470.45,470.45,470.45,470.45,470.45,470.45,470.45
470.45,470.45,470.45,470.45,470.45,470.45,470.45,470.45,470.45,470.45
470.45,470.45,470.45,470.45,470.45,470.45,470.45,470.45,470.45,470.45
468.99,470.45,470.45,470.45,470.45,470.45,470.45,470.45,470.45,470.45
470.45,470.45,470.45,470.45,470.45,470.45,470.45,470.45,470.45,470.45
470.45,470.45,470.45,470.45,470.45,470.45,470.45,470.45,470.45,470.45
470.45,470.45,470.45,470.45,470.45,470.45,470.45,470.45,470.45,470.45
470.45,470.45,470.45,470.45,470.45,470.45,470.45,470.45,470.45,470.45
470.45,470.45,470.45,470.45,470.45,470.45,470.45,470.45,470.45,470.45
470.45,470.45,470.45,470.45,470.45,470.45,470.45,470.45,470.45,470.45
470.45,470.45,470.45,470.45,470.45,470.45,470.45,470.45,470.45,470.45
470.45,470.45,470.45,470.45,470.45,470.45,470.45,470.45,470.45,470.45
470.45,470.45,470.45,470.45,470.45,470.45,470.45,470.45,470.45,470.45
470.45,470.45,470.45,470.45,470.45,470.45,470.45,470.45,470.45,470.45
470.45,470.45,470.45,470.45,470.45,470.45,470.45,470.45,470.45,470.45
470.45,470.45,470.45,470.45,470.45,470.45,470.45,470.45,470.45,470.45
302.07,450.24,466.73,469.92,470.38,470.44,470.45,470.45,470.45,470.45
464.84,469.63,470.34,470.44,470.45,470.45,470.45,470.45,470.45,470.45
469.63,470.34,470.44,470.45,470.45,470.45,470.45,470.45,470.45,470.45
470.34,470.44,470.45,470.45,470.45,470.45,470.45,470.45,470.45,470.45
470.44,470.45,470.45,470.45,470.45,470.45,470.45,470.45,470.45,470.45
470.45,470.45,470.45,470.45,470.45,470.45,470.45,470.45,470.45,470.45
470.45,470.45,470.45,470.45,470.45,470.45,470.45,470.45,470.45,470.45
470.45,470.45,470.45,470.45,470.45,470.45,470.45,470.45,470.45,470.45
470.45,470.45,470.45,470.45,470.45,470.45,470.45,470.45,470.45,470.45
470.45,470.45,470.45,470.45,470.45,470.45,470.45,470.45,470.45,470.45
470.45,470.45,470.45,470.45,470.45,470.45,470.45,470.45,470.45,470.45
470.45,470.45,470.45,470.45,470.45,470.45,470.45,470.45,470.45,470.45
470.45,470.45,470.45,470.45,470.45,470.45,470.45,470.45,470.45,470.45
470.45,470.45,470.45,470.45,470.45,470.45,470.45,470.45,470.45,470.45
469.03,470.29,470.43,470.45,470.45,470.45,470.45,470.45,470.45,470.45
470.36,470.44,470.45,470.45,470.45,470.45,470.45,470.45,470.45,470.45
470.44,470.45,470.45,470.45,470.45,470.45,470.45,470.45,470.45,470.45
470.45,470.45,470.45,470.45,470.45,470.45,470.45,470.45,470.45,470.45
452.39,470.37,470.44,470.45,470.45,470.45,470.45,470.45,470.45,470.45
470.44,470.45,470.45,470.45,470.45,470.45,470.45,470.45,470.45,470.45
470.45,470.45,470.45,470.45,470.45,470.45,470.45,470.45,470.45,470.45
470.45,470.45,470.45,470.45,470.45,470.45,470.45,470.45,470.45,470.45
470.45,470.45,470.45,470.45,470.45,470.45,470.45,470.45,470.45,470.45
470.45,470.45,470.45,470.45,470.45,470.45,470.45,470.45,470.45,470.45
470.45,470.45,470.45,470.45,470.45,470.45,470.45,470.45,470.45,470.45
470.45,470.45,470.45,470.45,470.45,470.45,470.45,470.45,470.45,470.45
470.45,470.45,470.45,470.45,470.45,470.45,470.45,470.45,470.45,470.45
470.45,470.45,470.45,470.45,470.45,470.45,470.45,470.45,470.45,470.45
470.43,470.45,470.45,470.45,470.45,470.45,470.45,470.45,470.45,470.45
470.45,470.45,470.45,470.45,470.45,470.45,470.45,470.45,470.45,470.45
470.44,470.45,470.45,470.45,470.45,470.45,470.45,470.45,470.45,470.45
470.45,470.45,470.45,470.45,470.45,470.45,470.45,470.45,470.45,470.45
470.45,470.45,470.45,470.45,470.45,470.45,470.45,470.45,470.45,470.45
470.45,470.45,470.45,470.45,470.45,470.45,470.45,470.45,470.45,470.45
470.45,470.45,470.45,470.45,470.45,470.45,470.45,470.45,470.45,470.45
470.45,470.45,470.45,470.45,470.45,470.45,470.45,470.45,470.45,470.45
470.45,470.45,470.45,470.45,470.45,470.45,470.45,470.45,470.45,470.45
470.45,470.45,470.45,470.45,470.45,470.45,470.45,470.45,470.45,470.45
470.45,470.45,470.45,470.45,470.45,470.45,470.45,470.45,470.45,470.45
470.45,470.45,470.45,470.45,470.45,470.45,470.45,470.45,470.45,470.45
470.45,470.45,470.45,470.45,470.45,470.45,470.45,470.45,470.45,470.45
470.45,470.45,470.45,470.45,470.45,470.45,470.45,470.45,470.45,470.45
470.45,470.45,470.45,470.45,470.45,470.45,470.45,470.45,470.45,470.45
470.45,470.45,470.45,470.45,470.45,470.45,470.45,470.45,470.45,470.45
470.45,470.45,470.45,470.45,470.45,470.45,470.45,470.45,470.45,470.45
470.45,470.45,470.45,470.45,470.45,470.45,470.45,470.45,470.45,470.45
470.45,470.45,470.45,470.45,470.45,470.45,470.45,470.45,470.45,470.45
470.45,470.45,470.45,470.45,470.45,470.45,470.45,470.45,470.45,470.45
470.45,470.45,470.45,470.45,470.45,470.45,470.45,470.45,470.45,470.45
470.45,470.45,470.45,470.45,470.45,470.45,470.45,470.45,470.45,470.45
470.45,470.45,470.45,470.45,470.45,470.45,470.45,470.45,470.45,470.45
470.45,470.45,470.45,470.45,470.45,470.45,470.45,470.45,470.45,470.45
470.45,470.45,470.45,470.45,470.45,470.45,470.45,470.45,470.45,470.45
470.45,470.45,470.45,470.45,470.45,470.45,470.45,470.45,470.45,470.45
470.44,470.45,470.45,470.45,470.45,470.45,470.45,470.45,470.45,470.45
470.45,470.45,470.45,470.45,470.45,470.45,470.45,470.45,470.45,470.45
470.45,470.45,470.45,470.45,470.45,470.45,470.45,470.45,470.45,470.45
470.45,470.45,470.45,470.45,470.45,470.45,470.45,470.45,470.45,470.45
470.39,470.45,470.45,470.45,470.45,470.45,470.45,470.45,470.45,470.45
470.45,470.45,470.45,470.45,470.45,470.45,470.45,470.45,470.45,470.45
470.45,470.45,470.45,470.45,470.45,470.45,470.45,470.45,470.45,470.45
469.32,470.31,470.43,470.45,470.45,470.45,470.45,470.45,470.45,470.45
470.36,470.44,470.45,470.45,470.45,470.45,470.45,470.45,470.45,470.45
470.44,470.45,470.45,470.45,470.45,470.45,470.45,470.45,470.45,470.45
470.45,470.45,470.45,470.45,470.45,470.45,470.45,470.45,470.45,470.45
470.45,470.45,470.45,470.45,470.45,470.45,470.45,470.45,470.45,470.45
470.45,470.45,470.45,470.45,470.45,470.45,470.45,470.45,470.45,470.45
470.45,470.45,470.45,470.45,470.45,470.45,470.45,470.45,470.45,470.45
470.45,470.45,470.45,470.45,470.45,470.45,470.45,470.45,470.45,470.45
470.45,470.45,470.45,470.45,470.45,470.45,470.45,470.45,470.45,470.45
470.45,470.45,470.45,470.45,470.45,470.45,470.45,470.45,470.45,470.45
470.45,470.45,470.45,470.45,470.45,470.45,470.45,470.45,470.45,470.45
470.45,470.45,470.45,470.45,470.45,470.45,470.45,470.45,470.45,470.45
470.45,470.45,470.45,470.45,470.45,470.45,470.45,470.45,470.45,470.45
470.45,470.45,470.45,470.45,470.45,470.45,470.45,470.45,470.45,470.45
470.45,470.45,470.45,470.45,470.45,470.45,470.45,470.45,470.45,470.45
470.45,470.45,470.45,470.45,470.45,470.45,470.45,470.45,470.45,470.45
470.45,470.45,470.45,470.45,470.45,470.45,470.45,470.45,470.45,470.45
470.45,470.45,470.45,470.45,470.45,470.45,470.45,470.45,470.45,470.45
470.45,470.45,470.45,470.45,470.45,470.45,470.45,470.45,470.45,470.45
470.45,470.45,470.45,470.45,470.45,470.45,470.45,470.45,470.45,470.45
470.45,470.45,470.45,470.45,470.45,470.45,470.45,470.45,470.45,470.45
470.45,470.45,470.45,470.45,470.45,470.45,470.45,470.45,470.45,470.45
470.45,470.45,470.45,470.45,470.45,470.45,470.45,470.45,470.45,470.45
470.45,470.45,470.45,470.45,470.45,470.45,470.45,470.45,470.45,470.45
470.45,470.45,470.45,470.45,470.45,470.45,470.45,470.45,470.45,470.45
470.45,470.45,470.45,470.45,470.45,470.45,470.45,470.45,470.45,470.45
470.45,470.45,470.45,470.45,470.45,470.45,470.45,470.45,470.45,470.45
470.45,470.45,470.45,470.45,470.45,470.45,470.45,470.45,470.45,470.45
470.45,470.45,470.45,470.45,470.45,470.45,470.45,470.45,470.45,470.45
470.45,470.45,470.45,470.45,470.45,470.45,470.45,470.45,470.45,470.45
470.45,470.45,470.45,470.45,470.45,470.45,470.45,470.45,470.45,470.45
470.45,470.45,470.45,470.45,470.45,470.45,470.45,470.45,470.45,470.45
470.45,470.45,470.45,470.45,470.45,470.45,470.45,470.45,470.45,470.45
470.45,470.45,470.45,470.45,470.45,470.45,470.45,470.45,470.45,470.45
470.45,470.45,470.45,470.45,470.45,470.45,470.45,470.45,470.45,470.45
470.45,470.45,470.45,470.45,470.45,470.45,470.45,470.45,470.45,470.45
470.45,470.45,470.45,470.45,470.45,470.45,470.45,470.45,470.45,470.45
470.45,470.45,470.45,470.45,470.45,470.45,470.45,470.45,470.45,470.45
470.45,470.45,470.45,470.45,470.45,470.45,470.45,470.45,470.45,470.45
470.45,470.45,470.45,470.45,470.45,470.45,470.45,470.45,470.45,470.45
470.45,470.45,470.45,470.45,470.45,470.45,470.45,470.45,470.45,470.45
470.45,470.45,470.45,470.45,470.45,470.45,470.45,470.45,470.45,470.45
470.43,470.45,470.45,470.45,470.45,470.45,470.45,470.45,470.45,470.45
470.45,470.45,470.45,470.45,470.45,470.45,470.45,470.45,470.45,470.45
470.45,470.45,470.45,470.45,470.45,470.45,470.45,470.45,470.45,470.45
470.37,470.45,470.45,470.45,470.45,470.45,470.45,470.45,470.45,470.45
470.45,470.45,470.45,470.45,470.45,470.45,470.45,470.45,470.45,470.45
470.45,470.45,470.45,470.45,470.45,470.45,470.45,470.45,470.45,470.45
427.87,470.45,470.45,470.45,470.45,470.45,470.45,470.45,470.45,470.45
470.45,470.45,470.45,470.45,470.45,470.45,470.45,470.45,470.45,470.45
470.44,470.45,470.45,470.45,470.45,470.45,470.45,470.45,470.45,470.45
470.44,470.45,470.45,470.45,470.45,470.45,470.45,470.45,470.45,470.45
470.45,470.45,470.45,470.45,470.45,470.45,470.45,470.45,470.45,470.45
470.45,470.45,470.45,470.45,470.45,470.45,470.45,470.45,470.45,470.45
470.45,470.45,470.45,470.45,470.45,470.45,470.45,470.45,470.45,470.45
470.45,470.45,470.45,470.45,470.45,470.45,470.45,470.45,470.45,470.45
470.45,470.45,470.45,470.45,470.45,470.45,470.45,470.45,470.45,470.45
470.45,470.45,470.45,470.45,470.45,470.45,470.45,470.45,470.45,470.45
470.45,470.45,470.45,470.45,470.45,470.45,470.45,470.45,470.45,470.45
470.45,470.45,470.45,470.45,470.45,470.45,470.45,470.45,470.45,470.45
470.45,470.45,470.45,470.45,470.45,470.45,470.45,470.45,470.45,470.45
470.45,470.45,470.45,470.45,470.45,470.45,470.45,470.45,470.45,470.45
470.45,470.45,470.45,470.45,470.45,470.45,470.45,470.45,470.45,470.45
470.45,470.45,470.45,470.45,470.45,470.45,470.45,470.45,470.45,470.45
470.45,470.45,470.45,470.45,470.45,470.45,470.45,470.45,470.45,470.45
470.45,470.45,470.45,470.45,470.45,470.45,470.45,470.45,470.45,470.45
470.45,470.45,470.45,470.45,470.45,470.45,470.45,470.45,470.45,470.45
470.45,470.45,470.45,470.45,470.45,470.45,470.45,470.45,470.45,470.45
470.45,470.45,470.45,470.45,470.45,470.45,470.45,470.45,470.45,470.45
470.45,470.45,470.45,470.45,470.45,470.45,470.45,470.45,470.45,470.45
470.45,470.45,470.45,470.45,470.45,470.45,470.45,470.45,470.45,470.45
470.45,470.45,470.45,470.45,470.45,470.45,470.45,470.45,470.45,470.45
470.45,470.45,470.45,470.45,470.45,470.45,470.45,470.45,470.45,470.45
470.45,470.45,470.45,470.45,470.45,470.45,470.45,470.45,470.45,470.45
470.45,470.45,470.45,470.45,470.45,470.45,470.45,470.45,470.45,470.45
470.45,470.45,470.45,470.45,470.45,470.45,470.45,470.45,470.45,470.45
470.45,470.45,470.45,470.45,470.45,470.45,470.45,470.45,470.45,470.45
470.45,470.45,470.45,470.45,470.45,470.45,470.45,470.45,470.45,470.45
470.45,470.45,470.45,470.45,470.45,470.45,470.45,470.45,470.45,470.45
470.45,470.45,470.45,470.45,470.45,470.45,470.45,470.45,470.45,470.45
441.58,465.54,469.74,470.35,470.44,470.45,470.45,470.45,470.45,470.45
468.7,470.21,470.42,470.45,470.45,470.45,470.45,470.45,470.45,470.45
470.19,470.42,470.45,470.45,470.45,470.45,470.45,470.45,470.45,470.45
470.41,470.45,470.45,470.45,470.45,470.45,470.45,470.45,470.45,470.45
470.45,470.45,470.45,470.45,470.45,470.45,470.45,470.45,470.45,470.45
470.45,470.45,470.45,470.45,470.45,470.45,470.45,470.45,470.45,470.45
470.45,470.45,470.45,470.45,470.45,470.45,470.45,470.45,470.45,470.45
470.45,470.45,470.45,470.45,470.45,470.45,470.45,470.45,470.45,470.45
470.45,470.45,470.45,470.45,470.45,470.45,470.45,470.45,470.45,470.45
470.45,470.45,470.45,470.45,470.45,470.45,470.45,470.45,470.45,470.45
470.45,470.45,470.45,470.45,470.45,470.45,470.45,470.45,470.45,470.45
470.45,470.45,470.45,470.45,470.45,470.45,470.45,470.45,470.45,470.45
470.45,470.45,470.45,470.45,470.45,470.45,470.45,470.45,470.45,470.45
470.45,470.45,470.45,470.45,470.45,470.45,470.45,470.45,470.45,470.45
470.45,470.45,470.45,470.45,470.45,470.45,470.45,470.45,470.45,470.45
470.45,470.45,470.45,470.45,470.45,470.45,470.45,470.45,470.45,470.45
470.45,470.45,470.45,470.45,470.45,470.45,470.45,470.45,470.45,470.45
470.45,470.45,470.45,470.45,470.45,470.45,470.45,470.45,470.45,470.45
470.45,470.45,470.45,470.45,470.45,470.45,470.45,470.45,470.45,470.45
470.45,470.45,470.45,470.45,470.45,470.45,470.45,470.45,470.45,470.45
470.45,470.45,470.45,470.45,470.45,470.45,470.45,470.45,470.45,470.45
470.45,470.45,470.45,470.45,470.45,470.45,470.45,470.45,470.45,470.45
470.45,470.45,470.45,470.45,470.45,470.45,470.45,470.45,470.45,470.45
470.45,470.45,470.45,470.45,470.45,470.45,470.45,470.45,470.45,470.45
470.45,470.45,470.45,470.45,470.45,470.45,470.45,470.45,470.45,470.45
470.45,470.45,470.45,470.45,470.45,470.45,470.45,470.45,470.45,470.45
470.45,470.45,470.45,470.45,470.45,470.45,470.45,470.45,470.45,470.45
470.45,470.45,470.45,470.45,470.45,470.45,470.45,470.45,470.45,470.45
470.45,470.45,470.45,470.45,470.45,470.45,470.45,470.45,470.45,470.45
470.45,470.45,470.45,470.45,470.45,470.45,470.45,470.45,470.45,470.45
470.45,470.45,470.45,470.45,470.45,470.45,470.45,470.45,470.45,470.45
470.45,470.45,470.45,470.45,470.45,470.45,470.45,470.45,470.45,470.45
470.45,470.45,470.45,470.45,470.45,470.45,470.45,470.45,470.45,470.45
470.45,470.45,470.45,470.45,470.45,470.45,470.45,470.45,470.45,470.45
470.45,470.45,470.45,470.45,470.45,470.45,470.45,470.45,470.45,470.45
470.45,470.45,470.45,470.45,470.45,470.45,470.45,470.45,470.45,470.45
470.45,470.45,470.45,470.45,470.45,470.45,470.45,470.45,470.45,470.45
470.45,470.45,470.45,470.45,470.45,470.45,470.45,470.45,470.45,470.45
470.45,470.45,470.45,470.45,470.45,470.45,470.45,470.45,470.45,470.45
470.45,470.45,470.45,470.45,470.45,470.45,470.45,470.45,470.45,470.45
470.45,470.45,470.45,470.45,470.45,470.45,470.45,470.45,470.45,470.45
470.45,470.45,470.45,470.45,470.45,470.45,470.45,470.45,470.45,470.45
470.45,470.45,470.45,470.45,470.45,470.45,470.45,470.45,470.45,470.45
470.45,470.45,470.45,470.45,470.45,470.45,470.45,470.45,470.45,470.45
470.45,470.45,470.45,470.45,470.45,470.45,470.45,470.45,470.45,470.45
470.45,470.45,470.45,470.45,470.45,470.45,470.45,470.45,470.45,470.45
470.45,470.45,470.45,470.45,470.45,470.45,470.45,470.45,470.45,470.45
470.45,470.45,470.45,470.45,470.45,470.45,470.45,470.45,470.45,470.45
470.45,470.45,470.45,470.45,470.45,470.45,470.45,470.45,470.45,470.45
470.45,470.45,470.45,470.45,470.45,470.45,470.45,470.45,470.45,470.45
470.45,470.45,470.45,470.45,470.45,470.45,470.45,470.45,470.45,470.45
470.45,470.45,470.45,470.45,470.45,470.45,470.45,470.45,470.45,470.45
470.45,470.45,470.45,470.45,470.45,470.45,470.45,470.45,470.45,470.45
470.45,470.45,470.45,470.45,470.45,470.45,470.45,470.45,470.45,470.45
470.45,470.45,470.45,470.45,470.45,470.45,470.45,470.45,470.45,470.45
470.45,470.45,470.45,470.45,470.45,470.45,470.45,470.45,470.45,470.45
470.45,470.45,470.45,470.45,470.45,470.45,470.45,470.45,470.45,470.45
470.45,470.45,470.45,470.45,470.45,470.45,470.45,470.45,470.45,470.45
470.45,470.45,470.45,470.45,470.45,470.45,470.45,470.45,470.45,470.45
470.45,470.45,470.45,470.45,470.45,470.45,470.45,470.45,470.45,470.45
470.45,470.45,470.45,470.45,470.45,470.45,470.45,470.45,470.45,470.45
470.45,470.45,470.45,470.45,470.45,470.45,470.45,470.45,470.45,470.45
470.45,470.45,470.45,470.45,470.45,470.45,470.45,470.45,470.45,470.45
470.45,470.45,470.45,470.45,470.45,470.45,470.45,470.45,470.45,470.45
470.45,470.45,470.45,470.45,470.45,470.45,470.45,470.45,470.45,470.45
470.45,470.45,470.45,470.45,470.45,470.45,470.45,470.45,470.45,470.45
470.45,470.45,470.45,470.45,470.45,470.45,470.45,470.45,470.45,470.45
470.45,470.45,470.45,470.45,470.45,470.45,470.45,470.45,470.45,470.45
470.45,470.45,470.45,470.45,470.45,470.45,470.45,470.45,470.45,470.45
470.45,470.45,470.45,470.45,470.45,470.45,470.45,470.45,470.45,470.45
470.45,470.45,470.45,470.45,470.45,470.45,470.45,470.45,470.45,470.45
470.3,470.45,470.45,470.45,470.45,470.45,470.45,470.45,470.45,470.45
470.45,470.45,470.45,470.45,470.45,470.45,470.45,470.45,470.45,470.45
470.45,470.45,470.45,470.45,470.45,470.45,470.45,470.45,470.45,470.45
470.45,470.45,470.45,470.45,470.45,470.45,470.45,470.45,470.45,470.45
470.45,470.45,470.45,470.45,470.45,470.45,470.45,470.45,470.45,470.45
470.45,470.45,470.45,470.45,470.45,470.45,470.45,470.45,470.45,470.45
470.45,470.45,470.45,470.45,470.45,470.45,470.45,470.45,470.45,470.45
470.45,470.45,470.45,470.45,470.45,470.45,470.45,470.45,470.45,470.45
470.45,470.45,470.45,470.45,470.45,470.45,470.45,470.45,470.45,470.45
470.45,470.45,470.45,470.45,470.45,470.45,470.45,470.45,470.45,470.45
470.45,470.45,470.45,470.45,470.45,470.45,470.45,470.45,470.45,470.45
470.45,470.45,470.45,470.45,470.45,470.45,470.45,470.45,470.45,470.45
470.45,470.45,470.45,470.45,470.45,470.45,470.45,470.45,470.45,470.45
470.45,470.45,470.45,470.45,470.45,470.45,470.45,470.45,470.45,470.45
470.45,470.45,470.45,470.45,470.45,470.45,470.45,470.45,470.45,470.45
425.49,470.24,470.42,470.45,470.45,470.45,470.45,470.45,470.45,470.45
470.42,470.45,470.45,470.45,470.45,470.45,470.45,470.45,470.45,470.45
470.45,470.45,470.45,470.45,470.45,470.45,470.45,470.45,470.45,470.45
