71.3,167.733333,204.833333,1507.366667,36.6,581.366667,1025.466667,77.016667,214.433333,182.433333,
167.733333,204.833333,1507.366667,36.6,581.366667,1025.466667,77.016667,214.433333,182.433333,22.066667,
204.833333,1507.366667,36.6,581.366667,1025.466667,77.016667,214.433333,182.433333,22.066667,312.233333,
1507.366667,36.6,581.366667,1025.466667,77.016667,214.433333,182.433333,22.066667,312.233333,211.2,
36.6,581.366667,1025.466667,77.016667,214.433333,182.433333,22.066667,312.233333,211.2,725.733333,
581.366667,1025.466667,77.016667,214.433333,182.433333,22.066667,312.233333,211.2,725.733333,342.483333,
1025.466667,77.016667,214.433333,182.433333,22.066667,312.233333,211.2,725.733333,342.483333,238.6,
77.016667,214.433333,182.433333,22.066667,312.233333,211.2,725.733333,342.483333,238.6,1684.166667,
214.433333,182.433333,22.066667,312.233333,211.2,725.733333,342.483333,238.6,1684.166667,130.083333,
182.433333,22.066667,312.233333,211.2,725.733333,342.483333,238.6,1684.166667,130.083333,1838.716667,
22.066667,312.233333,211.2,725.733333,342.483333,238.6,1684.166667,130.083333,1838.716667,288.75,
312.233333,211.2,725.733333,342.483333,238.6,1684.166667,130.083333,1838.716667,288.75,1910.166667,
211.2,725.733333,342.483333,238.6,1684.166667,130.083333,1838.716667,288.75,1910.166667,2405.116667,
725.733333,342.483333,238.6,1684.166667,130.083333,1838.716667,288.75,1910.166667,2405.116667,88.416667,
342.483333,238.6,1684.166667,130.083333,1838.716667,288.75,1910.166667,2405.116667,88.416667,32.1,
238.6,1684.166667,130.083333,1838.716667,288.75,1910.166667,2405.116667,88.416667,32.1,129.083333,
1684.166667,130.083333,1838.716667,288.75,1910.166667,2405.116667,88.416667,32.1,129.083333,125.15,
130.083333,1838.716667,288.75,1910.166667,2405.116667,88.416667,32.1,129.083333,125.15,1786.716667,
1838.716667,288.75,1910.166667,2405.116667,88.416667,32.1,129.083333,125.15,1786.716667,132.533333,
288.75,1910.166667,2405.116667,88.416667,32.1,129.083333,125.15,1786.716667,132.533333,70.216667,
1910.166667,2405.116667,88.416667,32.1,129.083333,125.15,1786.716667,132.533333,70.216667,233.25,
2405.116667,88.416667,32.1,129.083333,125.15,1786.716667,132.533333,70.216667,233.25,178.55,
88.416667,32.1,129.083333,125.15,1786.716667,132.533333,70.216667,233.25,178.55,173.366667,
32.1,129.083333,125.15,1786.716667,132.533333,70.216667,233.25,178.55,173.366667,7141.166667,
129.083333,125.15,1786.716667,132.533333,70.216667,233.25,178.55,173.366667,7141.166667,138.233333,
125.15,1786.716667,132.533333,70.216667,233.25,178.55,173.366667,7141.166667,138.233333,1438.85,
1786.716667,132.533333,70.216667,233.25,178.55,173.366667,7141.166667,138.233333,1438.85,1080.433333,
132.533333,70.216667,233.25,178.55,173.366667,7141.166667,138.233333,1438.85,1080.433333,582.016667,
70.216667,233.25,178.55,173.366667,7141.166667,138.233333,1438.85,1080.433333,582.016667,96.583333,
233.25,178.55,173.366667,7141.166667,138.233333,1438.85,1080.433333,582.016667,96.583333,508.8,
178.55,173.366667,7141.166667,138.233333,1438.85,1080.433333,582.016667,96.583333,508.8,86.783333,
173.366667,7141.166667,138.233333,1438.85,1080.433333,582.016667,96.583333,508.8,86.783333,189.783333,
7141.166667,138.233333,1438.85,1080.433333,582.016667,96.583333,508.8,86.783333,189.783333,117.966667,
138.233333,1438.85,1080.433333,582.016667,96.583333,508.8,86.783333,189.783333,117.966667,19.583333,
1438.85,1080.433333,582.016667,96.583333,508.8,86.783333,189.783333,117.966667,19.583333,17.533333,
1080.433333,582.016667,96.583333,508.8,86.783333,189.783333,117.966667,19.583333,17.533333,114.366667,
582.016667,96.583333,508.8,86.783333,189.783333,117.966667,19.583333,17.533333,114.366667,1780.55,
96.583333,508.8,86.783333,189.783333,117.966667,19.583333,17.533333,114.366667,1780.55,98.183333,
508.8,86.783333,189.783333,117.966667,19.583333,17.533333,114.366667,1780.55,98.183333,5756.516667,
86.783333,189.783333,117.966667,19.583333,17.533333,114.366667,1780.55,98.183333,5756.516667,3464.666667,
189.783333,117.966667,19.583333,17.533333,114.366667,1780.55,98.183333,5756.516667,3464.666667,601.75,
117.966667,19.583333,17.533333,114.366667,1780.55,98.183333,5756.516667,3464.666667,601.75,333.3,
19.583333,17.533333,114.366667,1780.55,98.183333,5756.516667,3464.666667,601.75,333.3,1663.6,
17.533333,114.366667,1780.55,98.183333,5756.516667,3464.666667,601.75,333.3,1663.6,218.1,
114.366667,1780.55,98.183333,5756.516667,3464.666667,601.75,333.3,1663.6,218.1,746.35,
1780.55,98.183333,5756.516667,3464.666667,601.75,333.3,1663.6,218.1,746.35,3028.5,
98.183333,5756.516667,3464.666667,601.75,333.3,1663.6,218.1,746.35,3028.5,6877.166667,
5756.516667,3464.666667,601.75,333.3,1663.6,218.1,746.35,3028.5,6877.166667,2263.65,
3464.666667,601.75,333.3,1663.6,218.1,746.35,3028.5,6877.166667,2263.65,455.466667,
601.75,333.3,1663.6,218.1,746.35,3028.5,6877.166667,2263.65,455.466667,190.716667,
333.3,1663.6,218.1,746.35,3028.5,6877.166667,2263.65,455.466667,190.716667,241.966667,
1663.6,218.1,746.35,3028.5,6877.166667,2263.65,455.466667,190.716667,241.966667,499.95,
218.1,746.35,3028.5,6877.166667,2263.65,455.466667,190.716667,241.966667,499.95,68.4,
746.35,3028.5,6877.166667,2263.65,455.466667,190.716667,241.966667,499.95,68.4,575.1,
3028.5,6877.166667,2263.65,455.466667,190.716667,241.966667,499.95,68.4,575.1,407.566667,
6877.166667,2263.65,455.466667,190.716667,241.966667,499.95,68.4,575.1,407.566667,2673.75,
2263.65,455.466667,190.716667,241.966667,499.95,68.4,575.1,407.566667,2673.75,205.8,
455.466667,190.716667,241.966667,499.95,68.4,575.1,407.566667,2673.75,205.8,838.5,
190.716667,241.966667,499.95,68.4,575.1,407.566667,2673.75,205.8,838.5,1672.483333,
241.966667,499.95,68.4,575.1,407.566667,2673.75,205.8,838.5,1672.483333,4686.35,
499.95,68.4,575.1,407.566667,2673.75,205.8,838.5,1672.483333,4686.35,1551.683333,
532.416667,259.266667,16.766667,152.683333,86.6,70.05,4927.833333,4927.833333,113.15,3804.833333,
259.266667,16.766667,152.683333,86.6,70.05,4927.833333,4927.833333,113.15,3804.833333,3975.05,
16.766667,152.683333,86.6,70.05,4927.833333,4927.833333,113.15,3804.833333,3975.05,1015.45,
152.683333,86.6,70.05,4927.833333,4927.833333,113.15,3804.833333,3975.05,1015.45,40.983333,
86.6,70.05,4927.833333,4927.833333,113.15,3804.833333,3975.05,1015.45,40.983333,296.083333,
70.05,4927.833333,4927.833333,113.15,3804.833333,3975.05,1015.45,40.983333,296.083333,9.6,
4927.833333,4927.833333,113.15,3804.833333,3975.05,1015.45,40.983333,296.083333,9.6,9.3,
4927.833333,113.15,3804.833333,3975.05,1015.45,40.983333,296.083333,9.6,9.3,108.633333,
113.15,3804.833333,3975.05,1015.45,40.983333,296.083333,9.6,9.3,108.633333,788.4,
3804.833333,3975.05,1015.45,40.983333,296.083333,9.6,9.3,108.633333,788.4,124.566667,
3975.05,1015.45,40.983333,296.083333,9.6,9.3,108.633333,788.4,124.566667,48.566667,
1015.45,40.983333,296.083333,9.6,9.3,108.633333,788.4,124.566667,48.566667,102.033333,
40.983333,296.083333,9.6,9.3,108.633333,788.4,124.566667,48.566667,102.033333,153.066667,
296.083333,9.6,9.3,108.633333,788.4,124.566667,48.566667,102.033333,153.066667,98.033333,
9.6,9.3,108.633333,788.4,124.566667,48.566667,102.033333,153.066667,98.033333,136.683333,
9.3,108.633333,788.4,124.566667,48.566667,102.033333,153.066667,98.033333,136.683333,154.8,
108.633333,788.4,124.566667,48.566667,102.033333,153.066667,98.033333,136.683333,154.8,41.75,
788.4,124.566667,48.566667,102.033333,153.066667,98.033333,136.683333,154.8,41.75,94.833333,
124.566667,48.566667,102.033333,153.066667,98.033333,136.683333,154.8,41.75,94.833333,122.05,
48.566667,102.033333,153.066667,98.033333,136.683333,154.8,41.75,94.833333,122.05,420.75,
102.033333,153.066667,98.033333,136.683333,154.8,41.75,94.833333,122.05,420.75,455.0,
153.066667,98.033333,136.683333,154.8,41.75,94.833333,122.05,420.75,455.0,51.45,
98.033333,136.683333,154.8,41.75,94.833333,122.05,420.75,455.0,51.45,113.55,
136.683333,154.8,41.75,94.833333,122.05,420.75,455.0,51.45,113.55,86.75,
154.8,41.75,94.833333,122.05,420.75,455.0,51.45,113.55,86.75,289.133333,
41.75,94.833333,122.05,420.75,455.0,51.45,113.55,86.75,289.133333,133.033333,
94.833333,122.05,420.75,455.0,51.45,113.55,86.75,289.133333,133.033333,50.0,
122.05,420.75,455.0,51.45,113.55,86.75,289.133333,133.033333,50.0,41.25,
420.75,455.0,51.45,113.55,86.75,289.133333,133.033333,50.0,41.25,2748.833333,
455.0,51.45,113.55,86.75,289.133333,133.033333,50.0,41.25,2748.833333,108.566667,
51.45,113.55,86.75,289.133333,133.033333,50.0,41.25,2748.833333,108.566667,91.016667,
113.55,86.75,289.133333,133.033333,50.0,41.25,2748.833333,108.566667,91.016667,117.816667,
86.75,289.133333,133.033333,50.0,41.25,2748.833333,108.566667,91.016667,117.816667,192.25,
289.133333,133.033333,50.0,41.25,2748.833333,108.566667,91.016667,117.816667,192.25,42.35,
133.033333,50.0,41.25,2748.833333,108.566667,91.016667,117.816667,192.25,42.35,5715.65,
50.0,41.25,2748.833333,108.566667,91.016667,117.816667,192.25,42.35,5715.65,851.75,
41.25,2748.833333,108.566667,91.016667,117.816667,192.25,42.35,5715.65,851.75,399.95,
2748.833333,108.566667,91.016667,117.816667,192.25,42.35,5715.65,851.75,399.95,145.733333,
108.566667,91.016667,117.816667,192.25,42.35,5715.65,851.75,399.95,145.733333,49.766667,
91.016667,117.816667,192.25,42.35,5715.65,851.75,399.95,145.733333,49.766667,951.666667,
117.816667,192.25,42.35,5715.65,851.75,399.95,145.733333,49.766667,951.666667,254.933333,
192.25,42.35,5715.65,851.75,399.95,145.733333,49.766667,951.666667,254.933333,38.916667,
42.35,5715.65,851.75,399.95,145.733333,49.766667,951.666667,254.933333,38.916667,83.3,
5715.65,851.75,399.95,145.733333,49.766667,951.666667,254.933333,38.916667,83.3,174.5,
851.75,399.95,145.733333,49.766667,951.666667,254.933333,38.916667,83.3,174.5,123.183333,
399.95,145.733333,49.766667,951.666667,254.933333,38.916667,83.3,174.5,123.183333,911.966667,
145.733333,49.766667,951.666667,254.933333,38.916667,83.3,174.5,123.183333,911.966667,96.0,
49.766667,951.666667,254.933333,38.916667,83.3,174.5,123.183333,911.966667,96.0,65.3,
951.666667,254.933333,38.916667,83.3,174.5,123.183333,911.966667,96.0,65.3,845.316667,
254.933333,38.916667,83.3,174.5,123.183333,911.966667,96.0,65.3,845.316667,88.75,
38.916667,83.3,174.5,123.183333,911.966667,96.0,65.3,845.316667,88.75,182.716667,
83.3,174.5,123.183333,911.966667,96.0,65.3,845.316667,88.75,182.716667,1037.583333,
174.5,123.183333,911.966667,96.0,65.3,845.316667,88.75,182.716667,1037.583333,112.916667,
123.183333,911.966667,96.0,65.3,845.316667,88.75,182.716667,1037.583333,112.916667,5483.616667,
911.966667,96.0,65.3,845.316667,88.75,182.716667,1037.583333,112.916667,5483.616667,136.6,
96.0,65.3,845.316667,88.75,182.716667,1037.583333,112.916667,5483.616667,136.6,6890.733333,
84.033333,6076.533333,120.3,780.583333,76.733333,1620.983333,109.916667,273.8,103.516667,1094.033333,
6076.533333,120.3,780.583333,76.733333,1620.983333,109.916667,273.8,103.516667,1094.033333,367.4,
120.3,780.583333,76.733333,1620.983333,109.916667,273.8,103.516667,1094.033333,367.4,64.55,
780.583333,76.733333,1620.983333,109.916667,273.8,103.516667,1094.033333,367.4,64.55,5899.783333,
76.733333,1620.983333,109.916667,273.8,103.516667,1094.033333,367.4,64.55,5899.783333,202.25,
1620.983333,109.916667,273.8,103.516667,1094.033333,367.4,64.55,5899.783333,202.25,267.05,
109.916667,273.8,103.516667,1094.033333,367.4,64.55,5899.783333,202.25,267.05,187.666667,
273.8,103.516667,1094.033333,367.4,64.55,5899.783333,202.25,267.05,187.666667,139.116667,
103.516667,1094.033333,367.4,64.55,5899.783333,202.25,267.05,187.666667,139.116667,2940.383333,
1094.033333,367.4,64.55,5899.783333,202.25,267.05,187.666667,139.116667,2940.383333,241.233333,
367.4,64.55,5899.783333,202.25,267.05,187.666667,139.116667,2940.383333,241.233333,5826.583333,
64.55,5899.783333,202.25,267.05,187.666667,139.116667,2940.383333,241.233333,5826.583333,261.683333,
5899.783333,202.25,267.05,187.666667,139.116667,2940.383333,241.233333,5826.583333,261.683333,95.05,
202.25,267.05,187.666667,139.116667,2940.383333,241.233333,5826.583333,261.683333,95.05,109.666667,
267.05,187.666667,139.116667,2940.383333,241.233333,5826.583333,261.683333,95.05,109.666667,448.25,
187.666667,139.116667,2940.383333,241.233333,5826.583333,261.683333,95.05,109.666667,448.25,111.016667,
139.116667,2940.383333,241.233333,5826.583333,261.683333,95.05,109.666667,448.25,111.016667,1374.516667,
2940.383333,241.233333,5826.583333,261.683333,95.05,109.666667,448.25,111.016667,1374.516667,809.95,
241.233333,5826.583333,261.683333,95.05,109.666667,448.25,111.016667,1374.516667,809.95,327.25,
5826.583333,261.683333,95.05,109.666667,448.25,111.016667,1374.516667,809.95,327.25,86.6,
261.683333,95.05,109.666667,448.25,111.016667,1374.516667,809.95,327.25,86.6,587.616667,
95.05,109.666667,448.25,111.016667,1374.516667,809.95,327.25,86.6,587.616667,28.25,
109.666667,448.25,111.016667,1374.516667,809.95,327.25,86.6,587.616667,28.25,525.133333,
448.25,111.016667,1374.516667,809.95,327.25,86.6,587.616667,28.25,525.133333,105.316667,
111.016667,1374.516667,809.95,327.25,86.6,587.616667,28.25,525.133333,105.316667,684.9,
1374.516667,809.95,327.25,86.6,587.616667,28.25,525.133333,105.316667,684.9,205.95,
809.95,327.25,86.6,587.616667,28.25,525.133333,105.316667,684.9,205.95,249.216667,
327.25,86.6,587.616667,28.25,525.133333,105.316667,684.9,205.95,249.216667,1139.266667,
86.6,587.616667,28.25,525.133333,105.316667,684.9,205.95,249.216667,1139.266667,146.833333,
587.616667,28.25,525.133333,105.316667,684.9,205.95,249.216667,1139.266667,146.833333,111.816667,
28.25,525.133333,105.316667,684.9,205.95,249.216667,1139.266667,146.833333,111.816667,143.0,
525.133333,105.316667,684.9,205.95,249.216667,1139.266667,146.833333,111.816667,143.0,82.35,
105.316667,684.9,205.95,249.216667,1139.266667,146.833333,111.816667,143.0,82.35,110.983333,
684.9,205.95,249.216667,1139.266667,146.833333,111.816667,143.0,82.35,110.983333,125.4,
205.95,249.216667,1139.266667,146.833333,111.816667,143.0,82.35,110.983333,125.4,30.55,
249.216667,1139.266667,146.833333,111.816667,143.0,82.35,110.983333,125.4,30.55,216.45,
1139.266667,146.833333,111.816667,143.0,82.35,110.983333,125.4,30.55,216.45,117.816667,
146.833333,111.816667,143.0,82.35,110.983333,125.4,30.55,216.45,117.816667,109.266667,
111.816667,143.0,82.35,110.983333,125.4,30.55,216.45,117.816667,109.266667,69.1,
143.0,82.35,110.983333,125.4,30.55,216.45,117.816667,109.266667,69.1,283.8,
82.35,110.983333,125.4,30.55,216.45,117.816667,109.266667,69.1,283.8,136.016667,
110.983333,125.4,30.55,216.45,117.816667,109.266667,69.1,283.8,136.016667,193.616667,
125.4,30.55,216.45,117.816667,109.266667,69.1,283.8,136.016667,193.616667,784.7,
30.55,216.45,117.816667,109.266667,69.1,283.8,136.016667,193.616667,784.7,57.766667,
216.45,117.816667,109.266667,69.1,283.8,136.016667,193.616667,784.7,57.766667,219.583333,
117.816667,109.266667,69.1,283.8,136.016667,193.616667,784.7,57.766667,219.583333,6829.366667,
109.266667,69.1,283.8,136.016667,193.616667,784.7,57.766667,219.583333,6829.366667,86.916667,
69.1,283.8,136.016667,193.616667,784.7,57.766667,219.583333,6829.366667,86.916667,26.6,
283.8,136.016667,193.616667,784.7,57.766667,219.583333,6829.366667,86.916667,26.6,47.05,
136.016667,193.616667,784.7,57.766667,219.583333,6829.366667,86.916667,26.6,47.05,741.316667,
141.433333,1057.433333,66.466667,207.083333,178.25,1031.9,57.783333,171.3,103.516667,548.583333,
1057.433333,66.466667,207.083333,178.25,1031.9,57.783333,171.3,103.516667,548.583333,1024.833333,
66.466667,207.083333,178.25,1031.9,57.783333,171.3,103.516667,548.583333,1024.833333,136.016667,
207.083333,178.25,1031.9,57.783333,171.3,103.516667,548.583333,1024.833333,136.016667,113.666667,
178.25,1031.9,57.783333,171.3,103.516667,548.583333,1024.833333,136.016667,113.666667,1530.966667,
1031.9,57.783333,171.3,103.516667,548.583333,1024.833333,136.016667,113.666667,1530.966667,251.35,
57.783333,171.3,103.516667,548.583333,1024.833333,136.016667,113.666667,1530.966667,251.35,60.283333,
171.3,103.516667,548.583333,1024.833333,136.016667,113.666667,1530.966667,251.35,60.283333,341.116667,
103.516667,548.583333,1024.833333,136.016667,113.666667,1530.966667,251.35,60.283333,341.116667,809.95,
548.583333,1024.833333,136.016667,113.666667,1530.966667,251.35,60.283333,341.116667,809.95,153.6,
1024.833333,136.016667,113.666667,1530.966667,251.35,60.283333,341.116667,809.95,153.6,174.5,
136.016667,113.666667,1530.966667,251.35,60.283333,341.116667,809.95,153.6,174.5,826.883333,
113.666667,1530.966667,251.35,60.283333,341.116667,809.95,153.6,174.5,826.883333,91.95,
1530.966667,251.35,60.283333,341.116667,809.95,153.6,174.5,826.883333,91.95,4305.733333,
251.35,60.283333,341.116667,809.95,153.6,174.5,826.883333,91.95,4305.733333,117.816667,
60.283333,341.116667,809.95,153.6,174.5,826.883333,91.95,4305.733333,117.816667,155.05,
341.116667,809.95,153.6,174.5,826.883333,91.95,4305.733333,117.816667,155.05,874.733333,
809.95,153.6,174.5,826.883333,91.95,4305.733333,117.816667,155.05,874.733333,82.033333,
153.6,174.5,826.883333,91.95,4305.733333,117.816667,155.05,874.733333,82.033333,92.433333,
174.5,826.883333,91.95,4305.733333,117.816667,155.05,874.733333,82.033333,92.433333,289.0,
826.883333,91.95,4305.733333,117.816667,155.05,874.733333,82.033333,92.433333,289.0,193.916667,
91.95,4305.733333,117.816667,155.05,874.733333,82.033333,92.433333,289.0,193.916667,91.283333,
4305.733333,117.816667,155.05,874.733333,82.033333,92.433333,289.0,193.916667,91.283333,156.65,
117.816667,155.05,874.733333,82.033333,92.433333,289.0,193.916667,91.283333,156.65,1206.466667,
155.05,874.733333,82.033333,92.433333,289.0,193.916667,91.283333,156.65,1206.466667,370.733333,
874.733333,82.033333,92.433333,289.0,193.916667,91.283333,156.65,1206.466667,370.733333,414.166667,
82.033333,92.433333,289.0,193.916667,91.283333,156.65,1206.466667,370.733333,414.166667,162.766667,
92.433333,289.0,193.916667,91.283333,156.65,1206.466667,370.733333,414.166667,162.766667,103.516667,
289.0,193.916667,91.283333,156.65,1206.466667,370.733333,414.166667,162.766667,103.516667,71.466667,
193.916667,91.283333,156.65,1206.466667,370.733333,414.166667,162.766667,103.516667,71.466667,374.066667,
91.283333,156.65,1206.466667,370.733333,414.166667,162.766667,103.516667,71.466667,374.066667,105.783333,
156.65,1206.466667,370.733333,414.166667,162.766667,103.516667,71.466667,374.066667,105.783333,539.75,
1206.466667,370.733333,414.166667,162.766667,103.516667,71.466667,374.066667,105.783333,539.75,107.583333,
370.733333,414.166667,162.766667,103.516667,71.466667,374.066667,105.783333,539.75,107.583333,289.166667,
414.166667,162.766667,103.516667,71.466667,374.066667,105.783333,539.75,107.583333,289.166667,142.95,
162.766667,103.516667,71.466667,374.066667,105.783333,539.75,107.583333,289.166667,142.95,159.866667,
103.516667,71.466667,374.066667,105.783333,539.75,107.583333,289.166667,142.95,159.866667,266.116667,
71.466667,374.066667,105.783333,539.75,107.583333,289.166667,142.95,159.866667,266.116667,320.633333,
374.066667,105.783333,539.75,107.583333,289.166667,142.95,159.866667,266.116667,320.633333,326.916667,
105.783333,539.75,107.583333,289.166667,142.95,159.866667,266.116667,320.633333,326.916667,189.6,
539.75,107.583333,289.166667,142.95,159.866667,266.116667,320.633333,326.916667,189.6,81.033333,
107.583333,289.166667,142.95,159.866667,266.116667,320.633333,326.916667,189.6,81.033333,1223.366667,
289.166667,142.95,159.866667,266.116667,320.633333,326.916667,189.6,81.033333,1223.366667,124.566667,
142.95,159.866667,266.116667,320.633333,326.916667,189.6,81.033333,1223.366667,124.566667,127.116667,
159.866667,266.116667,320.633333,326.916667,189.6,81.033333,1223.366667,124.566667,127.116667,259.65,
266.116667,320.633333,326.916667,189.6,81.033333,1223.366667,124.566667,127.116667,259.65,254.683333,
320.633333,326.916667,189.6,81.033333,1223.366667,124.566667,127.116667,259.65,254.683333,217.466667,
326.916667,189.6,81.033333,1223.366667,124.566667,127.116667,259.65,254.683333,217.466667,1094.033333,
189.6,81.033333,1223.366667,124.566667,127.116667,259.65,254.683333,217.466667,1094.033333,192.433333,
81.033333,1223.366667,124.566667,127.116667,259.65,254.683333,217.466667,1094.033333,192.433333,444.883333,
1223.366667,124.566667,127.116667,259.65,254.683333,217.466667,1094.033333,192.433333,444.883333,154.916667,
118.0,173.45,46.933333,47.466667,901.7,36.55,132.316667,122.816667,199.55,38.95,
173.45,46.933333,47.466667,901.7,36.55,132.316667,122.816667,199.55,38.95,47.216667,
46.933333,47.466667,901.7,36.55,132.316667,122.816667,199.55,38.95,47.216667,69.45,
47.466667,901.7,36.55,132.316667,122.816667,199.55,38.95,47.216667,69.45,51.45,
901.7,36.55,132.316667,122.816667,199.55,38.95,47.216667,69.45,51.45,429.016667,
36.55,132.316667,122.816667,199.55,38.95,47.216667,69.45,51.45,429.016667,5874.533333,
132.316667,122.816667,199.55,38.95,47.216667,69.45,51.45,429.016667,5874.533333,479.9,
122.816667,199.55,38.95,47.216667,69.45,51.45,429.016667,5874.533333,479.9,80.55,
199.55,38.95,47.216667,69.45,51.45,429.016667,5874.533333,479.9,80.55,79.65,
38.95,47.216667,69.45,51.45,429.016667,5874.533333,479.9,80.55,79.65,48.6,
47.216667,69.45,51.45,429.016667,5874.533333,479.9,80.55,79.65,48.6,965.983333,
69.45,51.45,429.016667,5874.533333,479.9,80.55,79.65,48.6,965.983333,2383.416667,
51.45,429.016667,5874.533333,479.9,80.55,79.65,48.6,965.983333,2383.416667,66.466667,
429.016667,5874.533333,479.9,80.55,79.65,48.6,965.983333,2383.416667,66.466667,18.45,
5874.533333,479.9,80.55,79.65,48.6,965.983333,2383.416667,66.466667,18.45,70.033333,
479.9,80.55,79.65,48.6,965.983333,2383.416667,66.466667,18.45,70.033333,7.766667,
80.55,79.65,48.6,965.983333,2383.416667,66.466667,18.45,70.033333,7.766667,552.016667,
79.65,48.6,965.983333,2383.416667,66.466667,18.45,70.033333,7.766667,552.016667,44.216667,
48.6,965.983333,2383.416667,66.466667,18.45,70.033333,7.766667,552.016667,44.216667,1338.083333,
965.983333,2383.416667,66.466667,18.45,70.033333,7.766667,552.016667,44.216667,1338.083333,321.6,
2383.416667,66.466667,18.45,70.033333,7.766667,552.016667,44.216667,1338.083333,321.6,140.1,
66.466667,18.45,70.033333,7.766667,552.016667,44.216667,1338.083333,321.6,140.1,155.8,
18.45,70.033333,7.766667,552.016667,44.216667,1338.083333,321.6,140.1,155.8,718.316667,
70.033333,7.766667,552.016667,44.216667,1338.083333,321.6,140.1,155.8,718.316667,1536.283333,
7.766667,552.016667,44.216667,1338.083333,321.6,140.1,155.8,718.316667,1536.283333,138.483333,
552.016667,44.216667,1338.083333,321.6,140.1,155.8,718.316667,1536.283333,138.483333,130.45,
44.216667,1338.083333,321.6,140.1,155.8,718.316667,1536.283333,138.483333,130.45,114.283333,
1338.083333,321.6,140.1,155.8,718.316667,1536.283333,138.483333,130.45,114.283333,135.866667,
321.6,140.1,155.8,718.316667,1536.283333,138.483333,130.45,114.283333,135.866667,128.433333,
140.1,155.8,718.316667,1536.283333,138.483333,130.45,114.283333,135.866667,128.433333,120.3,
155.8,718.316667,1536.283333,138.483333,130.45,114.283333,135.866667,128.433333,120.3,71.566667,
718.316667,1536.283333,138.483333,130.45,114.283333,135.866667,128.433333,120.3,71.566667,86.4,
1536.283333,138.483333,130.45,114.283333,135.866667,128.433333,120.3,71.566667,86.4,721.183333,
138.483333,130.45,114.283333,135.866667,128.433333,120.3,71.566667,86.4,721.183333,684.333333,
130.45,114.283333,135.866667,128.433333,120.3,71.566667,86.4,721.183333,684.333333,4127.716667,
114.283333,135.866667,128.433333,120.3,71.566667,86.4,721.183333,684.333333,4127.716667,1375.3,
135.866667,128.433333,120.3,71.566667,86.4,721.183333,684.333333,4127.716667,1375.3,7270.7,
128.433333,120.3,71.566667,86.4,721.183333,684.333333,4127.716667,1375.3,7270.7,891.783333,
120.3,71.566667,86.4,721.183333,684.333333,4127.716667,1375.3,7270.7,891.783333,1365.783333,
71.566667,86.4,721.183333,684.333333,4127.716667,1375.3,7270.7,891.783333,1365.783333,164.766667,
86.4,721.183333,684.333333,4127.716667,1375.3,7270.7,891.783333,1365.783333,164.766667,1093.25,
721.183333,684.333333,4127.716667,1375.3,7270.7,891.783333,1365.783333,164.766667,1093.25,1023.283333,
684.333333,4127.716667,1375.3,7270.7,891.783333,1365.783333,164.766667,1093.25,1023.283333,39.083333,
4127.716667,1375.3,7270.7,891.783333,1365.783333,164.766667,1093.25,1023.283333,39.083333,1295.266667,
1375.3,7270.7,891.783333,1365.783333,164.766667,1093.25,1023.283333,39.083333,1295.266667,127.016667,
7270.7,891.783333,1365.783333,164.766667,1093.25,1023.283333,39.083333,1295.266667,127.016667,2730.833333,
891.783333,1365.783333,164.766667,1093.25,1023.283333,39.083333,1295.266667,127.016667,2730.833333,85.8,
1365.783333,164.766667,1093.25,1023.283333,39.083333,1295.266667,127.016667,2730.833333,85.8,7214.633333,
164.766667,1093.25,1023.283333,39.083333,1295.266667,127.016667,2730.833333,85.8,7214.633333,378.766667,
1093.25,1023.283333,39.083333,1295.266667,127.016667,2730.833333,85.8,7214.633333,378.766667,3873.766667,
1023.283333,39.083333,1295.266667,127.016667,2730.833333,85.8,7214.633333,378.766667,3873.766667,81.233333,
39.083333,1295.266667,127.016667,2730.833333,85.8,7214.633333,378.766667,3873.766667,81.233333,117.4,
1295.266667,127.016667,2730.833333,85.8,7214.633333,378.766667,3873.766667,81.233333,117.4,160.316667,
127.016667,2730.833333,85.8,7214.633333,378.766667,3873.766667,81.233333,117.4,160.316667,557.1,
2730.833333,85.8,7214.633333,378.766667,3873.766667,81.233333,117.4,160.316667,557.1,195.183333,
85.8,7214.633333,378.766667,3873.766667,81.233333,117.4,160.316667,557.1,195.183333,193.033333,
7214.633333,378.766667,3873.766667,81.233333,117.4,160.316667,557.1,195.183333,193.033333,68.4,
378.766667,3873.766667,81.233333,117.4,160.316667,557.1,195.183333,193.033333,68.4,4305.733333,
3873.766667,81.233333,117.4,160.316667,557.1,195.183333,193.033333,68.4,4305.733333,1223.366667,
81.233333,117.4,160.316667,557.1,195.183333,193.033333,68.4,4305.733333,1223.366667,201.683333,
117.4,160.316667,557.1,195.183333,193.033333,68.4,4305.733333,1223.366667,201.683333,44.5,
160.316667,557.1,195.183333,193.033333,68.4,4305.733333,1223.366667,201.683333,44.5,1545.333333,
557.1,195.183333,193.033333,68.4,4305.733333,1223.366667,201.683333,44.5,1545.333333,36.55,
195.183333,193.033333,68.4,4305.733333,1223.366667,201.683333,44.5,1545.333333,36.55,505.566667,
193.033333,68.4,4305.733333,1223.366667,201.683333,44.5,1545.333333,36.55,505.566667,23.366667,
68.4,4305.733333,1223.366667,201.683333,44.5,1545.333333,36.55,505.566667,23.366667,1786.716667,
4305.733333,1223.366667,201.683333,44.5,1545.333333,36.55,505.566667,23.366667,1786.716667,3956.016667,
1223.366667,201.683333,44.5,1545.333333,36.55,505.566667,23.366667,1786.716667,3956.016667,133.85,
201.683333,44.5,1545.333333,36.55,505.566667,23.366667,1786.716667,3956.016667,133.85,154.066667,
44.5,1545.333333,36.55,505.566667,23.366667,1786.716667,3956.016667,133.85,154.066667,125.966667,
1545.333333,36.55,505.566667,23.366667,1786.716667,3956.016667,133.85,154.066667,125.966667,950.416667,
36.55,505.566667,23.366667,1786.716667,3956.016667,133.85,154.066667,125.966667,950.416667,380.783333,
200.283333,140.1,40.983333,209.016667,71.3,69.45,243.983333,554.983333,117.016667,701.0,
140.1,40.983333,209.016667,71.3,69.45,243.983333,554.983333,117.016667,701.0,221.95,
40.983333,209.016667,71.3,69.45,243.983333,554.983333,117.016667,701.0,221.95,200.1,
209.016667,71.3,69.45,243.983333,554.983333,117.016667,701.0,221.95,200.1,901.7,
71.3,69.45,243.983333,554.983333,117.016667,701.0,221.95,200.1,901.7,150.033333,
69.45,243.983333,554.983333,117.016667,701.0,221.95,200.1,901.7,150.033333,525.133333,
243.983333,554.983333,117.016667,701.0,221.95,200.1,901.7,150.033333,525.133333,741.333333,
554.983333,117.016667,701.0,221.95,200.1,901.7,150.033333,525.133333,741.333333,3028.5,
117.016667,701.0,221.95,200.1,901.7,150.033333,525.133333,741.333333,3028.5,7270.7,
701.0,221.95,200.1,901.7,150.033333,525.133333,741.333333,3028.5,7270.7,1345.65,
221.95,200.1,901.7,150.033333,525.133333,741.333333,3028.5,7270.7,1345.65,901.7,
200.1,901.7,150.033333,525.133333,741.333333,3028.5,7270.7,1345.65,901.7,2235.133333,
901.7,150.033333,525.133333,741.333333,3028.5,7270.7,1345.65,901.7,2235.133333,399.883333,
150.033333,525.133333,741.333333,3028.5,7270.7,1345.65,901.7,2235.133333,399.883333,261.683333,
525.133333,741.333333,3028.5,7270.7,1345.65,901.7,2235.133333,399.883333,261.683333,440.95,
741.333333,3028.5,7270.7,1345.65,901.7,2235.133333,399.883333,261.683333,440.95,138.866667,
3028.5,7270.7,1345.65,901.7,2235.133333,399.883333,261.683333,440.95,138.866667,1345.65,
7270.7,1345.65,901.7,2235.133333,399.883333,261.683333,440.95,138.866667,1345.65,1057.433333,
1345.65,901.7,2235.133333,399.883333,261.683333,440.95,138.866667,1345.65,1057.433333,845.316667,
901.7,2235.133333,399.883333,261.683333,440.95,138.866667,1345.65,1057.433333,845.316667,122.05,
2235.133333,399.883333,261.683333,440.95,138.866667,1345.65,1057.433333,845.316667,122.05,1684.166667,
399.883333,261.683333,440.95,138.866667,1345.65,1057.433333,845.316667,122.05,1684.166667,269.616667,
261.683333,440.95,138.866667,1345.65,1057.433333,845.316667,122.05,1684.166667,269.616667,846.283333,
440.95,138.866667,1345.65,1057.433333,845.316667,122.05,1684.166667,269.616667,846.283333,901.7,
138.866667,1345.65,1057.433333,845.316667,122.05,1684.166667,269.616667,846.283333,901.7,18.3,
1345.65,1057.433333,845.316667,122.05,1684.166667,269.616667,846.283333,901.7,18.3,28.133333,
1057.433333,845.316667,122.05,1684.166667,269.616667,846.283333,901.7,18.3,28.133333,88.9,
845.316667,122.05,1684.166667,269.616667,846.283333,901.7,18.3,28.133333,88.9,3434.766667,
122.05,1684.166667,269.616667,846.283333,901.7,18.3,28.133333,88.9,3434.766667,1031.9,
1684.166667,269.616667,846.283333,901.7,18.3,28.133333,88.9,3434.766667,1031.9,64.55,
269.616667,846.283333,901.7,18.3,28.133333,88.9,3434.766667,1031.9,64.55,104.866667,
846.283333,901.7,18.3,28.133333,88.9,3434.766667,1031.9,64.55,104.866667,920.4,
901.7,18.3,28.133333,88.9,3434.766667,1031.9,64.55,104.866667,920.4,826.883333,
18.3,28.133333,88.9,3434.766667,1031.9,64.55,104.866667,920.4,826.883333,4927.833333,
28.133333,88.9,3434.766667,1031.9,64.55,104.866667,920.4,826.883333,4927.833333,193.616667,
88.9,3434.766667,1031.9,64.55,104.866667,920.4,826.883333,4927.833333,193.616667,7.766667,
3434.766667,1031.9,64.55,104.866667,920.4,826.883333,4927.833333,193.616667,7.766667,361.383333,
1031.9,64.55,104.866667,920.4,826.883333,4927.833333,193.616667,7.766667,361.383333,85.966667,
64.55,104.866667,920.4,826.883333,4927.833333,193.616667,7.766667,361.383333,85.966667,76.733333,
104.866667,920.4,826.883333,4927.833333,193.616667,7.766667,361.383333,85.966667,76.733333,798.583333,
920.4,826.883333,4927.833333,193.616667,7.766667,361.383333,85.966667,76.733333,798.583333,229.716667,
826.883333,4927.833333,193.616667,7.766667,361.383333,85.966667,76.733333,798.583333,229.716667,582.983333,
4927.833333,193.616667,7.766667,361.383333,85.966667,76.733333,798.583333,229.716667,582.983333,517.966667,
193.616667,7.766667,361.383333,85.966667,76.733333,798.583333,229.716667,582.983333,517.966667,378.766667,
7.766667,361.383333,85.966667,76.733333,798.583333,229.716667,582.983333,517.966667,378.766667,218.1,
361.383333,85.966667,76.733333,798.583333,229.716667,582.983333,517.966667,378.766667,218.1,32.1,
85.966667,76.733333,798.583333,229.716667,582.983333,517.966667,378.766667,218.1,32.1,2990.95,
76.733333,798.583333,229.716667,582.983333,517.966667,378.766667,218.1,32.1,2990.95,1637.416667,
798.583333,229.716667,582.983333,517.966667,378.766667,218.1,32.1,2990.95,1637.416667,86.6,
229.716667,582.983333,517.966667,378.766667,218.1,32.1,2990.95,1637.416667,86.6,2.716667,
582.983333,517.966667,378.766667,218.1,32.1,2990.95,1637.416667,86.6,2.716667,622.083333,
517.966667,378.766667,218.1,32.1,2990.95,1637.416667,86.6,2.716667,622.083333,1057.433333,
378.766667,218.1,32.1,2990.95,1637.416667,86.6,2.716667,622.083333,1057.433333,1910.166667,
218.1,32.1,2990.95,1637.416667,86.6,2.716667,622.083333,1057.433333,1910.166667,73.433333,
32.1,2990.95,1637.416667,86.6,2.716667,622.083333,1057.433333,1910.166667,73.433333,159.35,
2990.95,1637.416667,86.6,2.716667,622.083333,1057.433333,1910.166667,73.433333,159.35,143.0,
1637.416667,86.6,2.716667,622.083333,1057.433333,1910.166667,73.433333,159.35,143.0,116.783333,
86.6,2.716667,622.083333,1057.433333,1910.166667,73.433333,159.35,143.0,116.783333,326.916667,
2.716667,622.083333,1057.433333,1910.166667,73.433333,159.35,143.0,116.783333,326.916667,128.433333,
622.083333,1057.433333,1910.166667,73.433333,159.35,143.0,116.783333,326.916667,128.433333,1663.0,
1057.433333,1910.166667,73.433333,159.35,143.0,116.783333,326.916667,128.433333,1663.0,117.966667,
1910.166667,73.433333,159.35,143.0,116.783333,326.916667,128.433333,1663.0,117.966667,86.783333,
73.433333,159.35,143.0,116.783333,326.916667,128.433333,1663.0,117.966667,86.783333,81.233333,
159.35,143.0,116.783333,326.916667,128.433333,1663.0,117.966667,86.783333,81.233333,48.566667,
143.0,116.783333,326.916667,128.433333,1663.0,117.966667,86.783333,81.233333,48.566667,283.8,
116.783333,326.916667,128.433333,1663.0,117.966667,86.783333,81.233333,48.566667,283.8,2439.833333,
326.916667,128.433333,1663.0,117.966667,86.783333,81.233333,48.566667,283.8,2439.833333,183.283333,
128.433333,1663.0,117.966667,86.783333,81.233333,48.566667,283.8,2439.833333,183.283333,69.933333,
1663.0,117.966667,86.783333,81.233333,48.566667,283.8,2439.833333,183.283333,69.933333,27.3,
117.966667,86.783333,81.233333,48.566667,283.8,2439.833333,183.283333,69.933333,27.3,380.783333,
86.783333,81.233333,48.566667,283.8,2439.833333,183.283333,69.933333,27.3,380.783333,35.166667,
81.233333,48.566667,283.8,2439.833333,183.283333,69.933333,27.3,380.783333,35.166667,22.55,
48.566667,283.8,2439.833333,183.283333,69.933333,27.3,380.783333,35.166667,22.55,1832.833333,
283.8,2439.833333,183.283333,69.933333,27.3,380.783333,35.166667,22.55,1832.833333,408.316667,
2439.833333,183.283333,69.933333,27.3,380.783333,35.166667,22.55,1832.833333,408.316667,6890.733333,
183.283333,69.933333,27.3,380.783333,35.166667,22.55,1832.833333,408.316667,6890.733333,133.033333,
69.933333,27.3,380.783333,35.166667,22.55,1832.833333,408.316667,6890.733333,133.033333,122.816667,
27.3,380.783333,35.166667,22.55,1832.833333,408.316667,6890.733333,133.033333,122.816667,9.3,
380.783333,35.166667,22.55,1832.833333,408.316667,6890.733333,133.033333,122.816667,9.3,290.683333,
35.166667,22.55,1832.833333,408.316667,6890.733333,133.033333,122.816667,9.3,290.683333,82.033333,
22.55,1832.833333,408.316667,6890.733333,133.033333,122.816667,9.3,290.683333,82.033333,44.783333,
1832.833333,408.316667,6890.733333,133.033333,122.816667,9.3,290.683333,82.033333,44.783333,585.2,
408.316667,6890.733333,133.033333,122.816667,9.3,290.683333,82.033333,44.783333,585.2,2958.416667,
6890.733333,133.033333,122.816667,9.3,290.683333,82.033333,44.783333,585.2,2958.416667,159.35,
133.033333,122.816667,9.3,290.683333,82.033333,44.783333,585.2,2958.416667,159.35,88.366667,
122.816667,9.3,290.683333,82.033333,44.783333,585.2,2958.416667,159.35,88.366667,4465.083333,
9.3,290.683333,82.033333,44.783333,585.2,2958.416667,159.35,88.366667,4465.083333,159.866667,
290.683333,82.033333,44.783333,585.2,2958.416667,159.35,88.366667,4465.083333,159.866667,1345.65,
82.033333,44.783333,585.2,2958.416667,159.35,88.366667,4465.083333,159.866667,1345.65,104.233333,
44.783333,585.2,2958.416667,159.35,88.366667,4465.083333,159.866667,1345.65,104.233333,440.95,
585.2,2958.416667,159.35,88.366667,4465.083333,159.866667,1345.65,104.233333,440.95,586.8,
2958.416667,159.35,88.366667,4465.083333,159.866667,1345.65,104.233333,440.95,586.8,209.016667,
159.35,88.366667,4465.083333,159.866667,1345.65,104.233333,440.95,586.8,209.016667,213.35,
88.366667,4465.083333,159.866667,1345.65,104.233333,440.95,586.8,209.016667,213.35,108.533333,
4465.083333,159.866667,1345.65,104.233333,440.95,586.8,209.016667,213.35,108.533333,33.45,
159.866667,1345.65,104.233333,440.95,586.8,209.016667,213.35,108.533333,33.45,2326.983333,
1345.65,104.233333,440.95,586.8,209.016667,213.35,108.533333,33.45,2326.983333,366.633333,
104.233333,440.95,586.8,209.016667,213.35,108.533333,33.45,2326.983333,366.633333,286.45,
440.95,586.8,209.016667,213.35,108.533333,33.45,2326.983333,366.633333,286.45,4127.716667,
586.8,209.016667,213.35,108.533333,33.45,2326.983333,366.633333,286.45,4127.716667,195.183333,
283.4,130.45,38.266667,207.083333,1355.516667,3975.05,312.233333,144.833333,1292.933333,45.316667,
130.45,38.266667,207.083333,1355.516667,3975.05,312.233333,144.833333,1292.933333,45.316667,412.75,
38.266667,207.083333,1355.516667,3975.05,312.233333,144.833333,1292.933333,45.316667,412.75,1345.65,
207.083333,1355.516667,3975.05,312.233333,144.833333,1292.933333,45.316667,412.75,1345.65,109.916667,
1355.516667,3975.05,312.233333,144.833333,1292.933333,45.316667,412.75,1345.65,109.916667,105.783333,
3975.05,312.233333,144.833333,1292.933333,45.316667,412.75,1345.65,109.916667,105.783333,332.6,
312.233333,144.833333,1292.933333,45.316667,412.75,1345.65,109.916667,105.783333,332.6,451.883333,
144.833333,1292.933333,45.316667,412.75,1345.65,109.916667,105.783333,332.6,451.883333,192.433333,
1292.933333,45.316667,412.75,1345.65,109.916667,105.783333,332.6,451.883333,192.433333,1463.183333,
45.316667,412.75,1345.65,109.916667,105.783333,332.6,451.883333,192.433333,1463.183333,242.733333,
412.75,1345.65,109.916667,105.783333,332.6,451.883333,192.433333,1463.183333,242.733333,193.033333,
1345.65,109.916667,105.783333,332.6,451.883333,192.433333,1463.183333,242.733333,193.033333,2630.566667,
109.916667,105.783333,332.6,451.883333,192.433333,1463.183333,242.733333,193.033333,2630.566667,254.933333,
105.783333,332.6,451.883333,192.433333,1463.183333,242.733333,193.033333,2630.566667,254.933333,2439.833333,
332.6,451.883333,192.433333,1463.183333,242.733333,193.033333,2630.566667,254.933333,2439.833333,220.65,
451.883333,192.433333,1463.183333,242.733333,193.033333,2630.566667,254.933333,2439.833333,220.65,81.033333,
192.433333,1463.183333,242.733333,193.033333,2630.566667,254.933333,2439.833333,220.65,81.033333,319.35,
1463.183333,242.733333,193.033333,2630.566667,254.933333,2439.833333,220.65,81.033333,319.35,59.383333,
242.733333,193.033333,2630.566667,254.933333,2439.833333,220.65,81.033333,319.35,59.383333,103.283333,
193.033333,2630.566667,254.933333,2439.833333,220.65,81.033333,319.35,59.383333,103.283333,82.15,
2630.566667,254.933333,2439.833333,220.65,81.033333,319.35,59.383333,103.283333,82.15,684.333333,
254.933333,2439.833333,220.65,81.033333,319.35,59.383333,103.283333,82.15,684.333333,901.766667,
2439.833333,220.65,81.033333,319.35,59.383333,103.283333,82.15,684.333333,901.766667,104.866667,
220.65,81.033333,319.35,59.383333,103.283333,82.15,684.333333,901.766667,104.866667,528.8,
81.033333,319.35,59.383333,103.283333,82.15,684.333333,901.766667,104.866667,528.8,585.2,
319.35,59.383333,103.283333,82.15,684.333333,901.766667,104.866667,528.8,585.2,233.25,
59.383333,103.283333,82.15,684.333333,901.766667,104.866667,528.8,585.2,233.25,525.516667,
103.283333,82.15,684.333333,901.766667,104.866667,528.8,585.2,233.25,525.516667,5351.233333,
82.15,684.333333,901.766667,104.866667,528.8,585.2,233.25,525.516667,5351.233333,241.233333,
684.333333,901.766667,104.866667,528.8,585.2,233.25,525.516667,5351.233333,241.233333,197.833333,
901.766667,104.866667,528.8,585.2,233.25,525.516667,5351.233333,241.233333,197.833333,35.85,
104.866667,528.8,585.2,233.25,525.516667,5351.233333,241.233333,197.833333,35.85,306.166667,
528.8,585.2,233.25,525.516667,5351.233333,241.233333,197.833333,35.85,306.166667,204.7,
585.2,233.25,525.516667,5351.233333,241.233333,197.833333,35.85,306.166667,204.7,1048.633333,
233.25,525.516667,5351.233333,241.233333,197.833333,35.85,306.166667,204.7,1048.633333,45.316667,
525.516667,5351.233333,241.233333,197.833333,35.85,306.166667,204.7,1048.633333,45.316667,1832.833333,
5351.233333,241.233333,197.833333,35.85,306.166667,204.7,1048.633333,45.316667,1832.833333,965.983333,
241.233333,197.833333,35.85,306.166667,204.7,1048.633333,45.316667,1832.833333,965.983333,2990.95,
197.833333,35.85,306.166667,204.7,1048.633333,45.316667,1832.833333,965.983333,2990.95,19.583333,
35.85,306.166667,204.7,1048.633333,45.316667,1832.833333,965.983333,2990.95,19.583333,809.95,
306.166667,204.7,1048.633333,45.316667,1832.833333,965.983333,2990.95,19.583333,809.95,182.816667,
204.7,1048.633333,45.316667,1832.833333,965.983333,2990.95,19.583333,809.95,182.816667,1366.633333,
1048.633333,45.316667,1832.833333,965.983333,2990.95,19.583333,809.95,182.816667,1366.633333,473.866667,
45.316667,1832.833333,965.983333,2990.95,19.583333,809.95,182.816667,1366.633333,473.866667,575.1,
1832.833333,965.983333,2990.95,19.583333,809.95,182.816667,1366.633333,473.866667,575.1,539.75,
965.983333,2990.95,19.583333,809.95,182.816667,1366.633333,473.866667,575.1,539.75,5826.583333,
2990.95,19.583333,809.95,182.816667,1366.633333,473.866667,575.1,539.75,5826.583333,193.033333,
19.583333,809.95,182.816667,1366.633333,473.866667,575.1,539.75,5826.583333,193.033333,18.3,
809.95,182.816667,1366.633333,473.866667,575.1,539.75,5826.583333,193.033333,18.3,290.683333,
182.816667,1366.633333,473.866667,575.1,539.75,5826.583333,193.033333,18.3,290.683333,5351.233333,
1366.633333,473.866667,575.1,539.75,5826.583333,193.033333,18.3,290.683333,5351.233333,88.416667,
473.866667,575.1,539.75,5826.583333,193.033333,18.3,290.683333,5351.233333,88.416667,218.1,
575.1,539.75,5826.583333,193.033333,18.3,290.683333,5351.233333,88.416667,218.1,1338.083333,
539.75,5826.583333,193.033333,18.3,290.683333,5351.233333,88.416667,218.1,1338.083333,1355.516667,
5826.583333,193.033333,18.3,290.683333,5351.233333,88.416667,218.1,1338.083333,1355.516667,420.75,
193.033333,18.3,290.683333,5351.233333,88.416667,218.1,1338.083333,1355.516667,420.75,98.883333,
18.3,290.683333,5351.233333,88.416667,218.1,1338.083333,1355.516667,420.75,98.883333,87.416667,
290.683333,5351.233333,88.416667,218.1,1338.083333,1355.516667,420.75,98.883333,87.416667,156.05,
5351.233333,88.416667,218.1,1338.083333,1355.516667,420.75,98.883333,87.416667,156.05,109.266667,
88.416667,218.1,1338.083333,1355.516667,420.75,98.883333,87.416667,156.05,109.266667,18.783333,
218.1,1338.083333,1355.516667,420.75,98.883333,87.416667,156.05,109.266667,18.783333,213.483333,
1338.083333,1355.516667,420.75,98.883333,87.416667,156.05,109.266667,18.783333,213.483333,89.266667,
1355.516667,420.75,98.883333,87.416667,156.05,109.266667,18.783333,213.483333,89.266667,245.6,
420.75,98.883333,87.416667,156.05,109.266667,18.783333,213.483333,89.266667,245.6,193.916667,
98.883333,87.416667,156.05,109.266667,18.783333,213.483333,89.266667,245.6,193.916667,2622.416667,
87.416667,156.05,109.266667,18.783333,213.483333,89.266667,245.6,193.916667,2622.416667,910.216667,
156.05,109.266667,18.783333,213.483333,89.266667,245.6,193.916667,2622.416667,910.216667,741.333333,
109.266667,18.783333,213.483333,89.266667,245.6,193.916667,2622.416667,910.216667,741.333333,88.9,
18.783333,213.483333,89.266667,245.6,193.916667,2622.416667,910.216667,741.333333,88.9,122.816667,
213.483333,89.266667,245.6,193.916667,2622.416667,910.216667,741.333333,88.9,122.816667,205.8,
89.266667,245.6,193.916667,2622.416667,910.216667,741.333333,88.9,122.816667,205.8,49.766667,
245.6,193.916667,2622.416667,910.216667,741.333333,88.9,122.816667,205.8,49.766667,47.05,
193.916667,2622.416667,910.216667,741.333333,88.9,122.816667,205.8,49.766667,47.05,204.833333,
2622.416667,910.216667,741.333333,88.9,122.816667,205.8,49.766667,47.05,204.833333,22.066667,
910.216667,741.333333,88.9,122.816667,205.8,49.766667,47.05,204.833333,22.066667,499.95,
741.333333,88.9,122.816667,205.8,49.766667,47.05,204.833333,22.066667,499.95,585.2,
88.9,122.816667,205.8,49.766667,47.05,204.833333,22.066667,499.95,585.2,179.866667,
122.816667,205.8,49.766667,47.05,204.833333,22.066667,499.95,585.2,179.866667,82.35,
205.8,49.766667,47.05,204.833333,22.066667,499.95,585.2,179.866667,82.35,910.216667,
49.766667,47.05,204.833333,22.066667,499.95,585.2,179.866667,82.35,910.216667,138.483333,
47.05,204.833333,22.066667,499.95,585.2,179.866667,82.35,910.216667,138.483333,1015.45,
204.833333,22.066667,499.95,585.2,179.866667,82.35,910.216667,138.483333,1015.45,233.25,
22.066667,499.95,585.2,179.866667,82.35,910.216667,138.483333,1015.45,233.25,138.866667,
499.95,585.2,179.866667,82.35,910.216667,138.483333,1015.45,233.25,138.866667,139.116667,
585.2,179.866667,82.35,910.216667,138.483333,1015.45,233.25,138.866667,139.116667,143.0,
179.866667,82.35,910.216667,138.483333,1015.45,233.25,138.866667,139.116667,143.0,1637.416667,
82.35,910.216667,138.483333,1015.45,233.25,138.866667,139.116667,143.0,1637.416667,123.183333,
910.216667,138.483333,1015.45,233.25,138.866667,139.116667,143.0,1637.416667,123.183333,109.666667,
138.483333,1015.45,233.25,138.866667,139.116667,143.0,1637.416667,123.183333,109.666667,154.066667,
1015.45,233.25,138.866667,139.116667,143.0,1637.416667,123.183333,109.666667,154.066667,1366.633333,
233.25,138.866667,139.116667,143.0,1637.416667,123.183333,109.666667,154.066667,1366.633333,85.966667,
138.866667,139.116667,143.0,1637.416667,123.183333,109.666667,154.066667,1366.633333,85.966667,146.833333,
139.116667,143.0,1637.416667,123.183333,109.666667,154.066667,1366.633333,85.966667,146.833333,71.466667,
143.0,1637.416667,123.183333,109.666667,154.066667,1366.633333,85.966667,146.833333,71.466667,70.033333,
1637.416667,123.183333,109.666667,154.066667,1366.633333,85.966667,146.833333,71.466667,70.033333,88.416667,
123.183333,109.666667,154.066667,1366.633333,85.966667,146.833333,71.466667,70.033333,88.416667,83.3,
109.666667,154.066667,1366.633333,85.966667,146.833333,71.466667,70.033333,88.416667,83.3,420.75,
154.066667,1366.633333,85.966667,146.833333,71.466667,70.033333,88.416667,83.3,420.75,70.033333,
1366.633333,85.966667,146.833333,71.466667,70.033333,88.416667,83.3,420.75,70.033333,367.4,
85.966667,146.833333,71.466667,70.033333,88.416667,83.3,420.75,70.033333,367.4,2730.833333,
146.833333,71.466667,70.033333,88.416667,83.3,420.75,70.033333,367.4,2730.833333,7.65,
71.466667,70.033333,88.416667,83.3,420.75,70.033333,367.4,2730.833333,7.65,245.6,
70.033333,88.416667,83.3,420.75,70.033333,367.4,2730.833333,7.65,245.6,370.733333,
88.416667,83.3,420.75,70.033333,367.4,2730.833333,7.65,245.6,370.733333,575.1,
83.3,420.75,70.033333,367.4,2730.833333,7.65,245.6,370.733333,575.1,643.583333,
420.75,70.033333,367.4,2730.833333,7.65,245.6,370.733333,575.1,643.583333,82.35,
70.033333,367.4,2730.833333,7.65,245.6,370.733333,575.1,643.583333,82.35,91.016667,
367.4,2730.833333,7.65,245.6,370.733333,575.1,643.583333,82.35,91.016667,741.316667,
2730.833333,7.65,245.6,370.733333,575.1,643.583333,82.35,91.016667,741.316667,643.583333,
7.65,245.6,370.733333,575.1,643.583333,82.35,91.016667,741.316667,643.583333,190.716667,
245.6,370.733333,575.1,643.583333,82.35,91.016667,741.316667,643.583333,190.716667,252.833333,
370.733333,575.1,643.583333,82.35,91.016667,741.316667,643.583333,190.716667,252.833333,47.216667,
575.1,643.583333,82.35,91.016667,741.316667,643.583333,190.716667,252.833333,47.216667,408.316667,
643.583333,82.35,91.016667,741.316667,643.583333,190.716667,252.833333,47.216667,408.316667,269.616667,
82.35,91.016667,741.316667,643.583333,190.716667,252.833333,47.216667,408.316667,269.616667,77.016667,
91.016667,741.316667,643.583333,190.716667,252.833333,47.216667,408.316667,269.616667,77.016667,35.166667,
741.316667,643.583333,190.716667,252.833333,47.216667,408.316667,269.616667,77.016667,35.166667,288.75,
643.583333,190.716667,252.833333,47.216667,408.316667,269.616667,77.016667,35.166667,288.75,138.783333,
111.816667,6592.6,7420.933333,1023.283333,366.633333,2235.133333,574.1,412.75,1217.65,2940.383333,
6592.6,7420.933333,1023.283333,366.633333,2235.133333,574.1,412.75,1217.65,2940.383333,85.966667,
7420.933333,1023.283333,366.633333,2235.133333,574.1,412.75,1217.65,2940.383333,85.966667,366.633333,
1023.283333,366.633333,2235.133333,574.1,412.75,1217.65,2940.383333,85.966667,366.633333,106.066667,
366.633333,2235.133333,574.1,412.75,1217.65,2940.383333,85.966667,366.633333,106.066667,437.65,
2235.133333,574.1,412.75,1217.65,2940.383333,85.966667,366.633333,106.066667,437.65,259.266667,
574.1,412.75,1217.65,2940.383333,85.966667,366.633333,106.066667,437.65,259.266667,4207.716667,
412.75,1217.65,2940.383333,85.966667,366.633333,106.066667,437.65,259.266667,4207.716667,798.583333,
1217.65,2940.383333,85.966667,366.633333,106.066667,437.65,259.266667,4207.716667,798.583333,195.166667,
2940.383333,85.966667,366.633333,106.066667,437.65,259.266667,4207.716667,798.583333,195.166667,104.233333,
85.966667,366.633333,106.066667,437.65,259.266667,4207.716667,798.583333,195.166667,104.233333,113.55,
366.633333,106.066667,437.65,259.266667,4207.716667,798.583333,195.166667,104.233333,113.55,333.3,
106.066667,437.65,259.266667,4207.716667,798.583333,195.166667,104.233333,113.55,333.3,4141.3,
437.65,259.266667,4207.716667,798.583333,195.166667,104.233333,113.55,333.3,4141.3,155.05,
259.266667,4207.716667,798.583333,195.166667,104.233333,113.55,333.3,4141.3,155.05,142.95,
4207.716667,798.583333,195.166667,104.233333,113.55,333.3,4141.3,155.05,142.95,68.066667,
798.583333,195.166667,104.233333,113.55,333.3,4141.3,155.05,142.95,68.066667,174.5,
195.166667,104.233333,113.55,333.3,4141.3,155.05,142.95,68.066667,174.5,191.283333,
104.233333,113.55,333.3,4141.3,155.05,142.95,68.066667,174.5,191.283333,117.233333,
113.55,333.3,4141.3,155.05,142.95,68.066667,174.5,191.283333,117.233333,499.15,
333.3,4141.3,155.05,142.95,68.066667,174.5,191.283333,117.233333,499.15,245.65,
4141.3,155.05,142.95,68.066667,174.5,191.283333,117.233333,499.15,245.65,856.35,
155.05,142.95,68.066667,174.5,191.283333,117.233333,499.15,245.65,856.35,213.35,
142.95,68.066667,174.5,191.283333,117.233333,499.15,245.65,856.35,213.35,157.6,
68.066667,174.5,191.283333,117.233333,499.15,245.65,856.35,213.35,157.6,846.283333,
174.5,191.283333,117.233333,499.15,245.65,856.35,213.35,157.6,846.283333,1520.35,
191.283333,117.233333,499.15,245.65,856.35,213.35,157.6,846.283333,1520.35,71.4,
117.233333,499.15,245.65,856.35,213.35,157.6,846.283333,1520.35,71.4,29.35,
499.15,245.65,856.35,213.35,157.6,846.283333,1520.35,71.4,29.35,229.716667,
245.65,856.35,213.35,157.6,846.283333,1520.35,71.4,29.35,229.716667,798.583333,
856.35,213.35,157.6,846.283333,1520.35,71.4,29.35,229.716667,798.583333,780.583333,
213.35,157.6,846.283333,1520.35,71.4,29.35,229.716667,798.583333,780.583333,94.833333,
157.6,846.283333,1520.35,71.4,29.35,229.716667,798.583333,780.583333,94.833333,157.6,
846.283333,1520.35,71.4,29.35,229.716667,798.583333,780.583333,94.833333,157.6,601.75,
1520.35,71.4,29.35,229.716667,798.583333,780.583333,94.833333,157.6,601.75,2730.833333,
71.4,29.35,229.716667,798.583333,780.583333,94.833333,157.6,601.75,2730.833333,221.033333,
29.35,229.716667,798.583333,780.583333,94.833333,157.6,601.75,2730.833333,221.033333,440.95,
229.716667,798.583333,780.583333,94.833333,157.6,601.75,2730.833333,221.033333,440.95,138.783333,
798.583333,780.583333,94.833333,157.6,601.75,2730.833333,221.033333,440.95,138.783333,320.25,
780.583333,94.833333,157.6,601.75,2730.833333,221.033333,440.95,138.783333,320.25,28.133333,
94.833333,157.6,601.75,2730.833333,221.033333,440.95,138.783333,320.25,28.133333,104.866667,
157.6,601.75,2730.833333,221.033333,440.95,138.783333,320.25,28.133333,104.866667,27.283333,
601.75,2730.833333,221.033333,440.95,138.783333,320.25,28.133333,104.866667,27.283333,15.483333,
2730.833333,221.033333,440.95,138.783333,320.25,28.133333,104.866667,27.283333,15.483333,397.983333,
221.033333,440.95,138.783333,320.25,28.133333,104.866667,27.283333,15.483333,397.983333,41.766667,
440.95,138.783333,320.25,28.133333,104.866667,27.283333,15.483333,397.983333,41.766667,194.466667,
138.783333,320.25,28.133333,104.866667,27.283333,15.483333,397.983333,41.766667,194.466667,6592.6,
320.25,28.133333,104.866667,27.283333,15.483333,397.983333,41.766667,194.466667,6592.6,29.7,
28.133333,104.866667,27.283333,15.483333,397.983333,41.766667,194.466667,6592.6,29.7,48.566667,
104.866667,27.283333,15.483333,397.983333,41.766667,194.466667,6592.6,29.7,48.566667,79.25,
27.283333,15.483333,397.983333,41.766667,194.466667,6592.6,29.7,48.566667,79.25,64.55,
15.483333,397.983333,41.766667,194.466667,6592.6,29.7,48.566667,79.25,64.55,502.766667,
397.983333,41.766667,194.466667,6592.6,29.7,48.566667,79.25,64.55,502.766667,127.116667,
41.766667,194.466667,6592.6,29.7,48.566667,79.25,64.55,502.766667,127.116667,81.033333,
194.466667,6592.6,29.7,48.566667,79.25,64.55,502.766667,127.116667,81.033333,132.533333,
6592.6,29.7,48.566667,79.25,64.55,502.766667,127.116667,81.033333,132.533333,197.833333,
29.7,48.566667,79.25,64.55,502.766667,127.116667,81.033333,132.533333,197.833333,38.233333,
48.566667,79.25,64.55,502.766667,127.116667,81.033333,132.533333,197.833333,38.233333,809.95,
79.25,64.55,502.766667,127.116667,81.033333,132.533333,197.833333,38.233333,809.95,41.75,
64.55,502.766667,127.116667,81.033333,132.533333,197.833333,38.233333,809.95,41.75,1672.483333,
502.766667,127.116667,81.033333,132.533333,197.833333,38.233333,809.95,41.75,1672.483333,397.983333,
127.116667,81.033333,132.533333,197.833333,38.233333,809.95,41.75,1672.483333,397.983333,4141.3,
81.033333,132.533333,197.833333,38.233333,809.95,41.75,1672.483333,397.983333,4141.3,1838.716667,
132.533333,197.833333,38.233333,809.95,41.75,1672.483333,397.983333,4141.3,1838.716667,259.65,
197.833333,38.233333,809.95,41.75,1672.483333,397.983333,4141.3,1838.716667,259.65,153.6,
38.233333,809.95,41.75,1672.483333,397.983333,4141.3,1838.716667,259.65,153.6,532.416667,
809.95,41.75,1672.483333,397.983333,4141.3,1838.716667,259.65,153.6,532.416667,15.483333,
41.75,1672.483333,397.983333,4141.3,1838.716667,259.65,153.6,532.416667,15.483333,133.85,
1672.483333,397.983333,4141.3,1838.716667,259.65,153.6,532.416667,15.483333,133.85,94.833333,
397.983333,4141.3,1838.716667,259.65,153.6,532.416667,15.483333,133.85,94.833333,233.25,
4141.3,1838.716667,259.65,153.6,532.416667,15.483333,133.85,94.833333,233.25,16.283333,
1838.716667,259.65,153.6,532.416667,15.483333,133.85,94.833333,233.25,16.283333,38.95,
259.65,153.6,532.416667,15.483333,133.85,94.833333,233.25,16.283333,38.95,241.233333,
153.6,532.416667,15.483333,133.85,94.833333,233.25,16.283333,38.95,241.233333,162.766667,
532.416667,15.483333,133.85,94.833333,233.25,16.283333,38.95,241.233333,162.766667,87.416667,
15.483333,133.85,94.833333,233.25,16.283333,38.95,241.233333,162.766667,87.416667,3804.833333,
133.85,94.833333,233.25,16.283333,38.95,241.233333,162.766667,87.416667,3804.833333,245.6,
94.833333,233.25,16.283333,38.95,241.233333,162.766667,87.416667,3804.833333,245.6,73.183333,
233.25,16.283333,38.95,241.233333,162.766667,87.416667,3804.833333,245.6,73.183333,391.2,
16.283333,38.95,241.233333,162.766667,87.416667,3804.833333,245.6,73.183333,391.2,4132.2,
38.95,241.233333,162.766667,87.416667,3804.833333,245.6,73.183333,391.2,4132.2,138.783333,
241.233333,162.766667,87.416667,3804.833333,245.6,73.183333,391.2,4132.2,138.783333,38.233333,
162.766667,87.416667,3804.833333,245.6,73.183333,391.2,4132.2,138.783333,38.233333,582.983333,
87.416667,3804.833333,245.6,73.183333,391.2,4132.2,138.783333,38.233333,582.983333,1982.516667,
3804.833333,245.6,73.183333,391.2,4132.2,138.783333,38.233333,582.983333,1982.516667,79.25,
245.6,73.183333,391.2,4132.2,138.783333,38.233333,582.983333,1982.516667,79.25,174.5,
73.183333,391.2,4132.2,138.783333,38.233333,582.983333,1982.516667,79.25,174.5,2990.95,
391.2,4132.2,138.783333,38.233333,582.983333,1982.516667,79.25,174.5,2990.95,361.383333,
4132.2,138.783333,38.233333,582.983333,1982.516667,79.25,174.5,2990.95,361.383333,350.083333,
138.783333,38.233333,582.983333,1982.516667,79.25,174.5,2990.95,361.383333,350.083333,451.883333,
38.233333,582.983333,1982.516667,79.25,174.5,2990.95,361.383333,350.083333,451.883333,18.45,
582.983333,1982.516667,79.25,174.5,2990.95,361.383333,350.083333,451.883333,18.45,2405.116667,
1982.516667,79.25,174.5,2990.95,361.383333,350.083333,451.883333,18.45,2405.116667,178.25,
79.25,174.5,2990.95,361.383333,350.083333,451.883333,18.45,2405.116667,178.25,213.35,
174.5,2990.95,361.383333,350.083333,451.883333,18.45,2405.116667,178.25,213.35,874.733333,
2990.95,361.383333,350.083333,451.883333,18.45,2405.116667,178.25,213.35,874.733333,4305.733333,
361.383333,350.083333,451.883333,18.45,2405.116667,178.25,213.35,874.733333,4305.733333,283.4,
350.083333,451.883333,18.45,2405.116667,178.25,213.35,874.733333,4305.733333,283.4,60.283333,
451.883333,18.45,2405.116667,178.25,213.35,874.733333,4305.733333,283.4,60.283333,1295.266667,
18.45,2405.116667,178.25,213.35,874.733333,4305.733333,283.4,60.283333,1295.266667,117.016667,
2405.116667,178.25,213.35,874.733333,4305.733333,283.4,60.283333,1295.266667,117.016667,684.9,
178.25,213.35,874.733333,4305.733333,283.4,60.283333,1295.266667,117.016667,684.9,266.733333,
213.35,874.733333,4305.733333,283.4,60.283333,1295.266667,117.016667,684.9,266.733333,113.55,
874.733333,4305.733333,283.4,60.283333,1295.266667,117.016667,684.9,266.733333,113.55,2630.566667,
4305.733333,283.4,60.283333,1295.266667,117.016667,684.9,266.733333,113.55,2630.566667,1052.05,
283.4,60.283333,1295.266667,117.016667,684.9,266.733333,113.55,2630.566667,1052.05,125.15,
60.283333,1295.266667,117.016667,684.9,266.733333,113.55,2630.566667,1052.05,125.15,96.0,
1295.266667,117.016667,684.9,266.733333,113.55,2630.566667,1052.05,125.15,96.0,1445.233333,
117.016667,684.9,266.733333,113.55,2630.566667,1052.05,125.15,96.0,1445.233333,861.4,
684.9,266.733333,113.55,2630.566667,1052.05,125.15,96.0,1445.233333,861.4,408.316667,
266.733333,113.55,2630.566667,1052.05,125.15,96.0,1445.233333,861.4,408.316667,322.6,
113.55,2630.566667,1052.05,125.15,96.0,1445.233333,861.4,408.316667,322.6,330.55,
2630.566667,1052.05,125.15,96.0,1445.233333,861.4,408.316667,322.6,330.55,45.316667,
1052.05,125.15,96.0,1445.233333,861.4,408.316667,322.6,330.55,45.316667,47.483333,
125.15,96.0,1445.233333,861.4,408.316667,322.6,330.55,45.316667,47.483333,77.016667,
96.0,1445.233333,861.4,408.316667,322.6,330.55,45.316667,47.483333,77.016667,119.066667,
1445.233333,861.4,408.316667,322.6,330.55,45.316667,47.483333,77.016667,119.066667,34.316667,
861.4,408.316667,322.6,330.55,45.316667,47.483333,77.016667,119.066667,34.316667,1076.5,
408.316667,322.6,330.55,45.316667,47.483333,77.016667,119.066667,34.316667,1076.5,135.866667,
322.6,330.55,45.316667,47.483333,77.016667,119.066667,34.316667,1076.5,135.866667,608.766667,
330.55,45.316667,47.483333,77.016667,119.066667,34.316667,1076.5,135.866667,608.766667,198.45,
45.316667,47.483333,77.016667,119.066667,34.316667,1076.5,135.866667,608.766667,198.45,76.733333,
47.483333,77.016667,119.066667,34.316667,1076.5,135.866667,608.766667,198.45,76.733333,648.283333,
77.016667,119.066667,34.316667,1076.5,135.866667,608.766667,198.45,76.733333,648.283333,780.583333,
119.066667,34.316667,1076.5,135.866667,608.766667,198.45,76.733333,648.283333,780.583333,610.116667,
34.316667,1076.5,135.866667,608.766667,198.45,76.733333,648.283333,780.583333,610.116667,125.4,
1076.5,135.866667,608.766667,198.45,76.733333,648.283333,780.583333,610.116667,125.4,219.483333,
135.866667,608.766667,198.45,76.733333,648.283333,780.583333,610.116667,125.4,219.483333,194.0,
608.766667,198.45,76.733333,648.283333,780.583333,610.116667,125.4,219.483333,194.0,632.716667,
198.45,76.733333,648.283333,780.583333,610.116667,125.4,219.483333,194.0,632.716667,1463.183333,
76.733333,648.283333,780.583333,610.116667,125.4,219.483333,194.0,632.716667,1463.183333,859.966667,
648.283333,780.583333,610.116667,125.4,219.483333,194.0,632.716667,1463.183333,859.966667,32.1,
780.583333,610.116667,125.4,219.483333,194.0,632.716667,1463.183333,859.966667,32.1,119.933333,
610.116667,125.4,219.483333,194.0,632.716667,1463.183333,859.966667,32.1,119.933333,691.983333,
125.4,219.483333,194.0,632.716667,1463.183333,859.966667,32.1,119.933333,691.983333,220.65,
219.483333,194.0,632.716667,1463.183333,859.966667,32.1,119.933333,691.983333,220.65,221.033333,
194.0,632.716667,1463.183333,859.966667,32.1,119.933333,691.983333,220.65,221.033333,320.25,
632.716667,1463.183333,859.966667,32.1,119.933333,691.983333,220.65,221.033333,320.25,288.416667,
1463.183333,859.966667,32.1,119.933333,691.983333,220.65,221.033333,320.25,288.416667,269.616667,
859.966667,32.1,119.933333,691.983333,220.65,221.033333,320.25,288.416667,269.616667,174.85,
