507.58,507.63,507.63,507.63,507.63
507.58,507.63,507.63,507.63,507.63
507.59,507.63,507.63,507.63,507.63
507.57,507.63,507.63,507.63,507.63
507.59,507.63,507.63,507.63,507.63
507.59,507.63,507.63,507.63,507.63
507.58,507.63,507.63,507.63,507.63
507.58,507.63,507.63,507.63,507.63
507.58,507.63,507.63,507.63,507.63
507.58,507.63,507.63,507.63,507.63
507.59,507.63,507.63,507.63,507.63
507.59,507.63,507.63,507.63,507.63
507.59,507.63,507.63,507.63,507.63
507.59,507.63,507.63,507.63,507.63
507.58,507.63,507.63,507.63,507.63
507.59,507.63,507.63,507.63,507.63
507.59,507.63,507.63,507.63,507.63
507.58,507.63,507.63,507.63,507.63
507.57,507.63,507.63,507.63,507.63
507.59,507.63,507.63,507.63,507.63
507.58,507.63,507.63,507.63,507.63
507.58,507.63,507.63,507.63,507.63
507.59,507.63,507.63,507.63,507.63
507.59,507.63,507.63,507.63,507.63
507.59,507.63,507.63,507.63,507.63
507.59,507.63,507.63,507.63,507.63
507.59,507.63,507.63,507.63,507.63
507.59,507.63,507.63,507.63,507.63
507.59,507.63,507.63,507.63,507.63
507.59,507.63,507.63,507.63,507.63
507.59,507.63,507.63,507.63,507.63
507.59,507.63,507.63,507.63,507.63
507.59,507.63,507.63,507.63,507.63
507.59,507.63,507.63,507.63,507.63
507.59,507.63,507.63,507.63,507.63
507.59,507.63,507.63,507.63,507.63
507.57,507.63,507.63,507.63,507.63
507.59,507.63,507.63,507.63,507.63
507.59,507.63,507.63,507.63,507.63
507.58,507.63,507.63,507.63,507.63
507.58,507.63,507.63,507.63,507.63
507.59,507.63,507.63,507.63,507.63
507.59,507.63,507.63,507.63,507.63
507.58,507.63,507.63,507.63,507.63
507.59,507.63,507.63,507.63,507.63
507.59,507.63,507.63,507.63,507.63
507.59,507.63,507.63,507.63,507.63
507.58,507.63,507.63,507.63,507.63
507.58,507.63,507.63,507.63,507.63
507.59,507.63,507.63,507.63,507.63
507.58,507.63,507.63,507.63,507.63
507.59,507.63,507.63,507.63,507.63
507.59,507.63,507.63,507.63,507.63
507.59,507.63,507.63,507.63,507.63
507.59,507.63,507.63,507.63,507.63
507.59,507.63,507.63,507.63,507.63
507.58,507.63,507.63,507.63,507.63
507.59,507.63,507.63,507.63,507.63
507.59,507.63,507.63,507.63,507.63
507.59,507.63,507.63,507.63,507.63
507.59,507.63,507.63,507.63,507.63
507.59,507.63,507.63,507.63,507.63
507.59,507.63,507.63,507.63,507.63
507.59,507.63,507.63,507.63,507.63
507.59,507.63,507.63,507.63,507.63
507.59,507.63,507.63,507.63,507.63
507.59,507.63,507.63,507.63,507.63
507.59,507.63,507.63,507.63,507.63
507.59,507.63,507.63,507.63,507.63
507.59,507.63,507.63,507.63,507.63
507.38,507.62,507.63,507.63,507.63
507.59,507.63,507.63,507.63,507.63
507.59,507.63,507.63,507.63,507.63
507.58,507.63,507.63,507.63,507.63
507.59,507.63,507.63,507.63,507.63
507.59,507.63,507.63,507.63,507.63
507.59,507.63,507.63,507.63,507.63
507.59,507.63,507.63,507.63,507.63
507.57,507.63,507.63,507.63,507.63
507.58,507.63,507.63,507.63,507.63
507.58,507.63,507.63,507.63,507.63
507.59,507.63,507.63,507.63,507.63
507.59,507.63,507.63,507.63,507.63
507.59,507.63,507.63,507.63,507.63
507.54,507.63,507.63,507.63,507.63
507.58,507.63,507.63,507.63,507.63
507.59,507.63,507.63,507.63,507.63
507.59,507.63,507.63,507.63,507.63
507.59,507.63,507.63,507.63,507.63
507.58,507.63,507.63,507.63,507.63
507.55,507.63,507.63,507.63,507.63
507.58,507.63,507.63,507.63,507.63
507.58,507.63,507.63,507.63,507.63
507.58,507.63,507.63,507.63,507.63
507.59,507.63,507.63,507.63,507.63
507.58,507.63,507.63,507.63,507.63
507.59,507.63,507.63,507.63,507.63
507.58,507.63,507.63,507.63,507.63
507.59,507.63,507.63,507.63,507.63
507.58,507.63,507.63,507.63,507.63
507.59,507.63,507.63,507.63,507.63
507.59,507.63,507.63,507.63,507.63
507.59,507.63,507.63,507.63,507.63
507.59,507.63,507.63,507.63,507.63
507.58,507.63,507.63,507.63,507.63
507.59,507.63,507.63,507.63,507.63
507.59,507.63,507.63,507.63,507.63
507.59,507.63,507.63,507.63,507.63
507.59,507.63,507.63,507.63,507.63
507.59,507.63,507.63,507.63,507.63
507.59,507.63,507.63,507.63,507.63
507.59,507.63,507.63,507.63,507.63
507.59,507.63,507.63,507.63,507.63
507.59,507.63,507.63,507.63,507.63
507.59,507.63,507.63,507.63,507.63
507.58,507.63,507.63,507.63,507.63
507.59,507.63,507.63,507.63,507.63
507.59,507.63,507.63,507.63,507.63
507.59,507.63,507.63,507.63,507.63
507.59,507.63,507.63,507.63,507.63
507.59,507.63,507.63,507.63,507.63
507.59,507.63,507.63,507.63,507.63
507.59,507.63,507.63,507.63,507.63
507.59,507.63,507.63,507.63,507.63
507.58,507.63,507.63,507.63,507.63
507.59,507.63,507.63,507.63,507.63
507.59,507.63,507.63,507.63,507.63
507.59,507.63,507.63,507.63,507.63
507.59,507.63,507.63,507.63,507.63
507.59,507.63,507.63,507.63,507.63
507.59,507.63,507.63,507.63,507.63
507.59,507.63,507.63,507.63,507.63
507.59,507.63,507.63,507.63,507.63
507.59,507.63,507.63,507.63,507.63
507.59,507.63,507.63,507.63,507.63
507.59,507.63,507.63,507.63,507.63
507.59,507.63,507.63,507.63,507.63
507.59,507.63,507.63,507.63,507.63
507.59,507.63,507.63,507.63,507.63
507.59,507.63,507.63,507.63,507.63
507.59,507.63,507.63,507.63,507.63
507.59,507.63,507.63,507.63,507.63
507.59,507.63,507.63,507.63,507.63
507.58,507.63,507.63,507.63,507.63
507.59,507.63,507.63,507.63,507.63
507.59,507.63,507.63,507.63,507.63
507.59,507.63,507.63,507.63,507.63
507.59,507.63,507.63,507.63,507.63
507.58,507.63,507.63,507.63,507.63
507.59,507.63,507.63,507.63,507.63
507.59,507.63,507.63,507.63,507.63
507.59,507.63,507.63,507.63,507.63
507.59,507.63,507.63,507.63,507.63
507.59,507.63,507.63,507.63,507.63
507.59,507.63,507.63,507.63,507.63
507.59,507.63,507.63,507.63,507.63
507.58,507.63,507.63,507.63,507.63
507.59,507.63,507.63,507.63,507.63
507.59,507.63,507.63,507.63,507.63
507.59,507.63,507.63,507.63,507.63
507.59,507.63,507.63,507.63,507.63
507.59,507.63,507.63,507.63,507.63
507.59,507.63,507.63,507.63,507.63
507.58,507.63,507.63,507.63,507.63
507.59,507.63,507.63,507.63,507.63
507.58,507.63,507.63,507.63,507.63
507.55,507.63,507.63,507.63,507.63
507.59,507.63,507.63,507.63,507.63
507.58,507.63,507.63,507.63,507.63
507.59,507.63,507.63,507.63,507.63
507.58,507.63,507.63,507.63,507.63
507.58,507.63,507.63,507.63,507.63
507.59,507.63,507.63,507.63,507.63
507.58,507.63,507.63,507.63,507.63
507.58,507.63,507.63,507.63,507.63
507.59,507.63,507.63,507.63,507.63
507.58,507.63,507.63,507.63,507.63
507.59,507.63,507.63,507.63,507.63
507.59,507.63,507.63,507.63,507.63
507.59,507.63,507.63,507.63,507.63
507.59,507.63,507.63,507.63,507.63
507.59,507.63,507.63,507.63,507.63
507.59,507.63,507.63,507.63,507.63
507.59,507.63,507.63,507.63,507.63
507.59,507.63,507.63,507.63,507.63
507.59,507.63,507.63,507.63,507.63
507.59,507.63,507.63,507.63,507.63
507.58,507.63,507.63,507.63,507.63
507.59,507.63,507.63,507.63,507.63
507.59,507.63,507.63,507.63,507.63
507.58,507.63,507.63,507.63,507.63
507.59,507.63,507.63,507.63,507.63
507.59,507.63,507.63,507.63,507.63
507.59,507.63,507.63,507.63,507.63
507.59,507.63,507.63,507.63,507.63
507.59,507.63,507.63,507.63,507.63
507.59,507.63,507.63,507.63,507.63
507.59,507.63,507.63,507.63,507.63
507.59,507.63,507.63,507.63,507.63
507.59,507.63,507.63,507.63,507.63
507.59,507.63,507.63,507.63,507.63
507.59,507.63,507.63,507.63,507.63
507.59,507.63,507.63,507.63,507.63
507.59,507.63,507.63,507.63,507.63
507.59,507.63,507.63,507.63,507.63
