166.08,166.11,166.11,166.11,166.11
166.06,166.1,166.11,166.11,166.11
166.07,166.1,166.11,166.11,166.11
166.08,166.11,166.11,166.11,166.11
166.07,166.1,166.11,166.11,166.11
166.09,166.11,166.11,166.11,166.11
166.07,166.1,166.11,166.11,166.11
166.07,166.1,166.11,166.11,166.11
166.09,166.11,166.11,166.11,166.11
166.09,166.11,166.11,166.11,166.11
165.9,166.06,166.07,166.07,166.07
166.06,166.1,166.11,166.11,166.11
166.09,166.11,166.11,166.11,166.11
166.07,166.1,166.11,166.11,166.11
166.05,166.1,166.11,166.11,166.11
166.07,166.1,166.11,166.11,166.11
166.07,166.1,166.11,166.11,166.11
166.09,166.11,166.11,166.11,166.11
166.06,166.1,166.11,166.11,166.11
166.08,166.1,166.11,166.11,166.11
166.09,166.11,166.11,166.11,166.11
166.07,166.1,166.11,166.11,166.11
166.08,166.1,166.11,166.11,166.11
166.06,166.1,166.11,166.11,166.11
166.09,166.11,166.11,166.11,166.11
166.08,166.1,166.11,166.11,166.11
166.07,166.1,166.11,166.11,166.11
166.08,166.11,166.11,166.11,166.11
166.07,166.1,166.11,166.11,166.11
166.09,166.11,166.11,166.11,166.11
166.08,166.11,166.11,166.11,166.11
166.08,166.11,166.11,166.11,166.11
166.09,166.11,166.11,166.11,166.11
166.07,166.1,166.11,166.11,166.11
166.07,166.1,166.11,166.11,166.11
166.06,166.1,166.11,166.11,166.11
166.07,166.1,166.11,166.11,166.11
166.03,166.1,166.11,166.11,166.11
166.09,166.11,166.11,166.11,166.11
166.05,166.1,166.11,166.11,166.11
166.07,166.1,166.11,166.11,166.11
166.08,166.1,166.11,166.11,166.11
166.06,166.1,166.11,166.11,166.11
166.08,166.1,166.11,166.11,166.11
166.07,166.1,166.11,166.11,166.11
166.06,166.1,166.11,166.11,166.11
166.05,166.1,166.11,166.11,166.11
166.07,166.1,166.11,166.11,166.11
166.07,166.1,166.11,166.11,166.11
166.08,166.11,166.11,166.11,166.11
166.06,166.1,166.11,166.11,166.11
166.09,166.11,166.11,166.11,166.11
166.09,166.11,166.11,166.11,166.11
166.08,166.1,166.11,166.11,166.11
166.06,166.1,166.11,166.11,166.11
166.06,166.1,166.11,166.11,166.11
166.07,166.1,166.11,166.11,166.11
166.08,166.1,166.11,166.11,166.11
166.09,166.11,166.11,166.11,166.11
166.09,166.11,166.11,166.11,166.11
166.06,166.1,166.11,166.11,166.11
166.06,166.1,166.11,166.11,166.11
166.09,166.11,166.11,166.11,166.11
166.09,166.11,166.11,166.11,166.11
166.08,166.1,166.11,166.11,166.11
166.06,166.1,166.11,166.11,166.11
166.09,166.11,166.11,166.11,166.11
166.09,166.11,166.11,166.11,166.11
166.08,166.11,166.11,166.11,166.11
166.08,166.11,166.11,166.11,166.11
166.08,166.1,166.11,166.11,166.11
166.09,166.11,166.11,166.11,166.11
166.08,166.11,166.11,166.11,166.11
166.07,166.1,166.11,166.11,166.11
166.08,166.1,166.11,166.11,166.11
166.09,166.11,166.11,166.11,166.11
166.07,166.1,166.11,166.11,166.11
166.09,166.11,166.11,166.11,166.11
166.06,166.1,166.11,166.11,166.11
166.06,166.1,166.11,166.11,166.11
166.07,166.1,166.11,166.11,166.11
166.08,166.11,166.11,166.11,166.11
166.06,166.1,166.11,166.11,166.11
166.06,166.1,166.11,166.11,166.11
166.08,166.1,166.11,166.11,166.11
166.08,166.1,166.11,166.11,166.11
166.08,166.1,166.11,166.11,166.11
166.07,166.1,166.11,166.11,166.11
166.09,166.11,166.11,166.11,166.11
166.08,166.1,166.11,166.11,166.11
166.07,166.1,166.11,166.11,166.11
166.09,166.11,166.11,166.11,166.11
166.09,166.11,166.11,166.11,166.11
166.08,166.11,166.11,166.11,166.11
166.08,166.11,166.11,166.11,166.11
166.08,166.1,166.11,166.11,166.11
166.06,166.1,166.11,166.11,166.11
166.07,166.1,166.11,166.11,166.11
166.08,166.11,166.11,166.11,166.11
166.08,166.11,166.11,166.11,166.11
166.07,166.1,166.11,166.11,166.11
166.07,166.1,166.11,166.11,166.11
166.08,166.11,166.11,166.11,166.11
166.06,166.1,166.11,166.11,166.11
166.07,166.1,166.11,166.11,166.11
166.07,166.1,166.11,166.11,166.11
166.09,166.11,166.11,166.11,166.11
166.07,166.1,166.11,166.11,166.11
166.09,166.11,166.11,166.11,166.11
166.07,166.1,166.11,166.11,166.11
166.06,166.1,166.11,166.11,166.11
166.09,166.11,166.11,166.11,166.11
166.07,166.1,166.11,166.11,166.11
166.08,166.1,166.11,166.11,166.11
166.08,166.11,166.11,166.11,166.11
166.06,166.1,166.11,166.11,166.11
166.08,166.1,166.11,166.11,166.11
166.09,166.11,166.11,166.11,166.11
166.07,166.1,166.11,166.11,166.11
166.08,166.1,166.11,166.11,166.11
166.08,166.1,166.11,166.11,166.11
166.07,166.1,166.11,166.11,166.11
166.09,166.11,166.11,166.11,166.11
166.09,166.11,166.11,166.11,166.11
166.09,166.11,166.11,166.11,166.11
166.06,166.1,166.11,166.11,166.11
166.09,166.11,166.11,166.11,166.11
166.08,166.11,166.11,166.11,166.11
165.98,166.09,166.1,166.1,166.1
166.09,166.11,166.11,166.11,166.11
166.07,166.1,166.11,166.11,166.11
166.08,166.1,166.11,166.11,166.11
166.08,166.11,166.11,166.11,166.11
166.07,166.1,166.11,166.11,166.11
166.08,166.1,166.11,166.11,166.11
166.09,166.11,166.11,166.11,166.11
166.09,166.11,166.11,166.11,166.11
166.07,166.1,166.11,166.11,166.11
166.07,166.1,166.11,166.11,166.11
166.09,166.11,166.11,166.11,166.11
166.07,166.1,166.11,166.11,166.11
166.06,166.1,166.11,166.11,166.11
166.08,166.11,166.11,166.11,166.11
166.07,166.1,166.11,166.11,166.11
166.05,166.1,166.11,166.11,166.11
166.07,166.1,166.11,166.11,166.11
166.06,166.1,166.11,166.11,166.11
166.06,166.1,166.11,166.11,166.11
166.07,166.1,166.11,166.11,166.11
166.07,166.1,166.11,166.11,166.11
166.07,166.1,166.11,166.11,166.11
166.08,166.1,166.11,166.11,166.11
166.09,166.11,166.11,166.11,166.11
166.09,166.11,166.11,166.11,166.11
166.07,166.1,166.11,166.11,166.11
166.08,166.1,166.11,166.11,166.11
166.06,166.1,166.11,166.11,166.11
166.06,166.1,166.11,166.11,166.11
166.07,166.1,166.11,166.11,166.11
166.09,166.11,166.11,166.11,166.11
166.06,166.1,166.11,166.11,166.11
166.04,166.1,166.11,166.11,166.11
166.08,166.11,166.11,166.11,166.11
166.07,166.1,166.11,166.11,166.11
166.09,166.11,166.11,166.11,166.11
166.08,166.1,166.11,166.11,166.11
166.07,166.1,166.11,166.11,166.11
166.08,166.1,166.11,166.11,166.11
166.09,166.11,166.11,166.11,166.11
166.07,166.1,166.11,166.11,166.11
166.07,166.1,166.11,166.11,166.11
166.08,166.11,166.11,166.11,166.11
166.08,166.1,166.11,166.11,166.11
166.07,166.1,166.11,166.11,166.11
166.08,166.11,166.11,166.11,166.11
166.07,166.1,166.11,166.11,166.11
166.07,166.1,166.11,166.11,166.11
166.08,166.1,166.11,166.11,166.11
166.09,166.11,166.11,166.11,166.11
166.07,166.1,166.11,166.11,166.11
166.07,166.1,166.11,166.11,166.11
166.08,166.1,166.11,166.11,166.11
166.09,166.11,166.11,166.11,166.11
166.07,166.1,166.11,166.11,166.11
166.06,166.1,166.11,166.11,166.11
166.09,166.11,166.11,166.11,166.11
166.08,166.1,166.11,166.11,166.11
166.07,166.1,166.11,166.11,166.11
166.08,166.11,166.11,166.11,166.11
166.08,166.1,166.11,166.11,166.11
166.07,166.1,166.11,166.11,166.11
166.09,166.11,166.11,166.11,166.11
166.09,166.11,166.11,166.11,166.11
166.08,166.1,166.11,166.11,166.11
166.09,166.11,166.11,166.11,166.11
166.07,166.1,166.11,166.11,166.11
166.07,166.1,166.11,166.11,166.11
166.07,166.1,166.11,166.11,166.11
166.09,166.11,166.11,166.11,166.11
166.08,166.1,166.11,166.11,166.11
166.09,166.11,166.11,166.11,166.11
166.07,166.1,166.11,166.11,166.11
166.0,166.1,166.11,166.11,166.11
166.07,166.1,166.11,166.11,166.11
166.09,166.11,166.11,166.11,166.11
166.07,166.1,166.11,166.11,166.11
166.08,166.1,166.11,166.11,166.11
166.07,166.1,166.11,166.11,166.11
166.08,166.11,166.11,166.11,166.11
166.09,166.11,166.11,166.11,166.11
166.09,166.11,166.11,166.11,166.11
166.09,166.11,166.11,166.11,166.11
166.09,166.11,166.11,166.11,166.11
166.09,166.11,166.11,166.11,166.11
166.06,166.1,166.11,166.11,166.11
166.09,166.11,166.11,166.11,166.11
166.09,166.11,166.11,166.11,166.11
166.06,166.1,166.11,166.11,166.11
166.09,166.11,166.11,166.11,166.11
166.09,166.11,166.11,166.11,166.11
166.06,166.1,166.11,166.11,166.11
166.09,166.11,166.11,166.11,166.11
166.09,166.11,166.11,166.11,166.11
166.08,166.11,166.11,166.11,166.11
166.08,166.11,166.11,166.11,166.11
166.08,166.11,166.11,166.11,166.11
166.07,166.1,166.11,166.11,166.11
166.05,166.1,166.11,166.11,166.11
166.06,166.1,166.11,166.11,166.11
166.09,166.11,166.11,166.11,166.11
166.09,166.11,166.11,166.11,166.11
166.07,166.1,166.11,166.11,166.11
166.07,166.1,166.11,166.11,166.11
166.07,166.1,166.11,166.11,166.11
166.05,166.1,166.11,166.11,166.11
166.08,166.1,166.11,166.11,166.11
166.08,166.11,166.11,166.11,166.11
166.09,166.11,166.11,166.11,166.11
166.08,166.11,166.11,166.11,166.11
166.07,166.1,166.11,166.11,166.11
166.08,166.1,166.11,166.11,166.11
166.09,166.11,166.11,166.11,166.11
166.06,166.1,166.11,166.11,166.11
166.08,166.11,166.11,166.11,166.11
166.09,166.11,166.11,166.11,166.11
166.07,166.1,166.11,166.11,166.11
166.09,166.11,166.11,166.11,166.11
166.05,166.1,166.11,166.11,166.11
166.08,166.1,166.11,166.11,166.11
166.07,166.1,166.11,166.11,166.11
166.09,166.11,166.11,166.11,166.11
166.09,166.11,166.11,166.11,166.11
166.09,166.11,166.11,166.11,166.11
166.08,166.1,166.11,166.11,166.11
166.09,166.11,166.11,166.11,166.11
166.09,166.11,166.11,166.11,166.11
166.08,166.1,166.11,166.11,166.11
166.08,166.11,166.11,166.11,166.11
166.06,166.1,166.11,166.11,166.11
166.06,166.1,166.11,166.11,166.11
166.09,166.11,166.11,166.11,166.11
166.08,166.11,166.11,166.11,166.11
166.08,166.11,166.11,166.11,166.11
166.09,166.11,166.11,166.11,166.11
166.06,166.1,166.11,166.11,166.11
166.07,166.1,166.11,166.11,166.11
166.09,166.11,166.11,166.11,166.11
166.09,166.11,166.11,166.11,166.11
166.07,166.1,166.11,166.11,166.11
166.07,166.1,166.11,166.11,166.11
166.07,166.1,166.11,166.11,166.11
166.09,166.11,166.11,166.11,166.11
166.08,166.1,166.11,166.11,166.11
166.08,166.1,166.11,166.11,166.11
166.06,166.1,166.11,166.11,166.11
166.09,166.11,166.11,166.11,166.11
165.95,166.07,166.08,166.09,166.09
166.08,166.1,166.11,166.11,166.11
166.09,166.11,166.11,166.11,166.11
166.08,166.11,166.11,166.11,166.11
166.06,166.1,166.11,166.11,166.11
166.07,166.1,166.11,166.11,166.11
166.08,166.11,166.11,166.11,166.11
166.09,166.11,166.11,166.11,166.11
166.06,166.1,166.11,166.11,166.11
166.08,166.1,166.11,166.11,166.11
166.07,166.1,166.11,166.11,166.11
166.06,166.1,166.11,166.11,166.11
166.09,166.11,166.11,166.11,166.11
166.07,166.1,166.11,166.11,166.11
166.05,166.1,166.11,166.11,166.11
166.06,166.1,166.11,166.11,166.11
166.09,166.11,166.11,166.11,166.11
166.07,166.1,166.11,166.11,166.11
166.06,166.1,166.11,166.11,166.11
166.09,166.11,166.11,166.11,166.11
166.08,166.1,166.11,166.11,166.11
166.06,166.1,166.11,166.11,166.11
166.09,166.11,166.11,166.11,166.11
166.09,166.11,166.11,166.11,166.11
166.07,166.1,166.11,166.11,166.11
166.08,166.1,166.11,166.11,166.11
166.07,166.1,166.11,166.11,166.11
166.06,166.1,166.11,166.11,166.11
166.06,166.1,166.11,166.11,166.11
166.08,166.11,166.11,166.11,166.11
166.08,166.11,166.11,166.11,166.11
166.08,166.11,166.11,166.11,166.11
166.07,166.1,166.11,166.11,166.11
166.08,166.1,166.11,166.11,166.11
166.09,166.11,166.11,166.11,166.11
166.07,166.1,166.11,166.11,166.11
166.07,166.1,166.11,166.11,166.11
166.08,166.11,166.11,166.11,166.11
166.09,166.11,166.11,166.11,166.11
166.09,166.11,166.11,166.11,166.11
166.08,166.11,166.11,166.11,166.11
166.07,166.1,166.11,166.11,166.11
166.07,166.1,166.11,166.11,166.11
166.09,166.11,166.11,166.11,166.11
166.08,166.11,166.11,166.11,166.11
166.08,166.1,166.11,166.11,166.11
166.09,166.11,166.11,166.11,166.11
166.07,166.1,166.11,166.11,166.11
166.06,166.1,166.11,166.11,166.11
166.06,166.1,166.11,166.11,166.11
166.07,166.1,166.11,166.11,166.11
166.09,166.11,166.11,166.11,166.11
166.07,166.1,166.11,166.11,166.11
166.07,166.1,166.11,166.11,166.11
166.09,166.11,166.11,166.11,166.11
166.07,166.1,166.11,166.11,166.11
166.07,166.1,166.11,166.11,166.11
166.06,166.1,166.11,166.11,166.11
166.07,166.1,166.11,166.11,166.11
166.09,166.11,166.11,166.11,166.11
166.09,166.11,166.11,166.11,166.11
166.07,166.1,166.11,166.11,166.11
166.09,166.11,166.11,166.11,166.11
166.08,166.11,166.11,166.11,166.11
166.07,166.1,166.11,166.11,166.11
166.03,166.1,166.11,166.11,166.11
166.09,166.11,166.11,166.11,166.11
166.08,166.1,166.11,166.11,166.11
166.09,166.11,166.11,166.11,166.11
166.06,166.1,166.11,166.11,166.11
166.08,166.1,166.11,166.11,166.11
166.08,166.11,166.11,166.11,166.11
166.07,166.1,166.11,166.11,166.11
166.09,166.11,166.11,166.11,166.11
166.09,166.11,166.11,166.11,166.11
166.03,166.1,166.11,166.11,166.11
166.06,166.1,166.11,166.11,166.11
166.08,166.1,166.11,166.11,166.11
165.93,166.08,166.09,166.09,166.09
166.08,166.1,166.11,166.11,166.11
166.07,166.1,166.11,166.11,166.11
166.09,166.11,166.11,166.11,166.11
166.09,166.11,166.11,166.11,166.11
166.08,166.1,166.11,166.11,166.11
166.06,166.1,166.11,166.11,166.11
166.09,166.11,166.11,166.11,166.11
166.07,166.1,166.11,166.11,166.11
166.09,166.11,166.11,166.11,166.11
166.07,166.1,166.11,166.11,166.11
166.07,166.1,166.11,166.11,166.11
166.06,166.1,166.11,166.11,166.11
166.09,166.11,166.11,166.11,166.11
166.09,166.11,166.11,166.11,166.11
166.07,166.1,166.11,166.11,166.11
166.08,166.1,166.11,166.11,166.11
166.06,166.1,166.11,166.11,166.11
166.08,166.11,166.11,166.11,166.11
166.08,166.1,166.11,166.11,166.11
166.08,166.11,166.11,166.11,166.11
166.07,166.1,166.11,166.11,166.11
166.07,166.1,166.11,166.11,166.11
166.07,166.1,166.11,166.11,166.11
166.09,166.11,166.11,166.11,166.11
166.08,166.1,166.11,166.11,166.11
166.06,166.1,166.11,166.11,166.11
166.07,166.1,166.11,166.11,166.11
166.07,166.1,166.11,166.11,166.11
166.04,166.1,166.11,166.11,166.11
166.09,166.11,166.11,166.11,166.11
166.09,166.11,166.11,166.11,166.11
166.08,166.11,166.11,166.11,166.11
166.09,166.11,166.11,166.11,166.11
166.09,166.11,166.11,166.11,166.11
166.09,166.11,166.11,166.11,166.11
166.07,166.1,166.11,166.11,166.11
166.07,166.1,166.11,166.11,166.11
166.09,166.11,166.11,166.11,166.11
166.07,166.1,166.11,166.11,166.11
166.09,166.11,166.11,166.11,166.11
166.08,166.1,166.11,166.11,166.11
166.07,166.1,166.11,166.11,166.11
166.08,166.11,166.11,166.11,166.11
166.08,166.11,166.11,166.11,166.11
166.08,166.1,166.11,166.11,166.11
166.08,166.11,166.11,166.11,166.11
166.07,166.1,166.11,166.11,166.11
166.07,166.1,166.11,166.11,166.11
165.97,166.09,166.1,166.1,166.1
166.09,166.11,166.11,166.11,166.11
166.05,166.1,166.11,166.11,166.11
166.08,166.1,166.11,166.11,166.11
166.09,166.11,166.11,166.11,166.11
166.06,166.1,166.11,166.11,166.11
166.07,166.1,166.11,166.11,166.11
166.09,166.11,166.11,166.11,166.11
166.06,166.1,166.11,166.11,166.11
166.08,166.1,166.11,166.11,166.11
166.07,166.1,166.11,166.11,166.11
166.08,166.1,166.11,166.11,166.11
166.09,166.11,166.11,166.11,166.11
166.07,166.1,166.11,166.11,166.11
166.08,166.11,166.11,166.11,166.11
166.06,166.1,166.11,166.11,166.11
166.07,166.1,166.11,166.11,166.11
166.06,166.1,166.11,166.11,166.11
166.07,166.1,166.11,166.11,166.11
166.07,166.1,166.11,166.11,166.11
166.07,166.1,166.11,166.11,166.11
166.07,166.1,166.11,166.11,166.11
166.08,166.1,166.11,166.11,166.11
166.07,166.1,166.11,166.11,166.11
166.06,166.1,166.11,166.11,166.11
166.06,166.1,166.11,166.11,166.11
166.09,166.11,166.11,166.11,166.11
166.06,166.1,166.11,166.11,166.11
