821.8176,573.69586,2972.3713,2635.093,1119.8931
244.85883,475.56876,537.1716,491.9281,513.21
179.65678,482.3585,537.5643,492.82553,512.1863
330.13828,327.27283,804.56226,929.2996,684.40515
801.3305,444.17245,480.77905,526.5077,493.47574
599.4937,1353.3966,813.485,1013.90173,470.9207
1100.2534,197.50461,343.2112,2318.972,1002.5545
422.81122,210.3578,437.34586,493.66583,509.70053
504.83435,316.47424,321.99677,445.68253,731.63135
549.90564,467.5388,481.01938,526.43256,493.96896
914.6662,474.16074,537.1151,491.72223,513.4507
642.5738,444.16483,442.1678,758.77515,658.3467
977.9426,454.71915,485.99313,519.3554,494.38144
278.05872,572.99774,477.90466,531.0518,492.9619
1107.6707,135.16827,314.21252,175.86995,457.67798
373.56897,597.2961,497.13007,817.9174,411.89587
377.98846,338.98288,322.17212,445.6055,732.1835
775.1576,753.7608,931.3681,695.01953,1049.4309
479.7287,352.87225,319.09998,447.53772,717.8275
605.8959,464.59824,481.20132,526.129,493.92322
518.53613,386.10806,271.83286,480.5043,554.1328
517.3043,450.85037,481.55423,525.3942,493.61465
806.1919,1882.3942,980.1679,1330.9387,677.73
340.8896,1592.9119,879.8311,964.99725,633.17346
381.39722,204.24951,481.13843,537.2355,492.71735
532.0333,348.67783,307.67255,453.7872,678.9628
1068.9319,473.98172,537.06226,491.75204,513.4116
227.13698,488.22086,538.1453,493.55457,511.38647
557.1476,349.62164,364.45093,428.7517,859.9707
336.3689,606.3428,452.2001,525.9738,482.63254
407.48975,648.14014,1035.1573,399.51385,1081.0431
502.86618,489.1236,608.18604,527.14636,422.9061
882.9601,1087.3765,306.58176,998.50824,842.88403
1023.58575,1493.1008,2024.6669,922.3067,874.0249
963.76324,975.07684,429.71854,1079.74,353.19928
658.4595,320.41254,268.2509,481.06937,556.37445
430.60434,585.9563,616.013,785.58875,380.68323
379.5805,174.20587,482.76816,537.50525,492.8887
596.26935,318.45016,324.99936,444.23804,741.4035
973.8064,474.11365,537.1225,491.7293,513.4411
142.20818,531.45917,236.38875,477.8506,490.89053
522.6826,516.8595,430.5632,616.91266,450.4202
636.713,456.18076,479.0879,529.90186,494.18326
549.42084,364.0717,322.8732,446.9897,714.7089
352.0448,874.1989,183.3438,1532.4719,571.8734
637.71783,479.44547,524.43274,493.22626,511.3277
563.50385,464.75055,479.61172,528.4896,493.73557
449.04214,633.26373,586.02545,776.6181,379.4402
702.38586,445.06232,476.5711,533.97736,493.93146
528.4678,474.10202,537.03485,491.75937,513.4
237.0256,483.04184,537.7639,492.82776,512.19543
334.81625,461.8811,481.34705,525.7716,493.70425
352.36755,2564.3823,544.58234,491.7275,528.68475
552.38995,1087.7329,358.55133,1096.6852,358.34625
864.332,1158.1763,584.9786,574.1399,406.7192
1105.1633,637.87616,450.90143,568.2133,463.68488
272.36472,519.796,541.94525,499.83704,504.9226
457.68668,685.4092,739.8554,428.3984,697.7131
300.1013,193.77841,484.71472,534.1241,493.43637
610.44495,1002.81256,595.3773,666.296,391.71518
476.72803,455.21024,480.33817,527.1916,493.47202
618.3437,1985.4391,1495.9388,1313.251,687.76196
1670.2507,349.96704,3025.2346,1915.9747,1229.0741
331.99603,910.7909,345.08255,1171.218,670.97253
406.37534,625.164,585.13135,815.99115,374.09448
547.263,477.93964,471.41882,547.55853,497.40848
450.39697,454.74533,479.9009,527.8444,493.4297
683.5296,474.19412,537.09467,491.7279,513.44336
838.93475,757.8516,597.722,1061.7307,362.1315
329.31348,573.13007,429.18182,943.6332,1046.6746
543.72186,1823.3451,715.35236,19.69529,448.10614
429.82266,1423.9093,536.2848,396.23605,645.7171
516.0873,489.46124,539.297,493.97546,510.94888
355.1195,455.75104,242.64082,513.99005,464.65945
710.1171,493.84375,466.77637,565.4346,503.0893
549.78503,897.3117,661.88416,491.76407,435.03647
571.6084,353.96582,1003.58215,365.8883,1075.3549
1399.9938,62.172234,270.4812,635.42175,930.45233
993.92114,70.90686,258.33813,432.00992,735.92163
432.11423,112.519295,454.08673,482.642,523.8326
501.62158,504.601,511.75037,496.18472,507.78262
481.80273,506.1102,523.1897,407.39273,953.18823
277.2232,488.87964,478.21033,530.7187,493.3869
638.3545,474.31564,537.16595,491.74814,513.422
463.50674,336.82327,339.22467,437.98495,786.3712
669.01227,458.35806,482.80606,523.61426,493.90015
476.51697,316.2276,321.0869,446.118,728.77686
619.8912,481.67108,508.1888,497.33453,506.4604
375.8757,767.5832,268.8748,1458.3684,607.0038
435.5709,620.30225,580.3667,820.99927,373.10913
610.0445,1074.4034,357.64255,1098.1805,358.85092
950.1979,324.74048,266.60727,482.17,553.2241
355.31564,489.08044,482.40796,524.6604,494.41794
345.32834,195.5178,486.80533,537.9436,493.77658
365.68506,205.44325,487.3193,537.99274,494.2193
474.77515,171.26299,481.8486,537.5482,492.75885
614.30035,469.7428,479.87122,528.13965,493.86743
977.1531,172.25539,481.55576,537.5221,492.72052
271.576,1560.0784,1128.8195,331.72226,1118.2687
130.7879,728.895,728.36957,390.56564,697.2692
427.84058,871.2444,737.69324,428.70798,692.2637
470.85025,376.76727,438.25064,410.78836,1030.8301
416.12515,169.55327,483.6207,537.6758,492.97964
791.0717,871.2824,1373.9792,105.530556,451.50967
799.822,573.37885,1038.9304,377.8437,1083.9902
603.762,464.9935,473.03528,542.81335,496.0162
385.39108,396.4269,2175.4617,44.13862,638.8786
457.44537,216.50723,481.54672,537.5166,493.22864
581.1907,326.60742,316.3194,448.75082,710.5658
654.21484,474.17032,536.9089,491.75266,513.4069
642.4719,512.0197,639.592,448.58478,552.8314
611.1368,477.96667,443.34372,433.26187,661.2077
434.99884,2297.3838,1056.574,370.90094,1090.011
1248.5543,57.46393,265.6518,630.553,929.46484
1496.0453,355.39072,3024.9773,1978.6915,1501.8588
156.58942,1060.6631,603.71686,935.57776,354.12613
506.00583,359.76385,378.83707,423.8082,910.26544
432.02832,457.1897,481.60736,525.3255,493.6024
1177.7434,161.8254,333.91525,126.530556,452.38174
473.61472,183.93196,457.87567,490.55307,513.4779
560.43445,456.92657,478.6665,530.3825,493.96774
480.6823,489.20483,418.08304,423.50082,830.4825
667.72345,472.76733,536.4085,491.98175,513.1118
552.2821,316.34775,311.2199,451.2382,696.31494
391.48663,500.43588,479.56747,528.4155,493.27863
384.88715,480.8784,531.4777,492.65442,512.19196
286.8377,1417.7035,731.4102,1056.7518,387.4973
578.9389,518.08685,385.03525,59.590004,453.28894
396.3964,324.9266,302.4399,456.2257,667.5304
640.5237,473.68845,536.6914,491.8375,513.2966
410.80374,316.27295,322.05588,445.6448,731.9179
689.1807,835.53436,744.5155,1022.40857,433.70203
524.68756,319.19037,304.4878,455.01144,674.3091
718.5521,370.01978,928.49866,382.8753,1048.601
1040.2964,886.4175,1416.9949,93.88715,451.11774
923.8811,782.3647,646.6718,720.2322,931.97473
732.0077,429.49774,463.2879,575.54425,503.42923
440.59396,441.19583,276.29657,478.35895,559.2912
681.4478,471.27536,532.9593,492.7447,512.1023
598.40674,478.11063,504.054,499.68585,497.64142
449.7871,669.7956,314.39478,1195.6536,749.2876
449.6587,192.58435,477.74216,537.15704,492.24603
536.0615,175.85036,482.89645,537.65656,492.92923
476.04694,344.4992,321.90674,271.2249,498.44882
446.72998,359.00238,530.549,479.30136,501.87964
310.89905,481.5073,530.0571,492.8226,511.9556
575.05963,474.14035,537.101,491.72733,513.44434
243.65787,556.5841,496.34778,508.84772,497.6024
728.5753,433.88736,542.1401,520.62744,487.5585
286.56714,1092.6094,919.74475,664.3924,1055.1348
1165.3007,821.6825,768.0155,311.85706,540.2831
803.54895,203.81425,477.07025,537.1242,492.18372
285.949,171.49681,481.86154,537.54297,492.76202
458.92508,445.65607,529.8964,502.3348,501.96088
715.6019,319.61023,291.30927,463.09705,632.1809
747.59235,1590.4766,754.1669,1108.6163,405.70004
436.59842,1184.7649,554.90106,396.26025,645.1294
919.41034,369.2362,247.79901,590.4115,382.82166
560.2857,273.35995,491.78812,604.364,780.4224
318.10114,466.13593,534.2277,493.8657,510.82132
384.805,323.22742,831.94147,885.21484,819.8715
347.4716,172.86209,481.9591,537.51154,492.78345
493.06924,237.35939,539.7757,582.30786,596.6905
310.18265,689.9801,436.01474,601.26465,454.10403
793.0125,501.796,897.7811,1460.7502,611.0534
908.78503,495.1186,505.2309,495.47296,508.40842
551.06335,308.4306,900.08154,807.5696,977.9927
498.7763,202.9783,487.66092,538.03766,494.1079
311.81226,596.4317,450.20212,703.36646,658.1934
749.8478,540.838,473.44687,503.2161,500.1398
656.6187,330.62286,334.93103,439.73883,773.53156
394.71786,658.49133,480.2613,527.3976,493.23987
597.1392,474.97614,537.3037,491.84323,513.31506
534.61346,466.55035,475.31274,537.23627,494.99124
413.0249,775.2222,696.0406,531.7841,415.63028
481.63196,579.40784,218.2332,997.7279,363.45117
580.3697,455.17093,480.75284,526.57526,493.53485
1193.5249,280.77155,428.1934,68.812996,446.47906
726.1402,177.60648,237.37065,709.0355,933.4419
636.4037,665.27686,928.1201,882.32715,884.5116
690.85614,439.5856,459.096,598.2166,511.79947
455.6262,814.0769,667.41205,560.9152,407.76358
479.36398,645.8131,188.64622,1322.0939,654.88873
488.66434,445.20755,485.2794,520.15027,494.0669
875.09766,454.12903,479.99118,527.70874,493.45966
690.2968,878.1897,648.1205,1058.7335,369.10492
573.75653,321.60687,301.85577,457.22745,659.4383
476.91385,412.2525,483.63058,522.30206,493.64615
447.7632,355.8461,321.8143,446.2637,725.7177
650.7465,454.30432,481.60873,525.31866,493.66583
521.59735,704.4536,1022.50287,425.40338,1077.3711
696.68866,170.8046,483.01978,537.6716,492.92096
325.87082,667.10596,1234.5049,356.99158,1934.2074
329.80124,788.04535,2409.4846,35.34174,449.4327
778.4262,539.79865,1032.4791,1383.3375,650.84686
673.56805,475.0655,538.9917,492.19608,512.9525
711.80994,287.971,444.0992,747.0752,629.0331
355.9816,618.85223,2205.7722,276.42746,1774.6903
195.2465,475.9122,537.15515,492.6731,512.306
400.19897,252.94934,484.91974,539.9104,500.7698
436.35107,171.24695,481.84726,537.5484,492.75845
410.26468,143.5947,1066.323,1171.0778,436.0304
1209.5067,353.07074,678.54926,1037.5371,397.59232
574.27106,938.68695,393.6453,1061.7113,352.63
668.33325,446.8898,529.952,501.48627,502.7691
820.13916,171.09102,482.01035,537.5604,492.77835
552.1808,468.62982,535.36426,492.945,511.90448
517.70764,801.63513,1005.41003,339.37088,577.34436
673.6921,454.00046,496.33035,506.88245,495.8086
589.83936,454.46326,471.67627,546.14453,496.41464
486.97836,468.49686,1418.4003,489.0581,434.09796
329.5017,750.27985,341.8218,1438.1633,620.1278
645.10266,473.18732,536.6882,491.9037,513.2128
972.7399,747.4034,990.1485,513.7996,857.0477
620.0796,419.08774,537.00684,476.0723,502.80334
402.92346,316.339,321.32733,446.0052,729.50433
709.21027,317.7584,301.18683,456.93213,663.7509
586.37744,438.15952,495.0625,508.13394,495.42712
419.38232,546.9014,472.3378,551.9511,502.94888
423.3352,512.167,829.40295,739.6835,392.8974
317.2403,693.09515,359.7578,458.17154,798.2574
1121.7869,887.3273,702.9109,491.97733,830.63794
269.95795,1711.1489,875.7951,982.9036,583.71643
708.3691,350.53345,244.34593,517.9024,453.7951
452.73184,644.5973,630.92523,657.53265,397.8628
400.03143,171.35692,481.96472,537.55725,492.77423
531.5957,328.5271,281.692,470.77484,594.8915
601.65283,431.48334,531.52936,517.6202,489.5761
213.24318,482.36063,537.70526,492.74353,512.28937
178.51155,457.48312,531.1141,499.68323,504.56744
407.26785,171.65703,481.87427,537.54,492.7646
532.5335,463.04318,482.22253,524.44495,493.71548
346.37204,1073.2535,361.2287,1093.6635,357.33572
667.05286,474.1592,537.11536,491.7244,513.44824
338.96796,857.063,476.86276,533.1176,493.2186
459.9136,235.01114,313.46713,541.29254,977.1303
456.97186,210.90811,608.7186,558.843,568.1629
317.97693,173.16414,483.8692,537.5586,493.03452
317.5675,474.91107,536.5562,491.85852,513.26746
515.5205,468.30508,461.37387,1091.3143,530.2321
452.65356,706.7242,439.54282,663.8278,440.94284
217.92644,173.6717,482.11157,537.5661,492.80884
269.891,233.55978,495.98254,539.7956,498.90683
368.85028,171.26775,481.86328,537.5489,492.76065
275.75308,1045.807,624.9137,888.3643,356.05896
924.661,448.23416,484.06018,521.8482,493.95218
1671.0253,849.2058,348.8666,780.8357,921.01465
1035.9603,319.6957,298.50873,458.65802,654.3008
677.7285,451.38068,477.92545,531.3952,493.733
445.9637,585.0877,318.11172,1499.7346,591.5843
452.57788,273.26654,474.59802,537.532,492.81653
606.5378,414.74365,475.27145,535.50555,493.3064
782.6983,473.70084,536.90045,491.7978,513.35187
510.02704,799.8361,682.4022,1043.1237,391.68073
495.73425,172.5168,483.19925,537.6838,492.95724
486.1256,181.21916,482.72366,537.0557,492.958
465.4283,334.01215,321.74313,445.7648,731.3155
453.01147,1069.952,366.87592,1091.8245,356.6771
858.0261,737.7641,1073.5658,596.5427,918.398
520.40607,468.89282,494.55072,508.98035,495.81116
537.8412,503.27954,476.59845,535.53534,495.92386
457.84747,741.816,589.7996,513.99805,423.53592
679.52875,454.60767,480.87338,526.39294,493.58746
750.58386,349.64758,333.99826,441.19705,759.6296
859.9543,1066.384,295.1939,754.62115,436.31985
429.56696,513.6617,399.24393,34.38291,452.13263
522.5933,819.9252,485.7706,645.489,392.00992
401.21664,605.2463,743.0227,564.26135,413.5674
505.99582,535.1479,168.94493,1545.7157,567.90704
888.3719,452.25735,479.6968,528.14,493.3968
749.14294,282.86157,265.65512,629.85297,376.0021
672.8178,474.0416,537.0669,491.74286,513.424
456.5908,800.39246,291.70786,1308.448,674.9686
390.58896,1008.05963,363.72223,1077.6425,353.47815
449.58887,1064.5253,619.7387,650.43677,393.02148
1887.5555,493.09872,512.9806,497.67737,506.20343
1172.4608,831.6955,303.062,905.50287,881.213
536.03394,586.1639,355.1141,505.8582,858.24896
427.28464,580.602,701.52106,682.5275,397.47202
484.00604,522.1273,1042.0531,385.60355,1162.3798
525.6135,425.0341,511.3354,492.65167,497.9086
790.3381,466.77377,503.79877,1305.6261,657.7286
1522.5236,17.846638,264.788,971.8694,854.5059
275.86014,1646.3575,837.4991,1019.6968,477.31104
470.92545,384.4485,243.64474,512.84973,466.43915
407.63675,453.03976,478.5872,530.1506,493.6008
548.2092,474.35547,536.7796,491.76663,513.3864
813.4864,415.28708,509.1411,397.43835,1234.7788
858.5592,1502.4675,1030.878,1318.4125,684.6083
989.36615,869.0148,299.68246,954.2583,861.77216
611.33545,492.0224,330.14246,1220.7964,737.77295
430.36118,788.6935,553.769,760.1217,380.1581
343.93173,803.86066,428.15887,1472.6509,604.37463
881.8129,471.4669,535.8657,492.2138,512.81586
819.72546,470.1712,618.99335,561.5095,469.90912
450.45062,552.6259,678.8975,440.141,590.38525
535.0959,435.5523,266.8708,516.8155,450.87268
607.8324,448.94168,482.8773,523.49335,493.77914
1089.4236,1029.7142,324.15414,1251.1083,443.55142
1022.1348,339.3133,286.03067,1061.4272,470.52744
436.85855,659.59326,402.2292,36.133625,450.4158
298.4688,286.0114,476.59235,548.48694,515.96295
502.84317,418.807,408.14722,560.28815,408.20273
429.19012,458.27054,530.5751,496.76224,507.51846
212.31854,476.36435,537.1279,492.08957,513.0198
492.37308,165.45222,496.10165,539.2237,494.99954
391.957,1076.6703,351.88193,1101.6987,360.12585
492.3114,465.6273,485.2081,520.6776,494.69672
1103.294,584.84064,1510.4303,388.30643,876.5017
