[ 112.   70.   86.   54. 1335.  189. 1234.   79.   83.  199.  106.  236.
   78.   77.  106.  111.   70.   38.  373.  997.]
[  70.   86.   54. 1335.  189. 1234.   79.   83.  199.  106.  236.   78.
   77.  106.  111.   70.   38.  373.  997. 1504.]
[  86.   54. 1335.  189. 1234.   79.   83.  199.  106.  236.   78.   77.
  106.  111.   70.   38.  373.  997. 1504.   84.]
[  54. 1335.  189. 1234.   79.   83.  199.  106.  236.   78.   77.  106.
  111.   70.   38.  373.  997. 1504.   84.   88.]
[1335.  189. 1234.   79.   83.  199.  106.  236.   78.   77.  106.  111.
   70.   38.  373.  997. 1504.   84.   88.  142.]
[ 189. 1234.   79.   83.  199.  106.  236.   78.   77.  106.  111.   70.
   38.  373.  997. 1504.   84.   88.  142.   14.]
[1234.   79.   83.  199.  106.  236.   78.   77.  106.  111.   70.   38.
  373.  997. 1504.   84.   88.  142.   14.   92.]
[  79.   83.  199.  106.  236.   78.   77.  106.  111.   70.   38.  373.
  997. 1504.   84.   88.  142.   14.   92.  421.]
[  83.  199.  106.  236.   78.   77.  106.  111.   70.   38.  373.  997.
 1504.   84.   88.  142.   14.   92.  421.   65.]
[ 199.  106.  236.   78.   77.  106.  111.   70.   38.  373.  997. 1504.
   84.   88.  142.   14.   92.  421.   65.   71.]
[ 106.  236.   78.   77.  106.  111.   70.   38.  373.  997. 1504.   84.
   88.  142.   14.   92.  421.   65.   71.   88.]
[ 236.   78.   77.  106.  111.   70.   38.  373.  997. 1504.   84.   88.
  142.   14.   92.  421.   65.   71.   88.   61.]
[  78.   77.  106.  111.   70.   38.  373.  997. 1504.   84.   88.  142.
   14.   92.  421.   65.   71.   88.   61.  195.]
[  77.  106.  111.   70.   38.  373.  997. 1504.   84.   88.  142.   14.
   92.  421.   65.   71.   88.   61.  195. 1444.]
[ 106.  111.   70.   38.  373.  997. 1504.   84.   88.  142.   14.   92.
  421.   65.   71.   88.   61.  195. 1444.   71.]
[ 111.   70.   38.  373.  997. 1504.   84.   88.  142.   14.   92.  421.
   65.   71.   88.   61.  195. 1444.   71.  146.]
[  70.   38.  373.  997. 1504.   84.   88.  142.   14.   92.  421.   65.
   71.   88.   61.  195. 1444.   71.  146.   59.]
[  38.  373.  997. 1504.   84.   88.  142.   14.   92.  421.   65.   71.
   88.   61.  195. 1444.   71.  146.   59.  283.]
[ 373.  997. 1504.   84.   88.  142.   14.   92.  421.   65.   71.   88.
   61.  195. 1444.   71.  146.   59.  283. 1376.]
[ 997. 1504.   84.   88.  142.   14.   92.  421.   65.   71.   88.   61.
  195. 1444.   71.  146.   59.  283. 1376.  107.]
[1504.   84.   88.  142.   14.   92.  421.   65.   71.   88.   61.  195.
 1444.   71.  146.   59.  283. 1376.  107.  126.]
[  84.   88.  142.   14.   92.  421.   65.   71.   88.   61.  195. 1444.
   71.  146.   59.  283. 1376.  107.  126.  349.]
[  88.  142.   14.   92.  421.   65.   71.   88.   61.  195. 1444.   71.
  146.   59.  283. 1376.  107.  126.  349. 1036.]
[ 142.   14.   92.  421.   65.   71.   88.   61.  195. 1444.   71.  146.
   59.  283. 1376.  107.  126.  349. 1036.   82.]
[  14.   92.  421.   65.   71.   88.   61.  195. 1444.   71.  146.   59.
  283. 1376.  107.  126.  349. 1036.   82. 2769.]
[  92.  421.   65.   71.   88.   61.  195. 1444.   71.  146.   59.  283.
 1376.  107.  126.  349. 1036.   82. 2769.   30.]
[ 421.   65.   71.   88.   61.  195. 1444.   71.  146.   59.  283. 1376.
  107.  126.  349. 1036.   82. 2769.   30.  277.]
[  65.   71.   88.   61.  195. 1444.   71.  146.   59.  283. 1376.  107.
  126.  349. 1036.   82. 2769.   30.  277.   37.]
[  71.   88.   61.  195. 1444.   71.  146.   59.  283. 1376.  107.  126.
  349. 1036.   82. 2769.   30.  277.   37. 1126.]
[  88.   61.  195. 1444.   71.  146.   59.  283. 1376.  107.  126.  349.
 1036.   82. 2769.   30.  277.   37. 1126. 1317.]
[  61.  195. 1444.   71.  146.   59.  283. 1376.  107.  126.  349. 1036.
   82. 2769.   30.  277.   37. 1126. 1317.  119.]
[ 195. 1444.   71.  146.   59.  283. 1376.  107.  126.  349. 1036.   82.
 2769.   30.  277.   37. 1126. 1317.  119.  494.]
[1444.   71.  146.   59.  283. 1376.  107.  126.  349. 1036.   82. 2769.
   30.  277.   37. 1126. 1317.  119.  494.  133.]
[  71.  146.   59.  283. 1376.  107.  126.  349. 1036.   82. 2769.   30.
  277.   37. 1126. 1317.  119.  494.  133.  172.]
[ 146.   59.  283. 1376.  107.  126.  349. 1036.   82. 2769.   30.  277.
   37. 1126. 1317.  119.  494.  133.  172.  179.]
[  59.  283. 1376.  107.  126.  349. 1036.   82. 2769.   30.  277.   37.
 1126. 1317.  119.  494.  133.  172.  179.  142.]
[ 283. 1376.  107.  126.  349. 1036.   82. 2769.   30.  277.   37. 1126.
 1317.  119.  494.  133.  172.  179.  142.   75.]
[1376.  107.  126.  349. 1036.   82. 2769.   30.  277.   37. 1126. 1317.
  119.  494.  133.  172.  179.  142.   75.  125.]
[ 107.  126.  349. 1036.   82. 2769.   30.  277.   37. 1126. 1317.  119.
  494.  133.  172.  179.  142.   75.  125.   77.]
[ 126.  349. 1036.   82. 2769.   30.  277.   37. 1126. 1317.  119.  494.
  133.  172.  179.  142.   75.  125.   77. 8648.]
[ 349. 1036.   82. 2769.   30.  277.   37. 1126. 1317.  119.  494.  133.
  172.  179.  142.   75.  125.   77. 8648.   45.]
[1036.   82. 2769.   30.  277.   37. 1126. 1317.  119.  494.  133.  172.
  179.  142.   75.  125.   77. 8648.   45.   82.]
[  82. 2769.   30.  277.   37. 1126. 1317.  119.  494.  133.  172.  179.
  142.   75.  125.   77. 8648.   45.   82. 2793.]
[2769.   30.  277.   37. 1126. 1317.  119.  494.  133.  172.  179.  142.
   75.  125.   77. 8648.   45.   82. 2793.   98.]
[  30.  277.   37. 1126. 1317.  119.  494.  133.  172.  179.  142.   75.
  125.   77. 8648.   45.   82. 2793.   98.  227.]
[ 277.   37. 1126. 1317.  119.  494.  133.  172.  179.  142.   75.  125.
   77. 8648.   45.   82. 2793.   98.  227. 4709.]
[  37. 1126. 1317.  119.  494.  133.  172.  179.  142.   75.  125.   77.
 8648.   45.   82. 2793.   98.  227. 4709.  183.]
[1126. 1317.  119.  494.  133.  172.  179.  142.   75.  125.   77. 8648.
   45.   82. 2793.   98.  227. 4709.  183.  123.]
[1317.  119.  494.  133.  172.  179.  142.   75.  125.   77. 8648.   45.
   82. 2793.   98.  227. 4709.  183.  123.  217.]
[ 119.  494.  133.  172.  179.  142.   75.  125.   77. 8648.   45.   82.
 2793.   98.  227. 4709.  183.  123.  217.   58.]
[ 494.  133.  172.  179.  142.   75.  125.   77. 8648.   45.   82. 2793.
   98.  227. 4709.  183.  123.  217.   58.   44.]
[ 133.  172.  179.  142.   75.  125.   77. 8648.   45.   82. 2793.   98.
  227. 4709.  183.  123.  217.   58.   44.   88.]
[ 172.  179.  142.   75.  125.   77. 8648.   45.   82. 2793.   98.  227.
 4709.  183.  123.  217.   58.   44.   88.   41.]
[ 179.  142.   75.  125.   77. 8648.   45.   82. 2793.   98.  227. 4709.
  183.  123.  217.   58.   44.   88.   41.  227.]
[ 142.   75.  125.   77. 8648.   45.   82. 2793.   98.  227. 4709.  183.
  123.  217.   58.   44.   88.   41.  227.   48.]
[  75.  125.   77. 8648.   45.   82. 2793.   98.  227. 4709.  183.  123.
  217.   58.   44.   88.   41.  227.   48.  153.]
[ 125.   77. 8648.   45.   82. 2793.   98.  227. 4709.  183.  123.  217.
   58.   44.   88.   41.  227.   48.  153.  203.]
[  77. 8648.   45.   82. 2793.   98.  227. 4709.  183.  123.  217.   58.
   44.   88.   41.  227.   48.  153.  203.   71.]
[8648.   45.   82. 2793.   98.  227. 4709.  183.  123.  217.   58.   44.
   88.   41.  227.   48.  153.  203.   71. 2268.]
[  45.   82. 2793.   98.  227. 4709.  183.  123.  217.   58.   44.   88.
   41.  227.   48.  153.  203.   71. 2268.   76.]
[  82. 2793.   98.  227. 4709.  183.  123.  217.   58.   44.   88.   41.
  227.   48.  153.  203.   71. 2268.   76.   45.]
[2793.   98.  227. 4709.  183.  123.  217.   58.   44.   88.   41.  227.
   48.  153.  203.   71. 2268.   76.   45.  141.]
[  98.  227. 4709.  183.  123.  217.   58.   44.   88.   41.  227.   48.
  153.  203.   71. 2268.   76.   45.  141.  328.]
[ 227. 4709.  183.  123.  217.   58.   44.   88.   41.  227.   48.  153.
  203.   71. 2268.   76.   45.  141.  328.  239.]
[4709.  183.  123.  217.   58.   44.   88.   41.  227.   48.  153.  203.
   71. 2268.   76.   45.  141.  328.  239.   40.]
[ 183.  123.  217.   58.   44.   88.   41.  227.   48.  153.  203.   71.
 2268.   76.   45.  141.  328.  239.   40.   58.]
[ 123.  217.   58.   44.   88.   41.  227.   48.  153.  203.   71. 2268.
   76.   45.  141.  328.  239.   40.   58.  109.]
[ 217.   58.   44.   88.   41.  227.   48.  153.  203.   71. 2268.   76.
   45.  141.  328.  239.   40.   58.  109.   88.]
[  58.   44.   88.   41.  227.   48.  153.  203.   71. 2268.   76.   45.
  141.  328.  239.   40.   58.  109.   88.   31.]
[  44.   88.   41.  227.   48.  153.  203.   71. 2268.   76.   45.  141.
  328.  239.   40.   58.  109.   88.   31.   51.]
[  88.   41.  227.   48.  153.  203.   71. 2268.   76.   45.  141.  328.
  239.   40.   58.  109.   88.   31.   51.  129.]
[  41.  227.   48.  153.  203.   71. 2268.   76.   45.  141.  328.  239.
   40.   58.  109.   88.   31.   51.  129.  113.]
[ 227.   48.  153.  203.   71. 2268.   76.   45.  141.  328.  239.   40.
   58.  109.   88.   31.   51.  129.  113.   56.]
[  48.  153.  203.   71. 2268.   76.   45.  141.  328.  239.   40.   58.
  109.   88.   31.   51.  129.  113.   56.  136.]
[ 153.  203.   71. 2268.   76.   45.  141.  328.  239.   40.   58.  109.
   88.   31.   51.  129.  113.   56.  136.  178.]
[ 203.   71. 2268.   76.   45.  141.  328.  239.   40.   58.  109.   88.
   31.   51.  129.  113.   56.  136.  178.   90.]
[  71. 2268.   76.   45.  141.  328.  239.   40.   58.  109.   88.   31.
   51.  129.  113.   56.  136.  178.   90.  371.]
[2268.   76.   45.  141.  328.  239.   40.   58.  109.   88.   31.   51.
  129.  113.   56.  136.  178.   90.  371.   48.]
[ 76.  45. 141. 328. 239.  40.  58. 109.  88.  31.  51. 129. 113.  56.
 136. 178.  90. 371.  48.  72.]
[ 45. 141. 328. 239.  40.  58. 109.  88.  31.  51. 129. 113.  56. 136.
 178.  90. 371.  48.  72. 124.]
[141. 328. 239.  40.  58. 109.  88.  31.  51. 129. 113.  56. 136. 178.
  90. 371.  48.  72. 124. 178.]
[328. 239.  40.  58. 109.  88.  31.  51. 129. 113.  56. 136. 178.  90.
 371.  48.  72. 124. 178.  92.]
[239.  40.  58. 109.  88.  31.  51. 129. 113.  56. 136. 178.  90. 371.
  48.  72. 124. 178.  92.  40.]
[ 40.  58. 109.  88.  31.  51. 129. 113.  56. 136. 178.  90. 371.  48.
  72. 124. 178.  92.  40. 176.]
[ 58. 109.  88.  31.  51. 129. 113.  56. 136. 178.  90. 371.  48.  72.
 124. 178.  92.  40. 176. 997.]
[109.  88.  31.  51. 129. 113.  56. 136. 178.  90. 371.  48.  72. 124.
 178.  92.  40. 176. 997. 742.]
[ 88.  31.  51. 129. 113.  56. 136. 178.  90. 371.  48.  72. 124. 178.
  92.  40. 176. 997. 742.  92.]
[  31.   51.  129.  113.   56.  136.  178.   90.  371.   48.   72.  124.
  178.   92.   40.  176.  997.  742.   92. 4855.]
[  51.  129.  113.   56.  136.  178.   90.  371.   48.   72.  124.  178.
   92.   40.  176.  997.  742.   92. 4855.  179.]
[ 129.  113.   56.  136.  178.   90.  371.   48.   72.  124.  178.   92.
   40.  176.  997.  742.   92. 4855.  179.  153.]
[ 113.   56.  136.  178.   90.  371.   48.   72.  124.  178.   92.   40.
  176.  997.  742.   92. 4855.  179.  153.  205.]
[  56.  136.  178.   90.  371.   48.   72.  124.  178.   92.   40.  176.
  997.  742.   92. 4855.  179.  153.  205.   75.]
[ 136.  178.   90.  371.   48.   72.  124.  178.   92.   40.  176.  997.
  742.   92. 4855.  179.  153.  205.   75. 1477.]
[ 178.   90.  371.   48.   72.  124.  178.   92.   40.  176.  997.  742.
   92. 4855.  179.  153.  205.   75. 1477. 1980.]
[  90.  371.   48.   72.  124.  178.   92.   40.  176.  997.  742.   92.
 4855.  179.  153.  205.   75. 1477. 1980. 1372.]
[ 371.   48.   72.  124.  178.   92.   40.  176.  997.  742.   92. 4855.
  179.  153.  205.   75. 1477. 1980. 1372.  508.]
[  48.   72.  124.  178.   92.   40.  176.  997.  742.   92. 4855.  179.
  153.  205.   75. 1477. 1980. 1372.  508.  143.]
[  72.  124.  178.   92.   40.  176.  997.  742.   92. 4855.  179.  153.
  205.   75. 1477. 1980. 1372.  508.  143.   72.]
[ 124.  178.   92.   40.  176.  997.  742.   92. 4855.  179.  153.  205.
   75. 1477. 1980. 1372.  508.  143.   72.   91.]
[ 178.   92.   40.  176.  997.  742.   92. 4855.  179.  153.  205.   75.
 1477. 1980. 1372.  508.  143.   72.   91.   59.]
[  92.   40.  176.  997.  742.   92. 4855.  179.  153.  205.   75. 1477.
 1980. 1372.  508.  143.   72.   91.   59.  128.]
[  40.  176.  997.  742.   92. 4855.  179.  153.  205.   75. 1477. 1980.
 1372.  508.  143.   72.   91.   59.  128.  444.]
[ 176.  997.  742.   92. 4855.  179.  153.  205.   75. 1477. 1980. 1372.
  508.  143.   72.   91.   59.  128.  444.   96.]
[ 997.  742.   92. 4855.  179.  153.  205.   75. 1477. 1980. 1372.  508.
  143.   72.   91.   59.  128.  444.   96.  155.]
[ 742.   92. 4855.  179.  153.  205.   75. 1477. 1980. 1372.  508.  143.
   72.   91.   59.  128.  444.   96.  155.  897.]
[  92. 4855.  179.  153.  205.   75. 1477. 1980. 1372.  508.  143.   72.
   91.   59.  128.  444.   96.  155.  897.   42.]
[4855.  179.  153.  205.   75. 1477. 1980. 1372.  508.  143.   72.   91.
   59.  128.  444.   96.  155.  897.   42.   47.]
[ 179.  153.  205.   75. 1477. 1980. 1372.  508.  143.   72.   91.   59.
  128.  444.   96.  155.  897.   42.   47.   76.]
[ 153.  205.   75. 1477. 1980. 1372.  508.  143.   72.   91.   59.  128.
  444.   96.  155.  897.   42.   47.   76. 1971.]
[ 205.   75. 1477. 1980. 1372.  508.  143.   72.   91.   59.  128.  444.
   96.  155.  897.   42.   47.   76. 1971.   78.]
[  75. 1477. 1980. 1372.  508.  143.   72.   91.   59.  128.  444.   96.
  155.  897.   42.   47.   76. 1971.   78.  299.]
[1477. 1980. 1372.  508.  143.   72.   91.   59.  128.  444.   96.  155.
  897.   42.   47.   76. 1971.   78.  299.   46.]
[1980. 1372.  508.  143.   72.   91.   59.  128.  444.   96.  155.  897.
   42.   47.   76. 1971.   78.  299.   46.   96.]
[1372.  508.  143.   72.   91.   59.  128.  444.   96.  155.  897.   42.
   47.   76. 1971.   78.  299.   46.   96.   91.]
[ 508.  143.   72.   91.   59.  128.  444.   96.  155.  897.   42.   47.
   76. 1971.   78.  299.   46.   96.   91.    6.]
[ 143.   72.   91.   59.  128.  444.   96.  155.  897.   42.   47.   76.
 1971.   78.  299.   46.   96.   91.    6.   60.]
[  72.   91.   59.  128.  444.   96.  155.  897.   42.   47.   76. 1971.
   78.  299.   46.   96.   91.    6.   60.   96.]
[  91.   59.  128.  444.   96.  155.  897.   42.   47.   76. 1971.   78.
  299.   46.   96.   91.    6.   60.   96.  260.]
[  59.  128.  444.   96.  155.  897.   42.   47.   76. 1971.   78.  299.
   46.   96.   91.    6.   60.   96.  260.    0.]
[ 128.  444.   96.  155.  897.   42.   47.   76. 1971.   78.  299.   46.
   96.   91.    6.   60.   96.  260.    0.  143.]
[ 444.   96.  155.  897.   42.   47.   76. 1971.   78.  299.   46.   96.
   91.    6.   60.   96.  260.    0.  143.   84.]
[  96.  155.  897.   42.   47.   76. 1971.   78.  299.   46.   96.   91.
    6.   60.   96.  260.    0.  143.   84.   76.]
[ 155.  897.   42.   47.   76. 1971.   78.  299.   46.   96.   91.    6.
   60.   96.  260.    0.  143.   84.   76.   40.]
[ 897.   42.   47.   76. 1971.   78.  299.   46.   96.   91.    6.   60.
   96.  260.    0.  143.   84.   76.   40.   39.]
[  42.   47.   76. 1971.   78.  299.   46.   96.   91.    6.   60.   96.
  260.    0.  143.   84.   76.   40.   39.   18.]
[  47.   76. 1971.   78.  299.   46.   96.   91.    6.   60.   96.  260.
    0.  143.   84.   76.   40.   39.   18.   80.]
[  76. 1971.   78.  299.   46.   96.   91.    6.   60.   96.  260.    0.
  143.   84.   76.   40.   39.   18.   80. 1206.]
[1971.   78.  299.   46.   96.   91.    6.   60.   96.  260.    0.  143.
   84.   76.   40.   39.   18.   80. 1206.   55.]
[  78.  299.   46.   96.   91.    6.   60.   96.  260.    0.  143.   84.
   76.   40.   39.   18.   80. 1206.   55.   73.]
[ 299.   46.   96.   91.    6.   60.   96.  260.    0.  143.   84.   76.
   40.   39.   18.   80. 1206.   55.   73.   85.]
[  46.   96.   91.    6.   60.   96.  260.    0.  143.   84.   76.   40.
   39.   18.   80. 1206.   55.   73.   85.  504.]
[  96.   91.    6.   60.   96.  260.    0.  143.   84.   76.   40.   39.
   18.   80. 1206.   55.   73.   85.  504.   74.]
[  91.    6.   60.   96.  260.    0.  143.   84.   76.   40.   39.   18.
   80. 1206.   55.   73.   85.  504.   74.   49.]
[   6.   60.   96.  260.    0.  143.   84.   76.   40.   39.   18.   80.
 1206.   55.   73.   85.  504.   74.   49.   43.]
[  60.   96.  260.    0.  143.   84.   76.   40.   39.   18.   80. 1206.
   55.   73.   85.  504.   74.   49.   43.   76.]
[  96.  260.    0.  143.   84.   76.   40.   39.   18.   80. 1206.   55.
   73.   85.  504.   74.   49.   43.   76.  726.]
[ 260.    0.  143.   84.   76.   40.   39.   18.   80. 1206.   55.   73.
   85.  504.   74.   49.   43.   76.  726.   55.]
[   0.  143.   84.   76.   40.   39.   18.   80. 1206.   55.   73.   85.
  504.   74.   49.   43.   76.  726.   55.  253.]
[ 143.   84.   76.   40.   39.   18.   80. 1206.   55.   73.   85.  504.
   74.   49.   43.   76.  726.   55.  253.  129.]
[  84.   76.   40.   39.   18.   80. 1206.   55.   73.   85.  504.   74.
   49.   43.   76.  726.   55.  253.  129.  104.]
[  76.   40.   39.   18.   80. 1206.   55.   73.   85.  504.   74.   49.
   43.   76.  726.   55.  253.  129.  104.   44.]
[  40.   39.   18.   80. 1206.   55.   73.   85.  504.   74.   49.   43.
   76.  726.   55.  253.  129.  104.   44.   84.]
[  39.   18.   80. 1206.   55.   73.   85.  504.   74.   49.   43.   76.
  726.   55.  253.  129.  104.   44.   84.   67.]
[  18.   80. 1206.   55.   73.   85.  504.   74.   49.   43.   76.  726.
   55.  253.  129.  104.   44.   84.   67. 3412.]
[  80. 1206.   55.   73.   85.  504.   74.   49.   43.   76.  726.   55.
  253.  129.  104.   44.   84.   67. 3412.  815.]
[1206.   55.   73.   85.  504.   74.   49.   43.   76.  726.   55.  253.
  129.  104.   44.   84.   67. 3412.  815.   67.]
[  55.   73.   85.  504.   74.   49.   43.   76.  726.   55.  253.  129.
  104.   44.   84.   67. 3412.  815.   67.   79.]
[  73.   85.  504.   74.   49.   43.   76.  726.   55.  253.  129.  104.
   44.   84.   67. 3412.  815.   67.   79.  176.]
[  85.  504.   74.   49.   43.   76.  726.   55.  253.  129.  104.   44.
   84.   67. 3412.  815.   67.   79.  176.   30.]
[ 504.   74.   49.   43.   76.  726.   55.  253.  129.  104.   44.   84.
   67. 3412.  815.   67.   79.  176.   30.  323.]
[  74.   49.   43.   76.  726.   55.  253.  129.  104.   44.   84.   67.
 3412.  815.   67.   79.  176.   30.  323.   55.]
[  49.   43.   76.  726.   55.  253.  129.  104.   44.   84.   67. 3412.
  815.   67.   79.  176.   30.  323.   55.  140.]
[  43.   76.  726.   55.  253.  129.  104.   44.   84.   67. 3412.  815.
   67.   79.  176.   30.  323.   55.  140.  353.]
[  76.  726.   55.  253.  129.  104.   44.   84.   67. 3412.  815.   67.
   79.  176.   30.  323.   55.  140.  353.   82.]
[ 726.   55.  253.  129.  104.   44.   84.   67. 3412.  815.   67.   79.
  176.   30.  323.   55.  140.  353.   82.   84.]
[  55.  253.  129.  104.   44.   84.   67. 3412.  815.   67.   79.  176.
   30.  323.   55.  140.  353.   82.   84.   15.]
[ 253.  129.  104.   44.   84.   67. 3412.  815.   67.   79.  176.   30.
  323.   55.  140.  353.   82.   84.   15.   92.]
[ 129.  104.   44.   84.   67. 3412.  815.   67.   79.  176.   30.  323.
   55.  140.  353.   82.   84.   15.   92.  377.]
[ 104.   44.   84.   67. 3412.  815.   67.   79.  176.   30.  323.   55.
  140.  353.   82.   84.   15.   92.  377.   41.]
[  44.   84.   67. 3412.  815.   67.   79.  176.   30.  323.   55.  140.
  353.   82.   84.   15.   92.  377.   41.  150.]
[  84.   67. 3412.  815.   67.   79.  176.   30.  323.   55.  140.  353.
   82.   84.   15.   92.  377.   41.  150.  181.]
[  67. 3412.  815.   67.   79.  176.   30.  323.   55.  140.  353.   82.
   84.   15.   92.  377.   41.  150.  181.  365.]
[3412.  815.   67.   79.  176.   30.  323.   55.  140.  353.   82.   84.
   15.   92.  377.   41.  150.  181.  365. 3231.]
[ 815.   67.   79.  176.   30.  323.   55.  140.  353.   82.   84.   15.
   92.  377.   41.  150.  181.  365. 3231.   65.]
[  67.   79.  176.   30.  323.   55.  140.  353.   82.   84.   15.   92.
  377.   41.  150.  181.  365. 3231.   65.  164.]
[  79.  176.   30.  323.   55.  140.  353.   82.   84.   15.   92.  377.
   41.  150.  181.  365. 3231.   65.  164.  234.]
[ 176.   30.  323.   55.  140.  353.   82.   84.   15.   92.  377.   41.
  150.  181.  365. 3231.   65.  164.  234.  246.]
[  30.  323.   55.  140.  353.   82.   84.   15.   92.  377.   41.  150.
  181.  365. 3231.   65.  164.  234.  246.  266.]
[ 323.   55.  140.  353.   82.   84.   15.   92.  377.   41.  150.  181.
  365. 3231.   65.  164.  234.  246.  266.   77.]
[  55.  140.  353.   82.   84.   15.   92.  377.   41.  150.  181.  365.
 3231.   65.  164.  234.  246.  266.   77.  113.]
[ 140.  353.   82.   84.   15.   92.  377.   41.  150.  181.  365. 3231.
   65.  164.  234.  246.  266.   77.  113.   80.]
[ 353.   82.   84.   15.   92.  377.   41.  150.  181.  365. 3231.   65.
  164.  234.  246.  266.   77.  113.   80.  338.]
[  82.   84.   15.   92.  377.   41.  150.  181.  365. 3231.   65.  164.
  234.  246.  266.   77.  113.   80.  338.  346.]
[  84.   15.   92.  377.   41.  150.  181.  365. 3231.   65.  164.  234.
  246.  266.   77.  113.   80.  338.  346.  218.]
[  15.   92.  377.   41.  150.  181.  365. 3231.   65.  164.  234.  246.
  266.   77.  113.   80.  338.  346.  218.   21.]
[  92.  377.   41.  150.  181.  365. 3231.   65.  164.  234.  246.  266.
   77.  113.   80.  338.  346.  218.   21.  101.]
[ 377.   41.  150.  181.  365. 3231.   65.  164.  234.  246.  266.   77.
  113.   80.  338.  346.  218.   21.  101. 8272.]
[  41.  150.  181.  365. 3231.   65.  164.  234.  246.  266.   77.  113.
   80.  338.  346.  218.   21.  101. 8272.   31.]
[ 150.  181.  365. 3231.   65.  164.  234.  246.  266.   77.  113.   80.
  338.  346.  218.   21.  101. 8272.   31.  121.]
[ 181.  365. 3231.   65.  164.  234.  246.  266.   77.  113.   80.  338.
  346.  218.   21.  101. 8272.   31.  121.  345.]
[ 365. 3231.   65.  164.  234.  246.  266.   77.  113.   80.  338.  346.
  218.   21.  101. 8272.   31.  121.  345.  629.]
[3231.   65.  164.  234.  246.  266.   77.  113.   80.  338.  346.  218.
   21.  101. 8272.   31.  121.  345.  629.  651.]
[  65.  164.  234.  246.  266.   77.  113.   80.  338.  346.  218.   21.
  101. 8272.   31.  121.  345.  629.  651.  211.]
[ 164.  234.  246.  266.   77.  113.   80.  338.  346.  218.   21.  101.
 8272.   31.  121.  345.  629.  651.  211.   90.]
[ 234.  246.  266.   77.  113.   80.  338.  346.  218.   21.  101. 8272.
   31.  121.  345.  629.  651.  211.   90.  195.]
[ 246.  266.   77.  113.   80.  338.  346.  218.   21.  101. 8272.   31.
  121.  345.  629.  651.  211.   90.  195.  262.]
[ 266.   77.  113.   80.  338.  346.  218.   21.  101. 8272.   31.  121.
  345.  629.  651.  211.   90.  195.  262.  146.]
[  77.  113.   80.  338.  346.  218.   21.  101. 8272.   31.  121.  345.
  629.  651.  211.   90.  195.  262.  146.  112.]
[ 113.   80.  338.  346.  218.   21.  101. 8272.   31.  121.  345.  629.
  651.  211.   90.  195.  262.  146.  112.  181.]
[  80.  338.  346.  218.   21.  101. 8272.   31.  121.  345.  629.  651.
  211.   90.  195.  262.  146.  112.  181.   62.]
[ 338.  346.  218.   21.  101. 8272.   31.  121.  345.  629.  651.  211.
   90.  195.  262.  146.  112.  181.   62.  761.]
[ 346.  218.   21.  101. 8272.   31.  121.  345.  629.  651.  211.   90.
  195.  262.  146.  112.  181.   62.  761.   85.]
[ 218.   21.  101. 8272.   31.  121.  345.  629.  651.  211.   90.  195.
  262.  146.  112.  181.   62.  761.   85.   42.]
[  21.  101. 8272.   31.  121.  345.  629.  651.  211.   90.  195.  262.
  146.  112.  181.   62.  761.   85.   42.   28.]
[ 101. 8272.   31.  121.  345.  629.  651.  211.   90.  195.  262.  146.
  112.  181.   62.  761.   85.   42.   28.   61.]
[8272.   31.  121.  345.  629.  651.  211.   90.  195.  262.  146.  112.
  181.   62.  761.   85.   42.   28.   61.   90.]
[ 31. 121. 345. 629. 651. 211.  90. 195. 262. 146. 112. 181.  62. 761.
  85.  42.  28.  61.  90. 137.]
[ 121.  345.  629.  651.  211.   90.  195.  262.  146.  112.  181.   62.
  761.   85.   42.   28.   61.   90.  137. 3942.]
[ 345.  629.  651.  211.   90.  195.  262.  146.  112.  181.   62.  761.
   85.   42.   28.   61.   90.  137. 3942.  104.]
[ 629.  651.  211.   90.  195.  262.  146.  112.  181.   62.  761.   85.
   42.   28.   61.   90.  137. 3942.  104.  583.]
[ 651.  211.   90.  195.  262.  146.  112.  181.   62.  761.   85.   42.
   28.   61.   90.  137. 3942.  104.  583.  276.]
[ 211.   90.  195.  262.  146.  112.  181.   62.  761.   85.   42.   28.
   61.   90.  137. 3942.  104.  583.  276.  157.]
[  90.  195.  262.  146.  112.  181.   62.  761.   85.   42.   28.   61.
   90.  137. 3942.  104.  583.  276.  157.  120.]
[ 195.  262.  146.  112.  181.   62.  761.   85.   42.   28.   61.   90.
  137. 3942.  104.  583.  276.  157.  120.   94.]
[ 262.  146.  112.  181.   62.  761.   85.   42.   28.   61.   90.  137.
 3942.  104.  583.  276.  157.  120.   94.    4.]
[ 146.  112.  181.   62.  761.   85.   42.   28.   61.   90.  137. 3942.
  104.  583.  276.  157.  120.   94.    4.   83.]
[ 112.  181.   62.  761.   85.   42.   28.   61.   90.  137. 3942.  104.
  583.  276.  157.  120.   94.    4.   83.  635.]
[ 181.   62.  761.   85.   42.   28.   61.   90.  137. 3942.  104.  583.
  276.  157.  120.   94.    4.   83.  635.   79.]
[  62.  761.   85.   42.   28.   61.   90.  137. 3942.  104.  583.  276.
  157.  120.   94.    4.   83.  635.   79. 3100.]
[ 761.   85.   42.   28.   61.   90.  137. 3942.  104.  583.  276.  157.
  120.   94.    4.   83.  635.   79. 3100.  372.]
[  85.   42.   28.   61.   90.  137. 3942.  104.  583.  276.  157.  120.
   94.    4.   83.  635.   79. 3100.  372.   27.]
[  42.   28.   61.   90.  137. 3942.  104.  583.  276.  157.  120.   94.
    4.   83.  635.   79. 3100.  372.   27.  186.]
[  28.   61.   90.  137. 3942.  104.  583.  276.  157.  120.   94.    4.
   83.  635.   79. 3100.  372.   27.  186.  329.]
[  61.   90.  137. 3942.  104.  583.  276.  157.  120.   94.    4.   83.
  635.   79. 3100.  372.   27.  186.  329.   82.]
[  90.  137. 3942.  104.  583.  276.  157.  120.   94.    4.   83.  635.
   79. 3100.  372.   27.  186.  329.   82.  157.]
[ 137. 3942.  104.  583.  276.  157.  120.   94.    4.   83.  635.   79.
 3100.  372.   27.  186.  329.   82.  157.  100.]
[3942.  104.  583.  276.  157.  120.   94.    4.   83.  635.   79. 3100.
  372.   27.  186.  329.   82.  157.  100.   67.]
[ 104.  583.  276.  157.  120.   94.    4.   83.  635.   79. 3100.  372.
   27.  186.  329.   82.  157.  100.   67.  234.]
[ 583.  276.  157.  120.   94.    4.   83.  635.   79. 3100.  372.   27.
  186.  329.   82.  157.  100.   67.  234.  373.]
[ 276.  157.  120.   94.    4.   83.  635.   79. 3100.  372.   27.  186.
  329.   82.  157.  100.   67.  234.  373. 1799.]
[ 157.  120.   94.    4.   83.  635.   79. 3100.  372.   27.  186.  329.
   82.  157.  100.   67.  234.  373. 1799.  246.]
[ 120.   94.    4.   83.  635.   79. 3100.  372.   27.  186.  329.   82.
  157.  100.   67.  234.  373. 1799.  246. 1228.]
[  94.    4.   83.  635.   79. 3100.  372.   27.  186.  329.   82.  157.
  100.   67.  234.  373. 1799.  246. 1228.  181.]
[   4.   83.  635.   79. 3100.  372.   27.  186.  329.   82.  157.  100.
   67.  234.  373. 1799.  246. 1228.  181.  115.]
[  83.  635.   79. 3100.  372.   27.  186.  329.   82.  157.  100.   67.
  234.  373. 1799.  246. 1228.  181.  115.  102.]
[ 635.   79. 3100.  372.   27.  186.  329.   82.  157.  100.   67.  234.
  373. 1799.  246. 1228.  181.  115.  102.   40.]
[  79. 3100.  372.   27.  186.  329.   82.  157.  100.   67.  234.  373.
 1799.  246. 1228.  181.  115.  102.   40.   80.]
[3100.  372.   27.  186.  329.   82.  157.  100.   67.  234.  373. 1799.
  246. 1228.  181.  115.  102.   40.   80. 1444.]
[ 372.   27.  186.  329.   82.  157.  100.   67.  234.  373. 1799.  246.
 1228.  181.  115.  102.   40.   80. 1444.  142.]
[  27.  186.  329.   82.  157.  100.   67.  234.  373. 1799.  246. 1228.
  181.  115.  102.   40.   80. 1444.  142.   57.]
[ 186.  329.   82.  157.  100.   67.  234.  373. 1799.  246. 1228.  181.
  115.  102.   40.   80. 1444.  142.   57.  835.]
[ 329.   82.  157.  100.   67.  234.  373. 1799.  246. 1228.  181.  115.
  102.   40.   80. 1444.  142.   57.  835.  115.]
[  82.  157.  100.   67.  234.  373. 1799.  246. 1228.  181.  115.  102.
   40.   80. 1444.  142.   57.  835.  115.   74.]
[ 157.  100.   67.  234.  373. 1799.  246. 1228.  181.  115.  102.   40.
   80. 1444.  142.   57.  835.  115.   74.  166.]
[ 100.   67.  234.  373. 1799.  246. 1228.  181.  115.  102.   40.   80.
 1444.  142.   57.  835.  115.   74.  166.  284.]
[  67.  234.  373. 1799.  246. 1228.  181.  115.  102.   40.   80. 1444.
  142.   57.  835.  115.   74.  166.  284.   53.]
[ 234.  373. 1799.  246. 1228.  181.  115.  102.   40.   80. 1444.  142.
   57.  835.  115.   74.  166.  284.   53. 1013.]
[ 373. 1799.  246. 1228.  181.  115.  102.   40.   80. 1444.  142.   57.
  835.  115.   74.  166.  284.   53. 1013.  830.]
[1799.  246. 1228.  181.  115.  102.   40.   80. 1444.  142.   57.  835.
  115.   74.  166.  284.   53. 1013.  830.  180.]
[ 246. 1228.  181.  115.  102.   40.   80. 1444.  142.   57.  835.  115.
   74.  166.  284.   53. 1013.  830.  180.  119.]
[1228.  181.  115.  102.   40.   80. 1444.  142.   57.  835.  115.   74.
  166.  284.   53. 1013.  830.  180.  119.   57.]
[ 181.  115.  102.   40.   80. 1444.  142.   57.  835.  115.   74.  166.
  284.   53. 1013.  830.  180.  119.   57.  135.]
[ 115.  102.   40.   80. 1444.  142.   57.  835.  115.   74.  166.  284.
   53. 1013.  830.  180.  119.   57.  135.  225.]
[ 102.   40.   80. 1444.  142.   57.  835.  115.   74.  166.  284.   53.
 1013.  830.  180.  119.   57.  135.  225.  122.]
[  40.   80. 1444.  142.   57.  835.  115.   74.  166.  284.   53. 1013.
  830.  180.  119.   57.  135.  225.  122.  214.]
[  80. 1444.  142.   57.  835.  115.   74.  166.  284.   53. 1013.  830.
  180.  119.   57.  135.  225.  122.  214.  299.]
[1444.  142.   57.  835.  115.   74.  166.  284.   53. 1013.  830.  180.
  119.   57.  135.  225.  122.  214.  299.  136.]
[ 142.   57.  835.  115.   74.  166.  284.   53. 1013.  830.  180.  119.
   57.  135.  225.  122.  214.  299.  136. 3105.]
[  57.  835.  115.   74.  166.  284.   53. 1013.  830.  180.  119.   57.
  135.  225.  122.  214.  299.  136. 3105.   21.]
[ 835.  115.   74.  166.  284.   53. 1013.  830.  180.  119.   57.  135.
  225.  122.  214.  299.  136. 3105.   21.   87.]
[ 115.   74.  166.  284.   53. 1013.  830.  180.  119.   57.  135.  225.
  122.  214.  299.  136. 3105.   21.   87.   87.]
[  74.  166.  284.   53. 1013.  830.  180.  119.   57.  135.  225.  122.
  214.  299.  136. 3105.   21.   87.   87.  276.]
[ 166.  284.   53. 1013.  830.  180.  119.   57.  135.  225.  122.  214.
  299.  136. 3105.   21.   87.   87.  276.   22.]
[ 284.   53. 1013.  830.  180.  119.   57.  135.  225.  122.  214.  299.
  136. 3105.   21.   87.   87.  276.   22.  330.]
[  53. 1013.  830.  180.  119.   57.  135.  225.  122.  214.  299.  136.
 3105.   21.   87.   87.  276.   22.  330. 2392.]
[1013.  830.  180.  119.   57.  135.  225.  122.  214.  299.  136. 3105.
   21.   87.   87.  276.   22.  330. 2392.   42.]
[ 830.  180.  119.   57.  135.  225.  122.  214.  299.  136. 3105.   21.
   87.   87.  276.   22.  330. 2392.   42.  150.]
[ 180.  119.   57.  135.  225.  122.  214.  299.  136. 3105.   21.   87.
   87.  276.   22.  330. 2392.   42.  150.  907.]
[ 119.   57.  135.  225.  122.  214.  299.  136. 3105.   21.   87.   87.
  276.   22.  330. 2392.   42.  150.  907. 1062.]
[  57.  135.  225.  122.  214.  299.  136. 3105.   21.   87.   87.  276.
   22.  330. 2392.   42.  150.  907. 1062.   30.]
[ 135.  225.  122.  214.  299.  136. 3105.   21.   87.   87.  276.   22.
  330. 2392.   42.  150.  907. 1062.   30.   97.]
[ 225.  122.  214.  299.  136. 3105.   21.   87.   87.  276.   22.  330.
 2392.   42.  150.  907. 1062.   30.   97.   92.]
[ 122.  214.  299.  136. 3105.   21.   87.   87.  276.   22.  330. 2392.
   42.  150.  907. 1062.   30.   97.   92.  184.]
[ 214.  299.  136. 3105.   21.   87.   87.  276.   22.  330. 2392.   42.
  150.  907. 1062.   30.   97.   92.  184.   34.]
[ 299.  136. 3105.   21.   87.   87.  276.   22.  330. 2392.   42.  150.
  907. 1062.   30.   97.   92.  184.   34.  140.]
[ 136. 3105.   21.   87.   87.  276.   22.  330. 2392.   42.  150.  907.
 1062.   30.   97.   92.  184.   34.  140.   79.]
[3105.   21.   87.   87.  276.   22.  330. 2392.   42.  150.  907. 1062.
   30.   97.   92.  184.   34.  140.   79.   98.]
[  21.   87.   87.  276.   22.  330. 2392.   42.  150.  907. 1062.   30.
   97.   92.  184.   34.  140.   79.   98.  178.]
[  87.   87.  276.   22.  330. 2392.   42.  150.  907. 1062.   30.   97.
   92.  184.   34.  140.   79.   98.  178.   54.]
[  87.  276.   22.  330. 2392.   42.  150.  907. 1062.   30.   97.   92.
  184.   34.  140.   79.   98.  178.   54.   82.]
[ 276.   22.  330. 2392.   42.  150.  907. 1062.   30.   97.   92.  184.
   34.  140.   79.   98.  178.   54.   82.   63.]
[  22.  330. 2392.   42.  150.  907. 1062.   30.   97.   92.  184.   34.
  140.   79.   98.  178.   54.   82.   63.  150.]
[ 330. 2392.   42.  150.  907. 1062.   30.   97.   92.  184.   34.  140.
   79.   98.  178.   54.   82.   63.  150.  228.]
[2392.   42.  150.  907. 1062.   30.   97.   92.  184.   34.  140.   79.
   98.  178.   54.   82.   63.  150.  228.   95.]
[  42.  150.  907. 1062.   30.   97.   92.  184.   34.  140.   79.   98.
  178.   54.   82.   63.  150.  228.   95.   70.]
[ 150.  907. 1062.   30.   97.   92.  184.   34.  140.   79.   98.  178.
   54.   82.   63.  150.  228.   95.   70.   24.]
[ 907. 1062.   30.   97.   92.  184.   34.  140.   79.   98.  178.   54.
   82.   63.  150.  228.   95.   70.   24.   76.]
[1062.   30.   97.   92.  184.   34.  140.   79.   98.  178.   54.   82.
   63.  150.  228.   95.   70.   24.   76.   96.]
[ 30.  97.  92. 184.  34. 140.  79.  98. 178.  54.  82.  63. 150. 228.
  95.  70.  24.  76.  96.  83.]
[ 97.  92. 184.  34. 140.  79.  98. 178.  54.  82.  63. 150. 228.  95.
  70.  24.  76.  96.  83. 269.]
[ 92. 184.  34. 140.  79.  98. 178.  54.  82.  63. 150. 228.  95.  70.
  24.  76.  96.  83. 269. 287.]
[184.  34. 140.  79.  98. 178.  54.  82.  63. 150. 228.  95.  70.  24.
  76.  96.  83. 269. 287. 582.]
[ 34. 140.  79.  98. 178.  54.  82.  63. 150. 228.  95.  70.  24.  76.
  96.  83. 269. 287. 582. 108.]
[140.  79.  98. 178.  54.  82.  63. 150. 228.  95.  70.  24.  76.  96.
  83. 269. 287. 582. 108. 166.]
[ 79.  98. 178.  54.  82.  63. 150. 228.  95.  70.  24.  76.  96.  83.
 269. 287. 582. 108. 166. 170.]
[ 98. 178.  54.  82.  63. 150. 228.  95.  70.  24.  76.  96.  83. 269.
 287. 582. 108. 166. 170. 372.]
[178.  54.  82.  63. 150. 228.  95.  70.  24.  76.  96.  83. 269. 287.
 582. 108. 166. 170. 372.  53.]
[ 54.  82.  63. 150. 228.  95.  70.  24.  76.  96.  83. 269. 287. 582.
 108. 166. 170. 372.  53. 150.]
[  82.   63.  150.  228.   95.   70.   24.   76.   96.   83.  269.  287.
  582.  108.  166.  170.  372.   53.  150. 1329.]
[  63.  150.  228.   95.   70.   24.   76.   96.   83.  269.  287.  582.
  108.  166.  170.  372.   53.  150. 1329.  240.]
[ 150.  228.   95.   70.   24.   76.   96.   83.  269.  287.  582.  108.
  166.  170.  372.   53.  150. 1329.  240.  656.]
[ 228.   95.   70.   24.   76.   96.   83.  269.  287.  582.  108.  166.
  170.  372.   53.  150. 1329.  240.  656.   74.]
[  95.   70.   24.   76.   96.   83.  269.  287.  582.  108.  166.  170.
  372.   53.  150. 1329.  240.  656.   74. 2137.]
[  70.   24.   76.   96.   83.  269.  287.  582.  108.  166.  170.  372.
   53.  150. 1329.  240.  656.   74. 2137.   67.]
[  24.   76.   96.   83.  269.  287.  582.  108.  166.  170.  372.   53.
  150. 1329.  240.  656.   74. 2137.   67.   34.]
[  76.   96.   83.  269.  287.  582.  108.  166.  170.  372.   53.  150.
 1329.  240.  656.   74. 2137.   67.   34.  563.]
[  96.   83.  269.  287.  582.  108.  166.  170.  372.   53.  150. 1329.
  240.  656.   74. 2137.   67.   34.  563.   77.]
[  83.  269.  287.  582.  108.  166.  170.  372.   53.  150. 1329.  240.
  656.   74. 2137.   67.   34.  563.   77.   65.]
[ 269.  287.  582.  108.  166.  170.  372.   53.  150. 1329.  240.  656.
   74. 2137.   67.   34.  563.   77.   65.  461.]
[ 287.  582.  108.  166.  170.  372.   53.  150. 1329.  240.  656.   74.
 2137.   67.   34.  563.   77.   65.  461.   52.]
[ 582.  108.  166.  170.  372.   53.  150. 1329.  240.  656.   74. 2137.
   67.   34.  563.   77.   65.  461.   52. 2233.]
[ 108.  166.  170.  372.   53.  150. 1329.  240.  656.   74. 2137.   67.
   34.  563.   77.   65.  461.   52. 2233.    0.]
[ 166.  170.  372.   53.  150. 1329.  240.  656.   74. 2137.   67.   34.
  563.   77.   65.  461.   52. 2233.    0.   82.]
[ 170.  372.   53.  150. 1329.  240.  656.   74. 2137.   67.   34.  563.
   77.   65.  461.   52. 2233.    0.   82.  148.]
[ 372.   53.  150. 1329.  240.  656.   74. 2137.   67.   34.  563.   77.
   65.  461.   52. 2233.    0.   82.  148.  889.]
[  53.  150. 1329.  240.  656.   74. 2137.   67.   34.  563.   77.   65.
  461.   52. 2233.    0.   82.  148.  889.  142.]
[ 150. 1329.  240.  656.   74. 2137.   67.   34.  563.   77.   65.  461.
   52. 2233.    0.   82.  148.  889.  142.   47.]
[1329.  240.  656.   74. 2137.   67.   34.  563.   77.   65.  461.   52.
 2233.    0.   82.  148.  889.  142.   47. 1569.]
[ 240.  656.   74. 2137.   67.   34.  563.   77.   65.  461.   52. 2233.
    0.   82.  148.  889.  142.   47. 1569.   73.]
[ 656.   74. 2137.   67.   34.  563.   77.   65.  461.   52. 2233.    0.
   82.  148.  889.  142.   47. 1569.   73.   69.]
[  74. 2137.   67.   34.  563.   77.   65.  461.   52. 2233.    0.   82.
  148.  889.  142.   47. 1569.   73.   69.  870.]
[2137.   67.   34.  563.   77.   65.  461.   52. 2233.    0.   82.  148.
  889.  142.   47. 1569.   73.   69.  870.   99.]
[  67.   34.  563.   77.   65.  461.   52. 2233.    0.   82.  148.  889.
  142.   47. 1569.   73.   69.  870.   99.  105.]
[  34.  563.   77.   65.  461.   52. 2233.    0.   82.  148.  889.  142.
   47. 1569.   73.   69.  870.   99.  105.  785.]
[ 563.   77.   65.  461.   52. 2233.    0.   82.  148.  889.  142.   47.
 1569.   73.   69.  870.   99.  105.  785.  703.]
[  77.   65.  461.   52. 2233.    0.   82.  148.  889.  142.   47. 1569.
   73.   69.  870.   99.  105.  785.  703.   93.]
[  65.  461.   52. 2233.    0.   82.  148.  889.  142.   47. 1569.   73.
   69.  870.   99.  105.  785.  703.   93.   62.]
[ 461.   52. 2233.    0.   82.  148.  889.  142.   47. 1569.   73.   69.
  870.   99.  105.  785.  703.   93.   62. 1319.]
[  52. 2233.    0.   82.  148.  889.  142.   47. 1569.   73.   69.  870.
   99.  105.  785.  703.   93.   62. 1319.  153.]
[2233.    0.   82.  148.  889.  142.   47. 1569.   73.   69.  870.   99.
  105.  785.  703.   93.   62. 1319.  153.  162.]
[   0.   82.  148.  889.  142.   47. 1569.   73.   69.  870.   99.  105.
  785.  703.   93.   62. 1319.  153.  162. 1066.]
[  82.  148.  889.  142.   47. 1569.   73.   69.  870.   99.  105.  785.
  703.   93.   62. 1319.  153.  162. 1066.  708.]
[ 148.  889.  142.   47. 1569.   73.   69.  870.   99.  105.  785.  703.
   93.   62. 1319.  153.  162. 1066.  708.   67.]
[ 889.  142.   47. 1569.   73.   69.  870.   99.  105.  785.  703.   93.
   62. 1319.  153.  162. 1066.  708.   67.   65.]
[ 142.   47. 1569.   73.   69.  870.   99.  105.  785.  703.   93.   62.
 1319.  153.  162. 1066.  708.   67.   65.  687.]
[  47. 1569.   73.   69.  870.   99.  105.  785.  703.   93.   62. 1319.
  153.  162. 1066.  708.   67.   65.  687.   53.]
[1569.   73.   69.  870.   99.  105.  785.  703.   93.   62. 1319.  153.
  162. 1066.  708.   67.   65.  687.   53.  102.]
[  73.   69.  870.   99.  105.  785.  703.   93.   62. 1319.  153.  162.
 1066.  708.   67.   65.  687.   53.  102.  220.]
[  69.  870.   99.  105.  785.  703.   93.   62. 1319.  153.  162. 1066.
  708.   67.   65.  687.   53.  102.  220.   63.]
[ 870.   99.  105.  785.  703.   93.   62. 1319.  153.  162. 1066.  708.
   67.   65.  687.   53.  102.  220.   63.  120.]
[  99.  105.  785.  703.   93.   62. 1319.  153.  162. 1066.  708.   67.
   65.  687.   53.  102.  220.   63.  120.  408.]
[ 105.  785.  703.   93.   62. 1319.  153.  162. 1066.  708.   67.   65.
  687.   53.  102.  220.   63.  120.  408.  135.]
[ 785.  703.   93.   62. 1319.  153.  162. 1066.  708.   67.   65.  687.
   53.  102.  220.   63.  120.  408.  135.   99.]
[ 703.   93.   62. 1319.  153.  162. 1066.  708.   67.   65.  687.   53.
  102.  220.   63.  120.  408.  135.   99. 1064.]
[  93.   62. 1319.  153.  162. 1066.  708.   67.   65.  687.   53.  102.
  220.   63.  120.  408.  135.   99. 1064.  182.]
[  62. 1319.  153.  162. 1066.  708.   67.   65.  687.   53.  102.  220.
   63.  120.  408.  135.   99. 1064.  182.   71.]
[1319.  153.  162. 1066.  708.   67.   65.  687.   53.  102.  220.   63.
  120.  408.  135.   99. 1064.  182.   71. 1768.]
[ 153.  162. 1066.  708.   67.   65.  687.   53.  102.  220.   63.  120.
  408.  135.   99. 1064.  182.   71. 1768.  292.]
[ 162. 1066.  708.   67.   65.  687.   53.  102.  220.   63.  120.  408.
  135.   99. 1064.  182.   71. 1768.  292.   10.]
[1066.  708.   67.   65.  687.   53.  102.  220.   63.  120.  408.  135.
   99. 1064.  182.   71. 1768.  292.   10.  130.]
[ 708.   67.   65.  687.   53.  102.  220.   63.  120.  408.  135.   99.
 1064.  182.   71. 1768.  292.   10.  130.   49.]
[  67.   65.  687.   53.  102.  220.   63.  120.  408.  135.   99. 1064.
  182.   71. 1768.  292.   10.  130.   49.  204.]
[  65.  687.   53.  102.  220.   63.  120.  408.  135.   99. 1064.  182.
   71. 1768.  292.   10.  130.   49.  204.   46.]
[ 687.   53.  102.  220.   63.  120.  408.  135.   99. 1064.  182.   71.
 1768.  292.   10.  130.   49.  204.   46.  171.]
[  53.  102.  220.   63.  120.  408.  135.   99. 1064.  182.   71. 1768.
  292.   10.  130.   49.  204.   46.  171.   58.]
[ 102.  220.   63.  120.  408.  135.   99. 1064.  182.   71. 1768.  292.
   10.  130.   49.  204.   46.  171.   58.  769.]
[ 220.   63.  120.  408.  135.   99. 1064.  182.   71. 1768.  292.   10.
  130.   49.  204.   46.  171.   58.  769.   45.]
[  63.  120.  408.  135.   99. 1064.  182.   71. 1768.  292.   10.  130.
   49.  204.   46.  171.   58.  769.   45.   36.]
[ 120.  408.  135.   99. 1064.  182.   71. 1768.  292.   10.  130.   49.
  204.   46.  171.   58.  769.   45.   36.   43.]
[ 408.  135.   99. 1064.  182.   71. 1768.  292.   10.  130.   49.  204.
   46.  171.   58.  769.   45.   36.   43.  665.]
[ 135.   99. 1064.  182.   71. 1768.  292.   10.  130.   49.  204.   46.
  171.   58.  769.   45.   36.   43.  665.  203.]
[  99. 1064.  182.   71. 1768.  292.   10.  130.   49.  204.   46.  171.
   58.  769.   45.   36.   43.  665.  203.   33.]
[1064.  182.   71. 1768.  292.   10.  130.   49.  204.   46.  171.   58.
  769.   45.   36.   43.  665.  203.   33.  128.]
[ 182.   71. 1768.  292.   10.  130.   49.  204.   46.  171.   58.  769.
   45.   36.   43.  665.  203.   33.  128.   92.]
[  71. 1768.  292.   10.  130.   49.  204.   46.  171.   58.  769.   45.
   36.   43.  665.  203.   33.  128.   92.   50.]
[1768.  292.   10.  130.   49.  204.   46.  171.   58.  769.   45.   36.
   43.  665.  203.   33.  128.   92.   50.  704.]
[292.  10. 130.  49. 204.  46. 171.  58. 769.  45.  36.  43. 665. 203.
  33. 128.  92.  50. 704.  12.]
[ 10. 130.  49. 204.  46. 171.  58. 769.  45.  36.  43. 665. 203.  33.
 128.  92.  50. 704.  12.  40.]
[130.  49. 204.  46. 171.  58. 769.  45.  36.  43. 665. 203.  33. 128.
  92.  50. 704.  12.  40.  26.]
[ 49. 204.  46. 171.  58. 769.  45.  36.  43. 665. 203.  33. 128.  92.
  50. 704.  12.  40.  26.  60.]
[204.  46. 171.  58. 769.  45.  36.  43. 665. 203.  33. 128.  92.  50.
 704.  12.  40.  26.  60.  41.]
[ 46. 171.  58. 769.  45.  36.  43. 665. 203.  33. 128.  92.  50. 704.
  12.  40.  26.  60.  41. 131.]
[171.  58. 769.  45.  36.  43. 665. 203.  33. 128.  92.  50. 704.  12.
  40.  26.  60.  41. 131.  41.]
[ 58. 769.  45.  36.  43. 665. 203.  33. 128.  92.  50. 704.  12.  40.
  26.  60.  41. 131.  41. 127.]
[769.  45.  36.  43. 665. 203.  33. 128.  92.  50. 704.  12.  40.  26.
  60.  41. 131.  41. 127. 176.]
[ 45.  36.  43. 665. 203.  33. 128.  92.  50. 704.  12.  40.  26.  60.
  41. 131.  41. 127. 176.  43.]
[  36.   43.  665.  203.   33.  128.   92.   50.  704.   12.   40.   26.
   60.   41.  131.   41.  127.  176.   43. 1220.]
[  43.  665.  203.   33.  128.   92.   50.  704.   12.   40.   26.   60.
   41.  131.   41.  127.  176.   43. 1220.   51.]
[ 665.  203.   33.  128.   92.   50.  704.   12.   40.   26.   60.   41.
  131.   41.  127.  176.   43. 1220.   51.   43.]
[ 203.   33.  128.   92.   50.  704.   12.   40.   26.   60.   41.  131.
   41.  127.  176.   43. 1220.   51.   43.  157.]
[  33.  128.   92.   50.  704.   12.   40.   26.   60.   41.  131.   41.
  127.  176.   43. 1220.   51.   43.  157.   40.]
[ 128.   92.   50.  704.   12.   40.   26.   60.   41.  131.   41.  127.
  176.   43. 1220.   51.   43.  157.   40.  197.]
[  92.   50.  704.   12.   40.   26.   60.   41.  131.   41.  127.  176.
   43. 1220.   51.   43.  157.   40.  197.   98.]
[  50.  704.   12.   40.   26.   60.   41.  131.   41.  127.  176.   43.
 1220.   51.   43.  157.   40.  197.   98.   66.]
[ 704.   12.   40.   26.   60.   41.  131.   41.  127.  176.   43. 1220.
   51.   43.  157.   40.  197.   98.   66.   68.]
[  12.   40.   26.   60.   41.  131.   41.  127.  176.   43. 1220.   51.
   43.  157.   40.  197.   98.   66.   68.   29.]
[  40.   26.   60.   41.  131.   41.  127.  176.   43. 1220.   51.   43.
  157.   40.  197.   98.   66.   68.   29.  129.]
[  26.   60.   41.  131.   41.  127.  176.   43. 1220.   51.   43.  157.
   40.  197.   98.   66.   68.   29.  129.  147.]
[  60.   41.  131.   41.  127.  176.   43. 1220.   51.   43.  157.   40.
  197.   98.   66.   68.   29.  129.  147.   93.]
[  41.  131.   41.  127.  176.   43. 1220.   51.   43.  157.   40.  197.
   98.   66.   68.   29.  129.  147.   93.  505.]
[ 131.   41.  127.  176.   43. 1220.   51.   43.  157.   40.  197.   98.
   66.   68.   29.  129.  147.   93.  505.  765.]
[  41.  127.  176.   43. 1220.   51.   43.  157.   40.  197.   98.   66.
   68.   29.  129.  147.   93.  505.  765.  175.]
[ 127.  176.   43. 1220.   51.   43.  157.   40.  197.   98.   66.   68.
   29.  129.  147.   93.  505.  765.  175.   59.]
[ 176.   43. 1220.   51.   43.  157.   40.  197.   98.   66.   68.   29.
  129.  147.   93.  505.  765.  175.   59.  322.]
[  43. 1220.   51.   43.  157.   40.  197.   98.   66.   68.   29.  129.
  147.   93.  505.  765.  175.   59.  322.   52.]
[1220.   51.   43.  157.   40.  197.   98.   66.   68.   29.  129.  147.
   93.  505.  765.  175.   59.  322.   52.   42.]
[ 51.  43. 157.  40. 197.  98.  66.  68.  29. 129. 147.  93. 505. 765.
 175.  59. 322.  52.  42. 169.]
[ 43. 157.  40. 197.  98.  66.  68.  29. 129. 147.  93. 505. 765. 175.
  59. 322.  52.  42. 169.  30.]
[157.  40. 197.  98.  66.  68.  29. 129. 147.  93. 505. 765. 175.  59.
 322.  52.  42. 169.  30.  89.]
[ 40. 197.  98.  66.  68.  29. 129. 147.  93. 505. 765. 175.  59. 322.
  52.  42. 169.  30.  89. 896.]
[197.  98.  66.  68.  29. 129. 147.  93. 505. 765. 175.  59. 322.  52.
  42. 169.  30.  89. 896.  18.]
[ 98.  66.  68.  29. 129. 147.  93. 505. 765. 175.  59. 322.  52.  42.
 169.  30.  89. 896.  18.  66.]
[ 66.  68.  29. 129. 147.  93. 505. 765. 175.  59. 322.  52.  42. 169.
  30.  89. 896.  18.  66. 316.]
[ 68.  29. 129. 147.  93. 505. 765. 175.  59. 322.  52.  42. 169.  30.
  89. 896.  18.  66. 316. 953.]
[ 29. 129. 147.  93. 505. 765. 175.  59. 322.  52.  42. 169.  30.  89.
 896.  18.  66. 316. 953. 339.]
[129. 147.  93. 505. 765. 175.  59. 322.  52.  42. 169.  30.  89. 896.
  18.  66. 316. 953. 339. 100.]
[147.  93. 505. 765. 175.  59. 322.  52.  42. 169.  30.  89. 896.  18.
  66. 316. 953. 339. 100. 168.]
[ 93. 505. 765. 175.  59. 322.  52.  42. 169.  30.  89. 896.  18.  66.
 316. 953. 339. 100. 168.  57.]
[505. 765. 175.  59. 322.  52.  42. 169.  30.  89. 896.  18.  66. 316.
 953. 339. 100. 168.  57.  64.]
[ 765.  175.   59.  322.   52.   42.  169.   30.   89.  896.   18.   66.
  316.  953.  339.  100.  168.   57.   64. 4134.]
[ 175.   59.  322.   52.   42.  169.   30.   89.  896.   18.   66.  316.
  953.  339.  100.  168.   57.   64. 4134.   99.]
[  59.  322.   52.   42.  169.   30.   89.  896.   18.   66.  316.  953.
  339.  100.  168.   57.   64. 4134.   99.   35.]
[ 322.   52.   42.  169.   30.   89.  896.   18.   66.  316.  953.  339.
  100.  168.   57.   64. 4134.   99.   35.   83.]
[  52.   42.  169.   30.   89.  896.   18.   66.  316.  953.  339.  100.
  168.   57.   64. 4134.   99.   35.   83.  273.]
[  42.  169.   30.   89.  896.   18.   66.  316.  953.  339.  100.  168.
   57.   64. 4134.   99.   35.   83.  273.   46.]
[ 169.   30.   89.  896.   18.   66.  316.  953.  339.  100.  168.   57.
   64. 4134.   99.   35.   83.  273.   46.  100.]
[  30.   89.  896.   18.   66.  316.  953.  339.  100.  168.   57.   64.
 4134.   99.   35.   83.  273.   46.  100.  158.]
[  89.  896.   18.   66.  316.  953.  339.  100.  168.   57.   64. 4134.
   99.   35.   83.  273.   46.  100.  158.   45.]
[ 896.   18.   66.  316.  953.  339.  100.  168.   57.   64. 4134.   99.
   35.   83.  273.   46.  100.  158.   45. 1110.]
[  18.   66.  316.  953.  339.  100.  168.   57.   64. 4134.   99.   35.
   83.  273.   46.  100.  158.   45. 1110.   29.]
[  66.  316.  953.  339.  100.  168.   57.   64. 4134.   99.   35.   83.
  273.   46.  100.  158.   45. 1110.   29. 4510.]
[ 316.  953.  339.  100.  168.   57.   64. 4134.   99.   35.   83.  273.
   46.  100.  158.   45. 1110.   29. 4510.   65.]
[ 953.  339.  100.  168.   57.   64. 4134.   99.   35.   83.  273.   46.
  100.  158.   45. 1110.   29. 4510.   65.   23.]
[ 339.  100.  168.   57.   64. 4134.   99.   35.   83.  273.   46.  100.
  158.   45. 1110.   29. 4510.   65.   23.   20.]
[ 100.  168.   57.   64. 4134.   99.   35.   83.  273.   46.  100.  158.
   45. 1110.   29. 4510.   65.   23.   20. 4360.]
[ 168.   57.   64. 4134.   99.   35.   83.  273.   46.  100.  158.   45.
 1110.   29. 4510.   65.   23.   20. 4360.  147.]
[  57.   64. 4134.   99.   35.   83.  273.   46.  100.  158.   45. 1110.
   29. 4510.   65.   23.   20. 4360.  147. 7341.]
[  64. 4134.   99.   35.   83.  273.   46.  100.  158.   45. 1110.   29.
 4510.   65.   23.   20. 4360.  147. 7341.    8.]
[4134.   99.   35.   83.  273.   46.  100.  158.   45. 1110.   29. 4510.
   65.   23.   20. 4360.  147. 7341.    8.  113.]
[  99.   35.   83.  273.   46.  100.  158.   45. 1110.   29. 4510.   65.
   23.   20. 4360.  147. 7341.    8.  113.  117.]
[  35.   83.  273.   46.  100.  158.   45. 1110.   29. 4510.   65.   23.
   20. 4360.  147. 7341.    8.  113.  117. 1000.]
[  83.  273.   46.  100.  158.   45. 1110.   29. 4510.   65.   23.   20.
 4360.  147. 7341.    8.  113.  117. 1000.   42.]
[ 273.   46.  100.  158.   45. 1110.   29. 4510.   65.   23.   20. 4360.
  147. 7341.    8.  113.  117. 1000.   42.   45.]
[  46.  100.  158.   45. 1110.   29. 4510.   65.   23.   20. 4360.  147.
 7341.    8.  113.  117. 1000.   42.   45.  248.]
[ 100.  158.   45. 1110.   29. 4510.   65.   23.   20. 4360.  147. 7341.
    8.  113.  117. 1000.   42.   45.  248.  105.]
[ 158.   45. 1110.   29. 4510.   65.   23.   20. 4360.  147. 7341.    8.
  113.  117. 1000.   42.   45.  248.  105.  281.]
[  45. 1110.   29. 4510.   65.   23.   20. 4360.  147. 7341.    8.  113.
  117. 1000.   42.   45.  248.  105.  281.   48.]
[1110.   29. 4510.   65.   23.   20. 4360.  147. 7341.    8.  113.  117.
 1000.   42.   45.  248.  105.  281.   48.  250.]
[  29. 4510.   65.   23.   20. 4360.  147. 7341.    8.  113.  117. 1000.
   42.   45.  248.  105.  281.   48.  250.   85.]
[4510.   65.   23.   20. 4360.  147. 7341.    8.  113.  117. 1000.   42.
   45.  248.  105.  281.   48.  250.   85.  168.]
[  65.   23.   20. 4360.  147. 7341.    8.  113.  117. 1000.   42.   45.
  248.  105.  281.   48.  250.   85.  168. 1475.]
[2.300e+01 2.000e+01 4.360e+03 1.470e+02 7.341e+03 8.000e+00 1.130e+02
 1.170e+02 1.000e+03 4.200e+01 4.500e+01 2.480e+02 1.050e+02 2.810e+02
 4.800e+01 2.500e+02 8.500e+01 1.680e+02 1.475e+03 7.000e+00]
[2.000e+01 4.360e+03 1.470e+02 7.341e+03 8.000e+00 1.130e+02 1.170e+02
 1.000e+03 4.200e+01 4.500e+01 2.480e+02 1.050e+02 2.810e+02 4.800e+01
 2.500e+02 8.500e+01 1.680e+02 1.475e+03 7.000e+00 4.600e+01]
[4.360e+03 1.470e+02 7.341e+03 8.000e+00 1.130e+02 1.170e+02 1.000e+03
 4.200e+01 4.500e+01 2.480e+02 1.050e+02 2.810e+02 4.800e+01 2.500e+02
 8.500e+01 1.680e+02 1.475e+03 7.000e+00 4.600e+01 1.320e+02]
[1.470e+02 7.341e+03 8.000e+00 1.130e+02 1.170e+02 1.000e+03 4.200e+01
 4.500e+01 2.480e+02 1.050e+02 2.810e+02 4.800e+01 2.500e+02 8.500e+01
 1.680e+02 1.475e+03 7.000e+00 4.600e+01 1.320e+02 1.470e+02]
[7.341e+03 8.000e+00 1.130e+02 1.170e+02 1.000e+03 4.200e+01 4.500e+01
 2.480e+02 1.050e+02 2.810e+02 4.800e+01 2.500e+02 8.500e+01 1.680e+02
 1.475e+03 7.000e+00 4.600e+01 1.320e+02 1.470e+02 7.100e+01]
[   8.  113.  117. 1000.   42.   45.  248.  105.  281.   48.  250.   85.
  168. 1475.    7.   46.  132.  147.   71.  395.]
[ 113.  117. 1000.   42.   45.  248.  105.  281.   48.  250.   85.  168.
 1475.    7.   46.  132.  147.   71.  395.  226.]
[ 117. 1000.   42.   45.  248.  105.  281.   48.  250.   85.  168. 1475.
    7.   46.  132.  147.   71.  395.  226.   15.]
[1000.   42.   45.  248.  105.  281.   48.  250.   85.  168. 1475.    7.
   46.  132.  147.   71.  395.  226.   15.  803.]
[  42.   45.  248.  105.  281.   48.  250.   85.  168. 1475.    7.   46.
  132.  147.   71.  395.  226.   15.  803.  114.]
[  45.  248.  105.  281.   48.  250.   85.  168. 1475.    7.   46.  132.
  147.   71.  395.  226.   15.  803.  114.   56.]
[ 248.  105.  281.   48.  250.   85.  168. 1475.    7.   46.  132.  147.
   71.  395.  226.   15.  803.  114.   56.   97.]
[ 105.  281.   48.  250.   85.  168. 1475.    7.   46.  132.  147.   71.
  395.  226.   15.  803.  114.   56.   97.  111.]
[ 281.   48.  250.   85.  168. 1475.    7.   46.  132.  147.   71.  395.
  226.   15.  803.  114.   56.   97.  111.  127.]
[  48.  250.   85.  168. 1475.    7.   46.  132.  147.   71.  395.  226.
   15.  803.  114.   56.   97.  111.  127.  100.]
[ 250.   85.  168. 1475.    7.   46.  132.  147.   71.  395.  226.   15.
  803.  114.   56.   97.  111.  127.  100.  476.]
[  85.  168. 1475.    7.   46.  132.  147.   71.  395.  226.   15.  803.
  114.   56.   97.  111.  127.  100.  476.   96.]
[ 168. 1475.    7.   46.  132.  147.   71.  395.  226.   15.  803.  114.
   56.   97.  111.  127.  100.  476.   96.   74.]
[1475.    7.   46.  132.  147.   71.  395.  226.   15.  803.  114.   56.
   97.  111.  127.  100.  476.   96.   74.  259.]
[   7.   46.  132.  147.   71.  395.  226.   15.  803.  114.   56.   97.
  111.  127.  100.  476.   96.   74.  259. 1381.]
[  46.  132.  147.   71.  395.  226.   15.  803.  114.   56.   97.  111.
  127.  100.  476.   96.   74.  259. 1381.  110.]
[ 132.  147.   71.  395.  226.   15.  803.  114.   56.   97.  111.  127.
  100.  476.   96.   74.  259. 1381.  110.   18.]
[ 147.   71.  395.  226.   15.  803.  114.   56.   97.  111.  127.  100.
  476.   96.   74.  259. 1381.  110.   18.  533.]
[  71.  395.  226.   15.  803.  114.   56.   97.  111.  127.  100.  476.
   96.   74.  259. 1381.  110.   18.  533.   32.]
[ 395.  226.   15.  803.  114.   56.   97.  111.  127.  100.  476.   96.
   74.  259. 1381.  110.   18.  533.   32.  112.]
[ 226.   15.  803.  114.   56.   97.  111.  127.  100.  476.   96.   74.
  259. 1381.  110.   18.  533.   32.  112.   82.]
[  15.  803.  114.   56.   97.  111.  127.  100.  476.   96.   74.  259.
 1381.  110.   18.  533.   32.  112.   82.  128.]
[ 803.  114.   56.   97.  111.  127.  100.  476.   96.   74.  259. 1381.
  110.   18.  533.   32.  112.   82.  128.    0.]
[ 114.   56.   97.  111.  127.  100.  476.   96.   74.  259. 1381.  110.
   18.  533.   32.  112.   82.  128.    0.  811.]
[5.600e+01 9.700e+01 1.110e+02 1.270e+02 1.000e+02 4.760e+02 9.600e+01
 7.400e+01 2.590e+02 1.381e+03 1.100e+02 1.800e+01 5.330e+02 3.200e+01
 1.120e+02 8.200e+01 1.280e+02 0.000e+00 8.110e+02 1.000e+00]
[9.700e+01 1.110e+02 1.270e+02 1.000e+02 4.760e+02 9.600e+01 7.400e+01
 2.590e+02 1.381e+03 1.100e+02 1.800e+01 5.330e+02 3.200e+01 1.120e+02
 8.200e+01 1.280e+02 0.000e+00 8.110e+02 1.000e+00 4.800e+01]
[1.110e+02 1.270e+02 1.000e+02 4.760e+02 9.600e+01 7.400e+01 2.590e+02
 1.381e+03 1.100e+02 1.800e+01 5.330e+02 3.200e+01 1.120e+02 8.200e+01
 1.280e+02 0.000e+00 8.110e+02 1.000e+00 4.800e+01 6.700e+01]
[1.270e+02 1.000e+02 4.760e+02 9.600e+01 7.400e+01 2.590e+02 1.381e+03
 1.100e+02 1.800e+01 5.330e+02 3.200e+01 1.120e+02 8.200e+01 1.280e+02
 0.000e+00 8.110e+02 1.000e+00 4.800e+01 6.700e+01 2.280e+02]
[1.000e+02 4.760e+02 9.600e+01 7.400e+01 2.590e+02 1.381e+03 1.100e+02
 1.800e+01 5.330e+02 3.200e+01 1.120e+02 8.200e+01 1.280e+02 0.000e+00
 8.110e+02 1.000e+00 4.800e+01 6.700e+01 2.280e+02 1.120e+02]
[4.760e+02 9.600e+01 7.400e+01 2.590e+02 1.381e+03 1.100e+02 1.800e+01
 5.330e+02 3.200e+01 1.120e+02 8.200e+01 1.280e+02 0.000e+00 8.110e+02
 1.000e+00 4.800e+01 6.700e+01 2.280e+02 1.120e+02 3.400e+01]
[9.600e+01 7.400e+01 2.590e+02 1.381e+03 1.100e+02 1.800e+01 5.330e+02
 3.200e+01 1.120e+02 8.200e+01 1.280e+02 0.000e+00 8.110e+02 1.000e+00
 4.800e+01 6.700e+01 2.280e+02 1.120e+02 3.400e+01 1.641e+03]
[7.400e+01 2.590e+02 1.381e+03 1.100e+02 1.800e+01 5.330e+02 3.200e+01
 1.120e+02 8.200e+01 1.280e+02 0.000e+00 8.110e+02 1.000e+00 4.800e+01
 6.700e+01 2.280e+02 1.120e+02 3.400e+01 1.641e+03 1.270e+02]
[2.590e+02 1.381e+03 1.100e+02 1.800e+01 5.330e+02 3.200e+01 1.120e+02
 8.200e+01 1.280e+02 0.000e+00 8.110e+02 1.000e+00 4.800e+01 6.700e+01
 2.280e+02 1.120e+02 3.400e+01 1.641e+03 1.270e+02 3.450e+02]
[1.381e+03 1.100e+02 1.800e+01 5.330e+02 3.200e+01 1.120e+02 8.200e+01
 1.280e+02 0.000e+00 8.110e+02 1.000e+00 4.800e+01 6.700e+01 2.280e+02
 1.120e+02 3.400e+01 1.641e+03 1.270e+02 3.450e+02 9.260e+02]
[1.100e+02 1.800e+01 5.330e+02 3.200e+01 1.120e+02 8.200e+01 1.280e+02
 0.000e+00 8.110e+02 1.000e+00 4.800e+01 6.700e+01 2.280e+02 1.120e+02
 3.400e+01 1.641e+03 1.270e+02 3.450e+02 9.260e+02 1.290e+02]
[1.800e+01 5.330e+02 3.200e+01 1.120e+02 8.200e+01 1.280e+02 0.000e+00
 8.110e+02 1.000e+00 4.800e+01 6.700e+01 2.280e+02 1.120e+02 3.400e+01
 1.641e+03 1.270e+02 3.450e+02 9.260e+02 1.290e+02 8.000e+00]
[5.330e+02 3.200e+01 1.120e+02 8.200e+01 1.280e+02 0.000e+00 8.110e+02
 1.000e+00 4.800e+01 6.700e+01 2.280e+02 1.120e+02 3.400e+01 1.641e+03
 1.270e+02 3.450e+02 9.260e+02 1.290e+02 8.000e+00 1.030e+02]
[3.200e+01 1.120e+02 8.200e+01 1.280e+02 0.000e+00 8.110e+02 1.000e+00
 4.800e+01 6.700e+01 2.280e+02 1.120e+02 3.400e+01 1.641e+03 1.270e+02
 3.450e+02 9.260e+02 1.290e+02 8.000e+00 1.030e+02 4.800e+01]
[1.120e+02 8.200e+01 1.280e+02 0.000e+00 8.110e+02 1.000e+00 4.800e+01
 6.700e+01 2.280e+02 1.120e+02 3.400e+01 1.641e+03 1.270e+02 3.450e+02
 9.260e+02 1.290e+02 8.000e+00 1.030e+02 4.800e+01 1.600e+02]
[8.200e+01 1.280e+02 0.000e+00 8.110e+02 1.000e+00 4.800e+01 6.700e+01
 2.280e+02 1.120e+02 3.400e+01 1.641e+03 1.270e+02 3.450e+02 9.260e+02
 1.290e+02 8.000e+00 1.030e+02 4.800e+01 1.600e+02 3.500e+01]
[1.280e+02 0.000e+00 8.110e+02 1.000e+00 4.800e+01 6.700e+01 2.280e+02
 1.120e+02 3.400e+01 1.641e+03 1.270e+02 3.450e+02 9.260e+02 1.290e+02
 8.000e+00 1.030e+02 4.800e+01 1.600e+02 3.500e+01 4.200e+01]
[0.000e+00 8.110e+02 1.000e+00 4.800e+01 6.700e+01 2.280e+02 1.120e+02
 3.400e+01 1.641e+03 1.270e+02 3.450e+02 9.260e+02 1.290e+02 8.000e+00
 1.030e+02 4.800e+01 1.600e+02 3.500e+01 4.200e+01 8.700e+01]
[8.110e+02 1.000e+00 4.800e+01 6.700e+01 2.280e+02 1.120e+02 3.400e+01
 1.641e+03 1.270e+02 3.450e+02 9.260e+02 1.290e+02 8.000e+00 1.030e+02
 4.800e+01 1.600e+02 3.500e+01 4.200e+01 8.700e+01 7.000e+01]
[1.000e+00 4.800e+01 6.700e+01 2.280e+02 1.120e+02 3.400e+01 1.641e+03
 1.270e+02 3.450e+02 9.260e+02 1.290e+02 8.000e+00 1.030e+02 4.800e+01
 1.600e+02 3.500e+01 4.200e+01 8.700e+01 7.000e+01 2.900e+01]
[  48.   67.  228.  112.   34. 1641.  127.  345.  926.  129.    8.  103.
   48.  160.   35.   42.   87.   70.   29.  120.]
[  67.  228.  112.   34. 1641.  127.  345.  926.  129.    8.  103.   48.
  160.   35.   42.   87.   70.   29.  120.  984.]
[ 228.  112.   34. 1641.  127.  345.  926.  129.    8.  103.   48.  160.
   35.   42.   87.   70.   29.  120.  984.   80.]
[ 112.   34. 1641.  127.  345.  926.  129.    8.  103.   48.  160.   35.
   42.   87.   70.   29.  120.  984.   80.   49.]
[  34. 1641.  127.  345.  926.  129.    8.  103.   48.  160.   35.   42.
   87.   70.   29.  120.  984.   80.   49.   44.]
[1641.  127.  345.  926.  129.    8.  103.   48.  160.   35.   42.   87.
   70.   29.  120.  984.   80.   49.   44.  104.]
[127. 345. 926. 129.   8. 103.  48. 160.  35.  42.  87.  70.  29. 120.
 984.  80.  49.  44. 104.  83.]
[ 345.  926.  129.    8.  103.   48.  160.   35.   42.   87.   70.   29.
  120.  984.   80.   49.   44.  104.   83. 3368.]
[ 926.  129.    8.  103.   48.  160.   35.   42.   87.   70.   29.  120.
  984.   80.   49.   44.  104.   83. 3368.  109.]
[ 129.    8.  103.   48.  160.   35.   42.   87.   70.   29.  120.  984.
   80.   49.   44.  104.   83. 3368.  109.  279.]
[   8.  103.   48.  160.   35.   42.   87.   70.   29.  120.  984.   80.
   49.   44.  104.   83. 3368.  109.  279.  247.]
[ 103.   48.  160.   35.   42.   87.   70.   29.  120.  984.   80.   49.
   44.  104.   83. 3368.  109.  279.  247.   56.]
[  48.  160.   35.   42.   87.   70.   29.  120.  984.   80.   49.   44.
  104.   83. 3368.  109.  279.  247.   56.  207.]
[ 160.   35.   42.   87.   70.   29.  120.  984.   80.   49.   44.  104.
   83. 3368.  109.  279.  247.   56.  207.  321.]
[  35.   42.   87.   70.   29.  120.  984.   80.   49.   44.  104.   83.
 3368.  109.  279.  247.   56.  207.  321.  200.]
[  42.   87.   70.   29.  120.  984.   80.   49.   44.  104.   83. 3368.
  109.  279.  247.   56.  207.  321.  200.  174.]
[  87.   70.   29.  120.  984.   80.   49.   44.  104.   83. 3368.  109.
  279.  247.   56.  207.  321.  200.  174.   91.]
[  70.   29.  120.  984.   80.   49.   44.  104.   83. 3368.  109.  279.
  247.   56.  207.  321.  200.  174.   91.   45.]
[  29.  120.  984.   80.   49.   44.  104.   83. 3368.  109.  279.  247.
   56.  207.  321.  200.  174.   91.   45.  851.]
[ 120.  984.   80.   49.   44.  104.   83. 3368.  109.  279.  247.   56.
  207.  321.  200.  174.   91.   45.  851.  128.]
[ 984.   80.   49.   44.  104.   83. 3368.  109.  279.  247.   56.  207.
  321.  200.  174.   91.   45.  851.  128.   75.]
[  80.   49.   44.  104.   83. 3368.  109.  279.  247.   56.  207.  321.
  200.  174.   91.   45.  851.  128.   75.  105.]
[  49.   44.  104.   83. 3368.  109.  279.  247.   56.  207.  321.  200.
  174.   91.   45.  851.  128.   75.  105.   88.]
[  44.  104.   83. 3368.  109.  279.  247.   56.  207.  321.  200.  174.
   91.   45.  851.  128.   75.  105.   88. 1575.]
[ 104.   83. 3368.  109.  279.  247.   56.  207.  321.  200.  174.   91.
   45.  851.  128.   75.  105.   88. 1575.   88.]
[  83. 3368.  109.  279.  247.   56.  207.  321.  200.  174.   91.   45.
  851.  128.   75.  105.   88. 1575.   88.  320.]
[3368.  109.  279.  247.   56.  207.  321.  200.  174.   91.   45.  851.
  128.   75.  105.   88. 1575.   88.  320.  284.]
[ 109.  279.  247.   56.  207.  321.  200.  174.   91.   45.  851.  128.
   75.  105.   88. 1575.   88.  320.  284.   56.]
[ 279.  247.   56.  207.  321.  200.  174.   91.   45.  851.  128.   75.
  105.   88. 1575.   88.  320.  284.   56.   40.]
[ 247.   56.  207.  321.  200.  174.   91.   45.  851.  128.   75.  105.
   88. 1575.   88.  320.  284.   56.   40.  118.]
[  56.  207.  321.  200.  174.   91.   45.  851.  128.   75.  105.   88.
 1575.   88.  320.  284.   56.   40.  118.  185.]
[ 207.  321.  200.  174.   91.   45.  851.  128.   75.  105.   88. 1575.
   88.  320.  284.   56.   40.  118.  185.   23.]
