472.72,953.79034,36.375492
70.94997,486.2421,156.96913
183.59901,124.29991,210.28946
581.5322,191.97626,118.91497
67.292244,71.55421,907.0004
795.809,647.72504,1028.0657
520.4114,127.45207,4655.926
165.99547,1190.6184,615.632
18.483322,95.43836,722.064
42.412434,740.08014,120.27093
2997.1462,10.871746,340.50192
388.25232,2023.5743,137.65807
640.68854,314.69168,108.64298
1417.231,624.0768,214.6408
119.547035,63.697235,2324.2605
85.25746,59.5393,331.5689
1109.3032,319.1474,409.07312
55.18734,2029.1893,400.51337
259.31708,508.86108,3188.344
13.086265,713.7444,514.0873
2952.444,107.097275,353.97357
1825.6066,1775.5234,30.588257
106.27772,927.38153,155.36949
850.30927,129.21024,58.289165
49.0245,3588.322,2011.5135
228.44878,69.818054,6100.7437
718.40027,1254.5991,350.20526
1335.7362,56.82493,466.48517
239.63167,4648.532,1713.4155
480.3112,2842.0972,491.81625
197.57478,127.698456,99.92704
183.11235,450.50565,333.2816
422.9242,287.0344,329.39337
32.990406,470.94568,6120.1504
784.5821,4866.9487,364.45538
4603.1143,427.5628,63.152107
120.94157,106.97289,71.37117
75.81191,1243.6464,547.74426
123.63231,106.950745,39.63645
97.304596,115.68705,317.28354
1040.4755,350.24347,38.45666
136.3698,243.49841,397.4324
394.27695,56.03162,203.16312
510.88113,212.6205,874.1159
154.50873,1466.5549,464.69614
52.629948,69.4161,117.78539
361.72092,438.0614,200.8525
197.49725,109.022285,492.79465
548.1847,1595.8071,44.06274
901.8166,64.11412,515.10864
276.9463,79.71957,176.51923
1879.7529,237.40364,5032.127
225.0033,91.38876,3890.0295
292.45798,6483.646,201.42676
645.1621,190.99103,305.11298
42.9277,477.0309,1095.2146
560.39264,88.540245,150.10051
1554.3904,689.10455,136.97725
220.84615,330.35962,357.30225
743.06024,1093.199,440.4673
5884.6475,109.685745,48.84557
13.813664,6883.668,2302.4463
522.92163,2292.9219,244.46667
266.25055,82.50265,57.62294
48.297344,141.74712,189.7808
45.261555,898.7323,2418.6572
585.9068,1846.8632,71.316895
822.25195,59.949257,259.63046
512.8215,168.26729,1709.457
149.76178,2722.4785,375.82336
928.60034,232.1112,795.4437
65.624725,30.599552,444.85257
3224.0396,186.65427,166.9989
329.36984,1061.8081,1339.6588
70.611374,148.75473,2224.9307
2559.8743,4516.8877,264.34448
3712.164,150.23491,48.397224
18.980677,503.65482,1565.246
2185.448,193.03539,2774.9683
4950.477,1530.9717,128.18275
1889.193,1421.1117,155.44456
230.10591,8.929465,306.16626
787.5517,72.945045,429.46094
719.5724,141.13554,47.538136
67.88661,45.06078,110.50543
150.67726,140.82547,347.35742
171.03593,180.0376,335.7922
84.59029,118.53882,413.74512
376.94687,2546.3503,1779.2714
1104.1921,3304.9312,56.90795
5629.029,580.576,381.0469
106.66705,405.69144,489.91336
132.39223,546.8797,82.83645
278.35397,1105.2479,660.03503
1101.2979,651.94025,804.2198
143.39009,99.37073,412.91837
38.427807,50.21645,201.46587
1187.9729,229.87415,1418.6989
285.5005,170.00822,1638.5837
698.8015,367.5301,200.2484
1346.2975,156.15561,567.1985
2269.4956,295.8484,283.69775
48.10171,136.86424,114.88202
454.16534,510.82455,31.242783
190.19006,58.02926,1598.3276
34.123257,792.45337,72.122986
1948.1526,765.87054,412.0614
116.42178,499.74408,108.47951
2453.9326,113.41739,2974.843
800.872,1078.5688,556.3256
68.07834,3593.4565,110.6584
496.5295,2564.4417,852.97644
136.44197,149.21999,89.711006
453.30972,131.38864,4079.5527
49.051365,1042.0916,67.30919
66.261635,291.52032,262.37897
140.55609,320.99576,210.58076
309.4549,242.1753,1344.2499
276.67905,464.38358,1788.387
522.91077,326.99396,267.304
696.3709,572.94977,374.44046
346.09198,246.95184,1513.5463
3254.8052,383.7793,289.59537
136.3564,41.89445,485.39194
137.93379,336.14038,52.88097
487.585,887.6556,363.09576
758.0358,114.8183,147.55571
204.13618,1935.9331,533.73755
23.487358,1083.8265,506.9561
1104.3865,78.23135,846.9334
310.58228,2645.5842,247.98547
697.3753,89.676056,663.68176
125.9142,70.30166,68.37687
1742.3573,1498.904,130.1011
1788.6936,125.89081,301.55432
718.69836,333.31888,144.70944
16.915558,441.57938,580.8168
213.95284,159.58282,1801.0336
725.93274,184.46413,2247.9163
95.40279,1396.9352,84.6845
67.952965,519.02527,244.48152
343.28574,4864.269,253.85255
54.94372,162.81688,301.6336
640.1458,352.31403,750.6438
269.13354,908.86865,109.940414
64.49956,936.4413,5211.6016
69.21443,1571.463,30.773903
2106.8508,520.5563,252.42775
519.85803,261.90582,69.06113
182.11292,166.81664,157.90024
44.604904,2400.9438,187.16714
678.7295,1048.6478,249.59941
303.90723,91.47541,384.70618
2596.0076,159.7117,534.24066
26.01564,367.61823,269.43784
34.1401,185.63844,300.25275
64.19934,174.91109,57.830948
123.76533,209.86443,354.38364
72.9084,150.76855,460.9515
429.5348,316.36725,173.50433
82.54741,92.65361,91.70284
73.73188,506.09946,66.074715
327.98553,126.84989,110.04664
931.6034,635.2727,1030.2059
2058.5405,2265.675,51.893147
320.96048,151.10779,309.47983
81.77271,118.26838,891.17444
185.24242,2624.781,5614.351
102.49067,504.8185,113.81316
1608.1135,145.63629,227.26003
453.14178,66.47633,2344.9775
919.4567,154.4139,837.4032
472.22192,294.3555,121.856674
788.48883,131.0808,780.69257
313.19427,562.77026,277.0527
184.60367,406.07364,393.13995
169.08249,52.65265,530.00806
83.962,1009.30365,618.5876
616.1445,737.0556,152.30031
1045.0468,281.76736,87.641106
1285.5732,576.8061,110.081856
145.41722,436.72473,88.89885
446.72214,2582.1726,227.85654
173.57997,149.78687,96.30313
1035.0731,113.71452,1194.2891
176.46751,1225.7151,36.885723
2048.2566,147.9555,487.40155
485.98007,15.105121,112.191025
48.073265,1469.4481,195.09497
1779.5695,1073.7705,145.3785
1260.315,136.26228,48.593235
337.60294,318.329,135.82083
158.5717,341.34207,684.56226
68.31747,1310.1982,41.053032
397.7178,3055.6985,1589.4791
212.9984,89.76014,88.68266
133.29424,1031.5845,235.55382
142.36494,101.82525,137.22107
212.60158,195.00108,148.34764
538.36707,587.4195,280.3425
106.578476,258.43713,60.17229
827.0163,83.26603,362.8784
180.55656,65.642426,235.74783
1029.9943,2473.8013,506.35773
169.61104,135.43172,389.47604
502.35092,66.6569,259.91858
412.79108,166.75911,3786.0928
77.6885,32.81879,289.8155
2889.3462,132.18929,2364.4065
123.52533,413.185,207.61674
179.0782,302.53622,35.835186
505.83676,91.31752,254.1467
171.35217,260.40836,178.00795
3415.645,47.67524,267.6495
482.18494,320.80438,268.10712
270.81378,1755.151,104.876724
436.45395,176.76494,1226.2583
44.035007,129.4731,44.9457
169.63568,60.679752,61.254135
190.41432,1038.475,286.27258
1223.1794,557.9208,2757.7444
149.7874,2907.5005,1871.2179
3220.8442,2330.8218,826.27936
1234.2612,1172.934,245.14067
105.74452,107.83785,2312.2495
675.30096,2289.8433,170.45903
2593.567,51.98251,730.9867
149.40233,720.16437,81.02038
265.57837,97.05613,196.95274
199.35571,137.56009,80.44893
736.10333,963.36255,707.90857
76.620766,335.50504,198.18922
756.19385,93.07072,2187.271
1294.7562,414.52866,330.11823
177.54984,45.390152,711.5267
186.10744,277.01144,270.88855
108.546135,1062.1237,47.392433
1557.9886,189.05438,666.9821
537.4711,798.68713,275.4325
422.11127,6049.624,659.88367
119.645004,127.05592,968.1247
72.72703,565.38104,876.1401
416.86,164.183,1151.1993
237.69273,70.864525,96.77896
2140.881,417.10522,807.9319
443.27475,67.494995,379.0514
12.750873,1471.5388,302.1408
3228.9578,318.11966,236.04991
111.140396,75.90881,57.83893
100.348206,220.1906,881.3472
1293.0847,1494.8774,63.8133
32.609867,392.41675,863.5258
585.6634,268.57205,731.3135
959.49854,57.452465,265.55273
628.59033,737.386,555.8289
278.37485,248.79892,41.098362
240.46739,934.5056,123.69005
1253.9711,274.67612,211.35503
800.0785,390.6618,156.68199
1153.8324,119.15367,174.49052
338.96307,367.8449,127.1452
585.81805,273.50497,1888.251
460.14566,209.71072,356.11563
415.77176,369.6811,466.2774
386.60925,470.12128,66.0802
125.65466,80.24929,156.46976
71.77015,188.97864,355.63068
157.61763,146.48181,537.7579
340.4345,54.13408,12.8426485
