[1688.  371.  147.  197.  489.  148.  531.  345.  389. 1601.]
[ 371.  147.  197.  489.  148.  531.  345.  389. 1601.    7.]
[ 147.  197.  489.  148.  531.  345.  389. 1601.    7.  154.]
[ 197.  489.  148.  531.  345.  389. 1601.    7.  154.  229.]
[ 489.  148.  531.  345.  389. 1601.    7.  154.  229.   72.]
[ 148.  531.  345.  389. 1601.    7.  154.  229.   72. 1539.]
[ 531.  345.  389. 1601.    7.  154.  229.   72. 1539.  298.]
[ 345.  389. 1601.    7.  154.  229.   72. 1539.  298.  158.]
[ 389. 1601.    7.  154.  229.   72. 1539.  298.  158.  122.]
[1601.    7.  154.  229.   72. 1539.  298.  158.  122.  413.]
[   7.  154.  229.   72. 1539.  298.  158.  122.  413.  471.]
[ 154.  229.   72. 1539.  298.  158.  122.  413.  471.  662.]
[ 229.   72. 1539.  298.  158.  122.  413.  471.  662.  124.]
[  72. 1539.  298.  158.  122.  413.  471.  662.  124. 1704.]
[1539.  298.  158.  122.  413.  471.  662.  124. 1704. 1586.]
[ 298.  158.  122.  413.  471.  662.  124. 1704. 1586. 1332.]
[ 158.  122.  413.  471.  662.  124. 1704. 1586. 1332. 3849.]
[ 122.  413.  471.  662.  124. 1704. 1586. 1332. 3849.   86.]
[ 413.  471.  662.  124. 1704. 1586. 1332. 3849.   86.  968.]
[ 471.  662.  124. 1704. 1586. 1332. 3849.   86.  968.   92.]
[ 662.  124. 1704. 1586. 1332. 3849.   86.  968.   92.  684.]
[ 124. 1704. 1586. 1332. 3849.   86.  968.   92.  684.  624.]
[1704. 1586. 1332. 3849.   86.  968.   92.  684.  624. 2718.]
[1586. 1332. 3849.   86.  968.   92.  684.  624. 2718.   21.]
[1332. 3849.   86.  968.   92.  684.  624. 2718.   21.  697.]
[3849.   86.  968.   92.  684.  624. 2718.   21.  697.   29.]
[  86.  968.   92.  684.  624. 2718.   21.  697.   29.  261.]
[ 968.   92.  684.  624. 2718.   21.  697.   29.  261. 2127.]
[  92.  684.  624. 2718.   21.  697.   29.  261. 2127.  665.]
[ 684.  624. 2718.   21.  697.   29.  261. 2127.  665.   41.]
[ 624. 2718.   21.  697.   29.  261. 2127.  665.   41.  142.]
[2718.   21.  697.   29.  261. 2127.  665.   41.  142.  548.]
[  21.  697.   29.  261. 2127.  665.   41.  142.  548.   47.]
[ 697.   29.  261. 2127.  665.   41.  142.  548.   47.    8.]
[  29.  261. 2127.  665.   41.  142.  548.   47.    8.   72.]
[ 261. 2127.  665.   41.  142.  548.   47.    8.   72. 2941.]
[2127.  665.   41.  142.  548.   47.    8.   72. 2941.  368.]
[ 665.   41.  142.  548.   47.    8.   72. 2941.  368.   77.]
[  41.  142.  548.   47.    8.   72. 2941.  368.   77.   15.]
[ 142.  548.   47.    8.   72. 2941.  368.   77.   15.  283.]
[ 548.   47.    8.   72. 2941.  368.   77.   15.  283.  868.]
[  47.    8.   72. 2941.  368.   77.   15.  283.  868. 1409.]
[   8.   72. 2941.  368.   77.   15.  283.  868. 1409.  727.]
[  72. 2941.  368.   77.   15.  283.  868. 1409.  727.  188.]
[2941.  368.   77.   15.  283.  868. 1409.  727.  188. 2468.]
[ 368.   77.   15.  283.  868. 1409.  727.  188. 2468.  501.]
[  77.   15.  283.  868. 1409.  727.  188. 2468.  501.  680.]
[  15.  283.  868. 1409.  727.  188. 2468.  501.  680.  847.]
[ 283.  868. 1409.  727.  188. 2468.  501.  680.  847.  274.]
[ 868. 1409.  727.  188. 2468.  501.  680.  847.  274.  318.]
[1409.  727.  188. 2468.  501.  680.  847.  274.  318.  422.]
[ 727.  188. 2468.  501.  680.  847.  274.  318.  422.  800.]
[ 188. 2468.  501.  680.  847.  274.  318.  422.  800.  416.]
[2468.  501.  680.  847.  274.  318.  422.  800.  416.   73.]
[501. 680. 847. 274. 318. 422. 800. 416.  73.  62.]
[680. 847. 274. 318. 422. 800. 416.  73.  62. 171.]
[847. 274. 318. 422. 800. 416.  73.  62. 171. 450.]
[274. 318. 422. 800. 416.  73.  62. 171. 450. 127.]
[318. 422. 800. 416.  73.  62. 171. 450. 127. 135.]
[422. 800. 416.  73.  62. 171. 450. 127. 135. 179.]
[800. 416.  73.  62. 171. 450. 127. 135. 179. 361.]
[416.  73.  62. 171. 450. 127. 135. 179. 361. 952.]
[  73.   62.  171.  450.  127.  135.  179.  361.  952. 1295.]
[  62.  171.  450.  127.  135.  179.  361.  952. 1295.  148.]
[ 171.  450.  127.  135.  179.  361.  952. 1295.  148. 2175.]
[ 450.  127.  135.  179.  361.  952. 1295.  148. 2175.  505.]
[ 127.  135.  179.  361.  952. 1295.  148. 2175.  505.  107.]
[ 135.  179.  361.  952. 1295.  148. 2175.  505.  107.  212.]
[ 179.  361.  952. 1295.  148. 2175.  505.  107.  212.  753.]
[ 361.  952. 1295.  148. 2175.  505.  107.  212.  753.  550.]
[ 952. 1295.  148. 2175.  505.  107.  212.  753.  550. 1578.]
[1295.  148. 2175.  505.  107.  212.  753.  550. 1578.  860.]
[ 148. 2175.  505.  107.  212.  753.  550. 1578.  860.  526.]
[2175.  505.  107.  212.  753.  550. 1578.  860.  526. 1026.]
[ 505.  107.  212.  753.  550. 1578.  860.  526. 1026.  772.]
[ 107.  212.  753.  550. 1578.  860.  526. 1026.  772. 1077.]
[ 212.  753.  550. 1578.  860.  526. 1026.  772. 1077.  284.]
[ 753.  550. 1578.  860.  526. 1026.  772. 1077.  284.  110.]
[ 550. 1578.  860.  526. 1026.  772. 1077.  284.  110.  771.]
[1578.  860.  526. 1026.  772. 1077.  284.  110.  771.  228.]
[ 860.  526. 1026.  772. 1077.  284.  110.  771.  228. 1494.]
[ 526. 1026.  772. 1077.  284.  110.  771.  228. 1494.  926.]
[1026.  772. 1077.  284.  110.  771.  228. 1494.  926. 1279.]
[ 772. 1077.  284.  110.  771.  228. 1494.  926. 1279.  539.]
[1077.  284.  110.  771.  228. 1494.  926. 1279.  539.   63.]
[ 284.  110.  771.  228. 1494.  926. 1279.  539.   63.  849.]
[ 110.  771.  228. 1494.  926. 1279.  539.   63.  849.  431.]
[ 771.  228. 1494.  926. 1279.  539.   63.  849.  431.  144.]
[ 228. 1494.  926. 1279.  539.   63.  849.  431.  144.   91.]
[1494.  926. 1279.  539.   63.  849.  431.  144.   91.  361.]
[ 926. 1279.  539.   63.  849.  431.  144.   91.  361.  180.]
[1279.  539.   63.  849.  431.  144.   91.  361.  180.   97.]
[539.  63. 849. 431. 144.  91. 361. 180.  97.  60.]
[ 63. 849. 431. 144.  91. 361. 180.  97.  60. 144.]
[849. 431. 144.  91. 361. 180.  97.  60. 144.  74.]
[431. 144.  91. 361. 180.  97.  60. 144.  74. 603.]
[144.  91. 361. 180.  97.  60. 144.  74. 603. 100.]
[ 91. 361. 180.  97.  60. 144.  74. 603. 100. 154.]
[ 361.  180.   97.   60.  144.   74.  603.  100.  154. 1217.]
[ 180.   97.   60.  144.   74.  603.  100.  154. 1217. 1215.]
[  97.   60.  144.   74.  603.  100.  154. 1217. 1215.  799.]
[  60.  144.   74.  603.  100.  154. 1217. 1215.  799.   58.]
[ 144.   74.  603.  100.  154. 1217. 1215.  799.   58. 2171.]
[  74.  603.  100.  154. 1217. 1215.  799.   58. 2171.  516.]
[ 603.  100.  154. 1217. 1215.  799.   58. 2171.  516. 2708.]
[ 100.  154. 1217. 1215.  799.   58. 2171.  516. 2708. 2054.]
[ 154. 1217. 1215.  799.   58. 2171.  516. 2708. 2054. 1151.]
[1217. 1215.  799.   58. 2171.  516. 2708. 2054. 1151.  680.]
[1215.  799.   58. 2171.  516. 2708. 2054. 1151.  680.  288.]
[ 799.   58. 2171.  516. 2708. 2054. 1151.  680.  288.  440.]
[  58. 2171.  516. 2708. 2054. 1151.  680.  288.  440.  792.]
[2171.  516. 2708. 2054. 1151.  680.  288.  440.  792.  562.]
[ 516. 2708. 2054. 1151.  680.  288.  440.  792.  562. 3904.]
[2708. 2054. 1151.  680.  288.  440.  792.  562. 3904.  120.]
[2054. 1151.  680.  288.  440.  792.  562. 3904.  120.   79.]
[1151.  680.  288.  440.  792.  562. 3904.  120.   79. 3666.]
[ 680.  288.  440.  792.  562. 3904.  120.   79. 3666.  445.]
[ 288.  440.  792.  562. 3904.  120.   79. 3666.  445.   50.]
[ 440.  792.  562. 3904.  120.   79. 3666.  445.   50.  286.]
[ 792.  562. 3904.  120.   79. 3666.  445.   50.  286. 1360.]
[ 562. 3904.  120.   79. 3666.  445.   50.  286. 1360.  278.]
[3904.  120.   79. 3666.  445.   50.  286. 1360.  278.   35.]
[ 120.   79. 3666.  445.   50.  286. 1360.  278.   35. 1228.]
[  79. 3666.  445.   50.  286. 1360.  278.   35. 1228.  116.]
[3666.  445.   50.  286. 1360.  278.   35. 1228.  116. 1430.]
[ 445.   50.  286. 1360.  278.   35. 1228.  116. 1430.  902.]
[  50.  286. 1360.  278.   35. 1228.  116. 1430.  902.  527.]
[ 286. 1360.  278.   35. 1228.  116. 1430.  902.  527.  128.]
[1360.  278.   35. 1228.  116. 1430.  902.  527.  128.  839.]
[ 278.   35. 1228.  116. 1430.  902.  527.  128.  839.  124.]
[  35. 1228.  116. 1430.  902.  527.  128.  839.  124.  111.]
[1228.  116. 1430.  902.  527.  128.  839.  124.  111. 1037.]
[ 116. 1430.  902.  527.  128.  839.  124.  111. 1037. 1753.]
[1430.  902.  527.  128.  839.  124.  111. 1037. 1753. 1044.]
[ 902.  527.  128.  839.  124.  111. 1037. 1753. 1044. 2089.]
[ 527.  128.  839.  124.  111. 1037. 1753. 1044. 2089.  525.]
[ 128.  839.  124.  111. 1037. 1753. 1044. 2089.  525.  949.]
[ 839.  124.  111. 1037. 1753. 1044. 2089.  525.  949.  610.]
[ 124.  111. 1037. 1753. 1044. 2089.  525.  949.  610.  115.]
[ 111. 1037. 1753. 1044. 2089.  525.  949.  610.  115.  580.]
[1037. 1753. 1044. 2089.  525.  949.  610.  115.  580. 1651.]
[1753. 1044. 2089.  525.  949.  610.  115.  580. 1651.  192.]
[1044. 2089.  525.  949.  610.  115.  580. 1651.  192.  500.]
[2089.  525.  949.  610.  115.  580. 1651.  192.  500.  108.]
[ 525.  949.  610.  115.  580. 1651.  192.  500.  108.  888.]
[ 949.  610.  115.  580. 1651.  192.  500.  108.  888.   78.]
[ 610.  115.  580. 1651.  192.  500.  108.  888.   78.   21.]
[ 115.  580. 1651.  192.  500.  108.  888.   78.   21.  837.]
[ 580. 1651.  192.  500.  108.  888.   78.   21.  837.  476.]
[1651.  192.  500.  108.  888.   78.   21.  837.  476.  374.]
[ 192.  500.  108.  888.   78.   21.  837.  476.  374. 1742.]
[ 500.  108.  888.   78.   21.  837.  476.  374. 1742.  589.]
[ 108.  888.   78.   21.  837.  476.  374. 1742.  589.   10.]
[ 888.   78.   21.  837.  476.  374. 1742.  589.   10.  116.]
[  78.   21.  837.  476.  374. 1742.  589.   10.  116.   72.]
[  21.  837.  476.  374. 1742.  589.   10.  116.   72. 1342.]
[ 837.  476.  374. 1742.  589.   10.  116.   72. 1342.   87.]
[ 476.  374. 1742.  589.   10.  116.   72. 1342.   87.   42.]
[ 374. 1742.  589.   10.  116.   72. 1342.   87.   42. 1173.]
[1742.  589.   10.  116.   72. 1342.   87.   42. 1173.  246.]
[ 589.   10.  116.   72. 1342.   87.   42. 1173.  246.  110.]
[  10.  116.   72. 1342.   87.   42. 1173.  246.  110. 1230.]
[ 116.   72. 1342.   87.   42. 1173.  246.  110. 1230.  893.]
[  72. 1342.   87.   42. 1173.  246.  110. 1230.  893.  833.]
[1342.   87.   42. 1173.  246.  110. 1230.  893.  833.  154.]
[  87.   42. 1173.  246.  110. 1230.  893.  833.  154.  264.]
[  42. 1173.  246.  110. 1230.  893.  833.  154.  264.  386.]
[1173.  246.  110. 1230.  893.  833.  154.  264.  386. 3666.]
[ 246.  110. 1230.  893.  833.  154.  264.  386. 3666. 2714.]
[ 110. 1230.  893.  833.  154.  264.  386. 3666. 2714. 1910.]
[1230.  893.  833.  154.  264.  386. 3666. 2714. 1910.  115.]
[ 893.  833.  154.  264.  386. 3666. 2714. 1910.  115.  177.]
[ 833.  154.  264.  386. 3666. 2714. 1910.  115.  177.   55.]
[ 154.  264.  386. 3666. 2714. 1910.  115.  177.   55.   59.]
[ 264.  386. 3666. 2714. 1910.  115.  177.   55.   59.  259.]
[ 386. 3666. 2714. 1910.  115.  177.   55.   59.  259.   82.]
[3666. 2714. 1910.  115.  177.   55.   59.  259.   82.   76.]
[2714. 1910.  115.  177.   55.   59.  259.   82.   76.   55.]
[1910.  115.  177.   55.   59.  259.   82.   76.   55.  179.]
[115. 177.  55.  59. 259.  82.  76.  55. 179. 404.]
[ 177.   55.   59.  259.   82.   76.   55.  179.  404. 1117.]
[  55.   59.  259.   82.   76.   55.  179.  404. 1117.  150.]
[  59.  259.   82.   76.   55.  179.  404. 1117.  150. 1331.]
[ 259.   82.   76.   55.  179.  404. 1117.  150. 1331.  868.]
[  82.   76.   55.  179.  404. 1117.  150. 1331.  868.   24.]
[  76.   55.  179.  404. 1117.  150. 1331.  868.   24. 3027.]
[  55.  179.  404. 1117.  150. 1331.  868.   24. 3027.  135.]
[ 179.  404. 1117.  150. 1331.  868.   24. 3027.  135.   29.]
[ 404. 1117.  150. 1331.  868.   24. 3027.  135.   29.  483.]
[1117.  150. 1331.  868.   24. 3027.  135.   29.  483. 1830.]
[ 150. 1331.  868.   24. 3027.  135.   29.  483. 1830.  545.]
[1331.  868.   24. 3027.  135.   29.  483. 1830.  545.   41.]
[ 868.   24. 3027.  135.   29.  483. 1830.  545.   41. 1026.]
[  24. 3027.  135.   29.  483. 1830.  545.   41. 1026.   85.]
[3027.  135.   29.  483. 1830.  545.   41. 1026.   85.   31.]
[ 135.   29.  483. 1830.  545.   41. 1026.   85.   31. 2409.]
[  29.  483. 1830.  545.   41. 1026.   85.   31. 2409.   60.]
[ 483. 1830.  545.   41. 1026.   85.   31. 2409.   60.  946.]
[1830.  545.   41. 1026.   85.   31. 2409.   60.  946.   66.]
[ 545.   41. 1026.   85.   31. 2409.   60.  946.   66.  850.]
[  41. 1026.   85.   31. 2409.   60.  946.   66.  850.  461.]
[1026.   85.   31. 2409.   60.  946.   66.  850.  461.   64.]
[  85.   31. 2409.   60.  946.   66.  850.  461.   64.   61.]
[  31. 2409.   60.  946.   66.  850.  461.   64.   61. 1963.]
[2409.   60.  946.   66.  850.  461.   64.   61. 1963. 1467.]
[  60.  946.   66.  850.  461.   64.   61. 1963. 1467. 1595.]
[ 946.   66.  850.  461.   64.   61. 1963. 1467. 1595.   85.]
[  66.  850.  461.   64.   61. 1963. 1467. 1595.   85.  114.]
[ 850.  461.   64.   61. 1963. 1467. 1595.   85.  114. 1937.]
[ 461.   64.   61. 1963. 1467. 1595.   85.  114. 1937.  408.]
[  64.   61. 1963. 1467. 1595.   85.  114. 1937.  408.  329.]
[  61. 1963. 1467. 1595.   85.  114. 1937.  408.  329.  637.]
[1963. 1467. 1595.   85.  114. 1937.  408.  329.  637. 1308.]
[1467. 1595.   85.  114. 1937.  408.  329.  637. 1308.  131.]
[1595.   85.  114. 1937.  408.  329.  637. 1308.  131.  564.]
[  85.  114. 1937.  408.  329.  637. 1308.  131.  564.   47.]
[ 114. 1937.  408.  329.  637. 1308.  131.  564.   47.   96.]
[1937.  408.  329.  637. 1308.  131.  564.   47.   96.   54.]
[ 408.  329.  637. 1308.  131.  564.   47.   96.   54. 1135.]
[ 329.  637. 1308.  131.  564.   47.   96.   54. 1135. 1601.]
[ 637. 1308.  131.  564.   47.   96.   54. 1135. 1601. 1104.]
[1308.  131.  564.   47.   96.   54. 1135. 1601. 1104.  813.]
[ 131.  564.   47.   96.   54. 1135. 1601. 1104.  813.  138.]
[ 564.   47.   96.   54. 1135. 1601. 1104.  813.  138.   65.]
[  47.   96.   54. 1135. 1601. 1104.  813.  138.   65. 1651.]
[  96.   54. 1135. 1601. 1104.  813.  138.   65. 1651.   97.]
[  54. 1135. 1601. 1104.  813.  138.   65. 1651.   97.  179.]
[1135. 1601. 1104.  813.  138.   65. 1651.   97.  179. 1206.]
[1601. 1104.  813.  138.   65. 1651.   97.  179. 1206.  540.]
[1104.  813.  138.   65. 1651.   97.  179. 1206.  540.  423.]
[ 813.  138.   65. 1651.   97.  179. 1206.  540.  423. 1022.]
[ 138.   65. 1651.   97.  179. 1206.  540.  423. 1022.  378.]
[  65. 1651.   97.  179. 1206.  540.  423. 1022.  378.  667.]
[1651.   97.  179. 1206.  540.  423. 1022.  378.  667.   34.]
[  97.  179. 1206.  540.  423. 1022.  378.  667.   34.  156.]
[ 179. 1206.  540.  423. 1022.  378.  667.   34.  156.  395.]
[1206.  540.  423. 1022.  378.  667.   34.  156.  395. 1141.]
[ 540.  423. 1022.  378.  667.   34.  156.  395. 1141.  324.]
[ 423. 1022.  378.  667.   34.  156.  395. 1141.  324. 2862.]
[1022.  378.  667.   34.  156.  395. 1141.  324. 2862.  299.]
[ 378.  667.   34.  156.  395. 1141.  324. 2862.  299. 1014.]
[ 667.   34.  156.  395. 1141.  324. 2862.  299. 1014. 1434.]
[  34.  156.  395. 1141.  324. 2862.  299. 1014. 1434.   75.]
[ 156.  395. 1141.  324. 2862.  299. 1014. 1434.   75.   31.]
[ 395. 1141.  324. 2862.  299. 1014. 1434.   75.   31.  171.]
[1141.  324. 2862.  299. 1014. 1434.   75.   31.  171.  916.]
[ 324. 2862.  299. 1014. 1434.   75.   31.  171.  916.  338.]
[2862.  299. 1014. 1434.   75.   31.  171.  916.  338. 1551.]
[ 299. 1014. 1434.   75.   31.  171.  916.  338. 1551.  404.]
[1014. 1434.   75.   31.  171.  916.  338. 1551.  404. 1667.]
[1434.   75.   31.  171.  916.  338. 1551.  404. 1667.  195.]
[  75.   31.  171.  916.  338. 1551.  404. 1667.  195. 1406.]
[  31.  171.  916.  338. 1551.  404. 1667.  195. 1406.  966.]
[ 171.  916.  338. 1551.  404. 1667.  195. 1406.  966. 1213.]
[ 916.  338. 1551.  404. 1667.  195. 1406.  966. 1213.  338.]
[ 338. 1551.  404. 1667.  195. 1406.  966. 1213.  338.  122.]
[1551.  404. 1667.  195. 1406.  966. 1213.  338.  122. 1129.]
[ 404. 1667.  195. 1406.  966. 1213.  338.  122. 1129. 1901.]
[1667.  195. 1406.  966. 1213.  338.  122. 1129. 1901.  639.]
[ 195. 1406.  966. 1213.  338.  122. 1129. 1901.  639.  589.]
[1406.  966. 1213.  338.  122. 1129. 1901.  639.  589.  401.]
[ 966. 1213.  338.  122. 1129. 1901.  639.  589.  401.   64.]
[1213.  338.  122. 1129. 1901.  639.  589.  401.   64.  955.]
[ 338.  122. 1129. 1901.  639.  589.  401.   64.  955.  642.]
[ 122. 1129. 1901.  639.  589.  401.   64.  955.  642.  150.]
[1129. 1901.  639.  589.  401.   64.  955.  642.  150.    8.]
[1901.  639.  589.  401.   64.  955.  642.  150.    8.  235.]
[ 639.  589.  401.   64.  955.  642.  150.    8.  235. 2148.]
[ 589.  401.   64.  955.  642.  150.    8.  235. 2148.   85.]
[ 401.   64.  955.  642.  150.    8.  235. 2148.   85.  285.]
[  64.  955.  642.  150.    8.  235. 2148.   85.  285.  703.]
[ 955.  642.  150.    8.  235. 2148.   85.  285.  703.  767.]
[ 642.  150.    8.  235. 2148.   85.  285.  703.  767.  427.]
[ 150.    8.  235. 2148.   85.  285.  703.  767.  427.   99.]
[   8.  235. 2148.   85.  285.  703.  767.  427.   99.  724.]
[ 235. 2148.   85.  285.  703.  767.  427.   99.  724.   39.]
[2148.   85.  285.  703.  767.  427.   99.  724.   39.  145.]
[ 85. 285. 703. 767. 427.  99. 724.  39. 145. 131.]
[285. 703. 767. 427.  99. 724.  39. 145. 131. 429.]
[ 703.  767.  427.   99.  724.   39.  145.  131.  429. 1781.]
[ 767.  427.   99.  724.   39.  145.  131.  429. 1781.  180.]
[ 427.   99.  724.   39.  145.  131.  429. 1781.  180. 1361.]
[  99.  724.   39.  145.  131.  429. 1781.  180. 1361.  278.]
[ 724.   39.  145.  131.  429. 1781.  180. 1361.  278.  392.]
[  39.  145.  131.  429. 1781.  180. 1361.  278.  392.  454.]
[ 145.  131.  429. 1781.  180. 1361.  278.  392.  454. 2012.]
[ 131.  429. 1781.  180. 1361.  278.  392.  454. 2012.  431.]
[ 429. 1781.  180. 1361.  278.  392.  454. 2012.  431.  169.]
[1781.  180. 1361.  278.  392.  454. 2012.  431.  169.  756.]
[ 180. 1361.  278.  392.  454. 2012.  431.  169.  756.   62.]
[1361.  278.  392.  454. 2012.  431.  169.  756.   62.  120.]
[ 278.  392.  454. 2012.  431.  169.  756.   62.  120.  106.]
[ 392.  454. 2012.  431.  169.  756.   62.  120.  106.  537.]
[ 454. 2012.  431.  169.  756.   62.  120.  106.  537.  149.]
[2012.  431.  169.  756.   62.  120.  106.  537.  149.  233.]
[431. 169. 756.  62. 120. 106. 537. 149. 233. 189.]
[169. 756.  62. 120. 106. 537. 149. 233. 189. 144.]
[ 756.   62.  120.  106.  537.  149.  233.  189.  144. 1147.]
[  62.  120.  106.  537.  149.  233.  189.  144. 1147.  469.]
[ 120.  106.  537.  149.  233.  189.  144. 1147.  469. 1343.]
[ 106.  537.  149.  233.  189.  144. 1147.  469. 1343.   42.]
[ 537.  149.  233.  189.  144. 1147.  469. 1343.   42. 1787.]
[ 149.  233.  189.  144. 1147.  469. 1343.   42. 1787.   96.]
[ 233.  189.  144. 1147.  469. 1343.   42. 1787.   96.  866.]
[ 189.  144. 1147.  469. 1343.   42. 1787.   96.  866. 1834.]
[ 144. 1147.  469. 1343.   42. 1787.   96.  866. 1834.  422.]
[1147.  469. 1343.   42. 1787.   96.  866. 1834.  422. 3480.]
[ 469. 1343.   42. 1787.   96.  866. 1834.  422. 3480.  222.]
[1343.   42. 1787.   96.  866. 1834.  422. 3480.  222. 1603.]
[  42. 1787.   96.  866. 1834.  422. 3480.  222. 1603. 1175.]
[1787.   96.  866. 1834.  422. 3480.  222. 1603. 1175.  726.]
[  96.  866. 1834.  422. 3480.  222. 1603. 1175.  726.   66.]
[ 866. 1834.  422. 3480.  222. 1603. 1175.  726.   66.  786.]
[1834.  422. 3480.  222. 1603. 1175.  726.   66.  786. 1590.]
[ 422. 3480.  222. 1603. 1175.  726.   66.  786. 1590.   80.]
[3480.  222. 1603. 1175.  726.   66.  786. 1590.   80.  501.]
[ 222. 1603. 1175.  726.   66.  786. 1590.   80.  501. 1396.]
[1603. 1175.  726.   66.  786. 1590.   80.  501. 1396.  131.]
[1175.  726.   66.  786. 1590.   80.  501. 1396.  131.  192.]
[ 726.   66.  786. 1590.   80.  501. 1396.  131.  192.   80.]
[  66.  786. 1590.   80.  501. 1396.  131.  192.   80.  545.]
[ 786. 1590.   80.  501. 1396.  131.  192.   80.  545. 1489.]
[1590.   80.  501. 1396.  131.  192.   80.  545. 1489.   88.]
[  80.  501. 1396.  131.  192.   80.  545. 1489.   88.  578.]
[ 501. 1396.  131.  192.   80.  545. 1489.   88.  578.   39.]
[1396.  131.  192.   80.  545. 1489.   88.  578.   39.  103.]
[ 131.  192.   80.  545. 1489.   88.  578.   39.  103.  807.]
[ 192.   80.  545. 1489.   88.  578.   39.  103.  807.   59.]
[  80.  545. 1489.   88.  578.   39.  103.  807.   59.  797.]
[ 545. 1489.   88.  578.   39.  103.  807.   59.  797. 1092.]
[1489.   88.  578.   39.  103.  807.   59.  797. 1092.   77.]
[  88.  578.   39.  103.  807.   59.  797. 1092.   77.   97.]
[ 578.   39.  103.  807.   59.  797. 1092.   77.   97.  560.]
[  39.  103.  807.   59.  797. 1092.   77.   97.  560.  212.]
[ 103.  807.   59.  797. 1092.   77.   97.  560.  212.  189.]
[ 807.   59.  797. 1092.   77.   97.  560.  212.  189. 1104.]
[  59.  797. 1092.   77.   97.  560.  212.  189. 1104.   89.]
[ 797. 1092.   77.   97.  560.  212.  189. 1104.   89. 2033.]
[1092.   77.   97.  560.  212.  189. 1104.   89. 2033. 1369.]
[  77.   97.  560.  212.  189. 1104.   89. 2033. 1369.    0.]
[  97.  560.  212.  189. 1104.   89. 2033. 1369.    0.  215.]
[ 560.  212.  189. 1104.   89. 2033. 1369.    0.  215.   67.]
[ 212.  189. 1104.   89. 2033. 1369.    0.  215.   67. 3633.]
[ 189. 1104.   89. 2033. 1369.    0.  215.   67. 3633.  214.]
[1104.   89. 2033. 1369.    0.  215.   67. 3633.  214.  134.]
[  89. 2033. 1369.    0.  215.   67. 3633.  214.  134. 1411.]
[2033. 1369.    0.  215.   67. 3633.  214.  134. 1411.  410.]
[1369.    0.  215.   67. 3633.  214.  134. 1411.  410.   74.]
[   0.  215.   67. 3633.  214.  134. 1411.  410.   74.   51.]
[ 215.   67. 3633.  214.  134. 1411.  410.   74.   51.  519.]
[  67. 3633.  214.  134. 1411.  410.   74.   51.  519. 1251.]
[3633.  214.  134. 1411.  410.   74.   51.  519. 1251.  126.]
[ 214.  134. 1411.  410.   74.   51.  519. 1251.  126.  386.]
[ 134. 1411.  410.   74.   51.  519. 1251.  126.  386.   15.]
[1411.  410.   74.   51.  519. 1251.  126.  386.   15.  242.]
[ 410.   74.   51.  519. 1251.  126.  386.   15.  242.  113.]
[  74.   51.  519. 1251.  126.  386.   15.  242.  113.   27.]
[  51.  519. 1251.  126.  386.   15.  242.  113.   27.  686.]
[ 519. 1251.  126.  386.   15.  242.  113.   27.  686.  145.]
[1251.  126.  386.   15.  242.  113.   27.  686.  145.  283.]
[126. 386.  15. 242. 113.  27. 686. 145. 283. 445.]
[386.  15. 242. 113.  27. 686. 145. 283. 445.  34.]
[ 15. 242. 113.  27. 686. 145. 283. 445.  34. 554.]
[242. 113.  27. 686. 145. 283. 445.  34. 554. 837.]
[113.  27. 686. 145. 283. 445.  34. 554. 837. 112.]
[ 27. 686. 145. 283. 445.  34. 554. 837. 112.  90.]
[686. 145. 283. 445.  34. 554. 837. 112.  90. 541.]
[145. 283. 445.  34. 554. 837. 112.  90. 541. 254.]
[283. 445.  34. 554. 837. 112.  90. 541. 254. 317.]
[ 445.   34.  554.  837.  112.   90.  541.  254.  317. 2136.]
[  34.  554.  837.  112.   90.  541.  254.  317. 2136.  310.]
[ 554.  837.  112.   90.  541.  254.  317. 2136.  310.  608.]
[ 837.  112.   90.  541.  254.  317. 2136.  310.  608.  650.]
[ 112.   90.  541.  254.  317. 2136.  310.  608.  650. 1863.]
[  90.  541.  254.  317. 2136.  310.  608.  650. 1863.  192.]
[ 541.  254.  317. 2136.  310.  608.  650. 1863.  192.  207.]
[ 254.  317. 2136.  310.  608.  650. 1863.  192.  207.   35.]
[ 317. 2136.  310.  608.  650. 1863.  192.  207.   35.  144.]
[2136.  310.  608.  650. 1863.  192.  207.   35.  144.  548.]
[ 310.  608.  650. 1863.  192.  207.   35.  144.  548. 1773.]
[ 608.  650. 1863.  192.  207.   35.  144.  548. 1773.  143.]
[ 650. 1863.  192.  207.   35.  144.  548. 1773.  143. 1831.]
[1863.  192.  207.   35.  144.  548. 1773.  143. 1831.  608.]
[ 192.  207.   35.  144.  548. 1773.  143. 1831.  608.   81.]
[ 207.   35.  144.  548. 1773.  143. 1831.  608.   81.   73.]
[  35.  144.  548. 1773.  143. 1831.  608.   81.   73. 2277.]
[ 144.  548. 1773.  143. 1831.  608.   81.   73. 2277.  359.]
[ 548. 1773.  143. 1831.  608.   81.   73. 2277.  359.  461.]
[1773.  143. 1831.  608.   81.   73. 2277.  359.  461.  313.]
[ 143. 1831.  608.   81.   73. 2277.  359.  461.  313.  104.]
[1831.  608.   81.   73. 2277.  359.  461.  313.  104.  129.]
[ 608.   81.   73. 2277.  359.  461.  313.  104.  129. 1180.]
[  81.   73. 2277.  359.  461.  313.  104.  129. 1180.  553.]
[  73. 2277.  359.  461.  313.  104.  129. 1180.  553. 3064.]
[2277.  359.  461.  313.  104.  129. 1180.  553. 3064.  209.]
[ 359.  461.  313.  104.  129. 1180.  553. 3064.  209.   56.]
[ 461.  313.  104.  129. 1180.  553. 3064.  209.   56.  276.]
[ 313.  104.  129. 1180.  553. 3064.  209.   56.  276.   99.]
[ 104.  129. 1180.  553. 3064.  209.   56.  276.   99. 2136.]
[ 129. 1180.  553. 3064.  209.   56.  276.   99. 2136. 1094.]
[1180.  553. 3064.  209.   56.  276.   99. 2136. 1094. 3119.]
[ 553. 3064.  209.   56.  276.   99. 2136. 1094. 3119.  934.]
[3064.  209.   56.  276.   99. 2136. 1094. 3119.  934. 2263.]
[ 209.   56.  276.   99. 2136. 1094. 3119.  934. 2263.  135.]
[  56.  276.   99. 2136. 1094. 3119.  934. 2263.  135.  635.]
[ 276.   99. 2136. 1094. 3119.  934. 2263.  135.  635.   64.]
[  99. 2136. 1094. 3119.  934. 2263.  135.  635.   64. 1619.]
[2136. 1094. 3119.  934. 2263.  135.  635.   64. 1619. 1007.]
[1094. 3119.  934. 2263.  135.  635.   64. 1619. 1007. 2463.]
[3119.  934. 2263.  135.  635.   64. 1619. 1007. 2463. 1564.]
[ 934. 2263.  135.  635.   64. 1619. 1007. 2463. 1564.  799.]
[2263.  135.  635.   64. 1619. 1007. 2463. 1564.  799.  507.]
[ 135.  635.   64. 1619. 1007. 2463. 1564.  799.  507.  511.]
[ 635.   64. 1619. 1007. 2463. 1564.  799.  507.  511.   79.]
[  64. 1619. 1007. 2463. 1564.  799.  507.  511.   79.  129.]
[1619. 1007. 2463. 1564.  799.  507.  511.   79.  129.  645.]
[1007. 2463. 1564.  799.  507.  511.   79.  129.  645.  253.]
[2463. 1564.  799.  507.  511.   79.  129.  645.  253.  276.]
[1564.  799.  507.  511.   79.  129.  645.  253.  276.  100.]
[ 799.  507.  511.   79.  129.  645.  253.  276.  100. 1017.]
[ 507.  511.   79.  129.  645.  253.  276.  100. 1017.  182.]
[ 511.   79.  129.  645.  253.  276.  100. 1017.  182.  120.]
[  79.  129.  645.  253.  276.  100. 1017.  182.  120.  154.]
[ 129.  645.  253.  276.  100. 1017.  182.  120.  154.  183.]
[ 645.  253.  276.  100. 1017.  182.  120.  154.  183. 1909.]
[ 253.  276.  100. 1017.  182.  120.  154.  183. 1909.  523.]
[ 276.  100. 1017.  182.  120.  154.  183. 1909.  523. 1632.]
[ 100. 1017.  182.  120.  154.  183. 1909.  523. 1632.  687.]
[1017.  182.  120.  154.  183. 1909.  523. 1632.  687.  437.]
[ 182.  120.  154.  183. 1909.  523. 1632.  687.  437.   33.]
[ 120.  154.  183. 1909.  523. 1632.  687.  437.   33. 1756.]
[ 154.  183. 1909.  523. 1632.  687.  437.   33. 1756.   52.]
[ 183. 1909.  523. 1632.  687.  437.   33. 1756.   52.  430.]
[1909.  523. 1632.  687.  437.   33. 1756.   52.  430. 1023.]
[ 523. 1632.  687.  437.   33. 1756.   52.  430. 1023.   82.]
[1632.  687.  437.   33. 1756.   52.  430. 1023.   82.  252.]
[ 687.  437.   33. 1756.   52.  430. 1023.   82.  252. 1155.]
[ 437.   33. 1756.   52.  430. 1023.   82.  252. 1155.  593.]
[  33. 1756.   52.  430. 1023.   82.  252. 1155.  593. 1674.]
[1756.   52.  430. 1023.   82.  252. 1155.  593. 1674. 1771.]
[  52.  430. 1023.   82.  252. 1155.  593. 1674. 1771.   57.]
[ 430. 1023.   82.  252. 1155.  593. 1674. 1771.   57.  442.]
[1023.   82.  252. 1155.  593. 1674. 1771.   57.  442. 1060.]
[  82.  252. 1155.  593. 1674. 1771.   57.  442. 1060.  343.]
[ 252. 1155.  593. 1674. 1771.   57.  442. 1060.  343. 1981.]
[1155.  593. 1674. 1771.   57.  442. 1060.  343. 1981.  103.]
[ 593. 1674. 1771.   57.  442. 1060.  343. 1981.  103. 2646.]
[1674. 1771.   57.  442. 1060.  343. 1981.  103. 2646.  214.]
[1771.   57.  442. 1060.  343. 1981.  103. 2646.  214.  229.]
[  57.  442. 1060.  343. 1981.  103. 2646.  214.  229.  210.]
[ 442. 1060.  343. 1981.  103. 2646.  214.  229.  210.  168.]
[1060.  343. 1981.  103. 2646.  214.  229.  210.  168.  140.]
[ 343. 1981.  103. 2646.  214.  229.  210.  168.  140.  125.]
[1981.  103. 2646.  214.  229.  210.  168.  140.  125.  102.]
[ 103. 2646.  214.  229.  210.  168.  140.  125.  102.  192.]
[2646.  214.  229.  210.  168.  140.  125.  102.  192.  334.]
[214. 229. 210. 168. 140. 125. 102. 192. 334. 782.]
[229. 210. 168. 140. 125. 102. 192. 334. 782. 609.]
[ 210.  168.  140.  125.  102.  192.  334.  782.  609. 1537.]
[ 168.  140.  125.  102.  192.  334.  782.  609. 1537.  340.]
[ 140.  125.  102.  192.  334.  782.  609. 1537.  340.  869.]
[ 125.  102.  192.  334.  782.  609. 1537.  340.  869.  370.]
[ 102.  192.  334.  782.  609. 1537.  340.  869.  370.  474.]
[ 192.  334.  782.  609. 1537.  340.  869.  370.  474. 1328.]
[ 334.  782.  609. 1537.  340.  869.  370.  474. 1328.  900.]
[ 782.  609. 1537.  340.  869.  370.  474. 1328.  900.  958.]
[ 609. 1537.  340.  869.  370.  474. 1328.  900.  958.  338.]
[1537.  340.  869.  370.  474. 1328.  900.  958.  338.  375.]
[ 340.  869.  370.  474. 1328.  900.  958.  338.  375.   56.]
[ 869.  370.  474. 1328.  900.  958.  338.  375.   56.  369.]
[ 370.  474. 1328.  900.  958.  338.  375.   56.  369.  225.]
[ 474. 1328.  900.  958.  338.  375.   56.  369.  225.  286.]
[1328.  900.  958.  338.  375.   56.  369.  225.  286.  531.]
[900. 958. 338. 375.  56. 369. 225. 286. 531. 200.]
[958. 338. 375.  56. 369. 225. 286. 531. 200. 845.]
[338. 375.  56. 369. 225. 286. 531. 200. 845.  51.]
[375.  56. 369. 225. 286. 531. 200. 845.  51. 240.]
[ 56. 369. 225. 286. 531. 200. 845.  51. 240. 298.]
[ 369.  225.  286.  531.  200.  845.   51.  240.  298. 3053.]
[ 225.  286.  531.  200.  845.   51.  240.  298. 3053. 2145.]
[ 286.  531.  200.  845.   51.  240.  298. 3053. 2145. 2627.]
[ 531.  200.  845.   51.  240.  298. 3053. 2145. 2627.  453.]
[ 200.  845.   51.  240.  298. 3053. 2145. 2627.  453.   78.]
[ 845.   51.  240.  298. 3053. 2145. 2627.  453.   78.  477.]
[  51.  240.  298. 3053. 2145. 2627.  453.   78.  477. 1302.]
[ 240.  298. 3053. 2145. 2627.  453.   78.  477. 1302.  148.]
[ 298. 3053. 2145. 2627.  453.   78.  477. 1302.  148.  123.]
[3053. 2145. 2627.  453.   78.  477. 1302.  148.  123. 1038.]
[2145. 2627.  453.   78.  477. 1302.  148.  123. 1038.  112.]
[2627.  453.   78.  477. 1302.  148.  123. 1038.  112. 3530.]
[ 453.   78.  477. 1302.  148.  123. 1038.  112. 3530.  131.]
[  78.  477. 1302.  148.  123. 1038.  112. 3530.  131. 2132.]
[ 477. 1302.  148.  123. 1038.  112. 3530.  131. 2132. 2250.]
[1302.  148.  123. 1038.  112. 3530.  131. 2132. 2250.  105.]
[ 148.  123. 1038.  112. 3530.  131. 2132. 2250.  105. 1011.]
[ 123. 1038.  112. 3530.  131. 2132. 2250.  105. 1011. 1344.]
[1038.  112. 3530.  131. 2132. 2250.  105. 1011. 1344.   65.]
[ 112. 3530.  131. 2132. 2250.  105. 1011. 1344.   65.  977.]
[3530.  131. 2132. 2250.  105. 1011. 1344.   65.  977.  609.]
[ 131. 2132. 2250.  105. 1011. 1344.   65.  977.  609.  834.]
[2132. 2250.  105. 1011. 1344.   65.  977.  609.  834.   49.]
[2250.  105. 1011. 1344.   65.  977.  609.  834.   49.   62.]
[ 105. 1011. 1344.   65.  977.  609.  834.   49.   62.  463.]
[1011. 1344.   65.  977.  609.  834.   49.   62.  463.  262.]
[1344.   65.  977.  609.  834.   49.   62.  463.  262.  210.]
[  65.  977.  609.  834.   49.   62.  463.  262.  210. 1573.]
[ 977.  609.  834.   49.   62.  463.  262.  210. 1573.   66.]
[ 609.  834.   49.   62.  463.  262.  210. 1573.   66.  240.]
[ 834.   49.   62.  463.  262.  210. 1573.   66.  240.  106.]
[  49.   62.  463.  262.  210. 1573.   66.  240.  106.   49.]
[  62.  463.  262.  210. 1573.   66.  240.  106.   49. 1222.]
[ 463.  262.  210. 1573.   66.  240.  106.   49. 1222.  560.]
[ 262.  210. 1573.   66.  240.  106.   49. 1222.  560. 2085.]
[ 210. 1573.   66.  240.  106.   49. 1222.  560. 2085.  157.]
[1573.   66.  240.  106.   49. 1222.  560. 2085.  157.   86.]
[  66.  240.  106.   49. 1222.  560. 2085.  157.   86.  216.]
[ 240.  106.   49. 1222.  560. 2085.  157.   86.  216.  267.]
[ 106.   49. 1222.  560. 2085.  157.   86.  216.  267.  217.]
[  49. 1222.  560. 2085.  157.   86.  216.  267.  217.  124.]
[1222.  560. 2085.  157.   86.  216.  267.  217.  124.  102.]
[ 560. 2085.  157.   86.  216.  267.  217.  124.  102.  427.]
[2085.  157.   86.  216.  267.  217.  124.  102.  427. 2117.]
[ 157.   86.  216.  267.  217.  124.  102.  427. 2117.  194.]
[  86.  216.  267.  217.  124.  102.  427. 2117.  194.  124.]
[ 216.  267.  217.  124.  102.  427. 2117.  194.  124.  884.]
[ 267.  217.  124.  102.  427. 2117.  194.  124.  884.    0.]
[ 217.  124.  102.  427. 2117.  194.  124.  884.    0. 1016.]
[ 124.  102.  427. 2117.  194.  124.  884.    0. 1016.   31.]
[ 102.  427. 2117.  194.  124.  884.    0. 1016.   31.  171.]
[ 427. 2117.  194.  124.  884.    0. 1016.   31.  171. 1598.]
[2117.  194.  124.  884.    0. 1016.   31.  171. 1598.  254.]
[ 194.  124.  884.    0. 1016.   31.  171. 1598.  254.  819.]
[ 124.  884.    0. 1016.   31.  171. 1598.  254.  819. 2268.]
[ 884.    0. 1016.   31.  171. 1598.  254.  819. 2268.   86.]
[   0. 1016.   31.  171. 1598.  254.  819. 2268.   86. 1243.]
[1016.   31.  171. 1598.  254.  819. 2268.   86. 1243.  207.]
[  31.  171. 1598.  254.  819. 2268.   86. 1243.  207.   99.]
[ 171. 1598.  254.  819. 2268.   86. 1243.  207.   99.  257.]
[1598.  254.  819. 2268.   86. 1243.  207.   99.  257.  125.]
[ 254.  819. 2268.   86. 1243.  207.   99.  257.  125.  127.]
[ 819. 2268.   86. 1243.  207.   99.  257.  125.  127.    0.]
[2268.   86. 1243.  207.   99.  257.  125.  127.    0.  104.]
[  86. 1243.  207.   99.  257.  125.  127.    0.  104.  187.]
[1243.  207.   99.  257.  125.  127.    0.  104.  187.   94.]
[207.  99. 257. 125. 127.   0. 104. 187.  94. 963.]
[ 99. 257. 125. 127.   0. 104. 187.  94. 963. 292.]
[257. 125. 127.   0. 104. 187.  94. 963. 292. 492.]
[ 125.  127.    0.  104.  187.   94.  963.  292.  492. 1316.]
[ 127.    0.  104.  187.   94.  963.  292.  492. 1316.  606.]
[   0.  104.  187.   94.  963.  292.  492. 1316.  606. 1524.]
[ 104.  187.   94.  963.  292.  492. 1316.  606. 1524.  598.]
[ 187.   94.  963.  292.  492. 1316.  606. 1524.  598.   29.]
[  94.  963.  292.  492. 1316.  606. 1524.  598.   29.  389.]
[ 963.  292.  492. 1316.  606. 1524.  598.   29.  389. 1237.]
[ 292.  492. 1316.  606. 1524.  598.   29.  389. 1237.  867.]
[ 492. 1316.  606. 1524.  598.   29.  389. 1237.  867.  142.]
[1316.  606. 1524.  598.   29.  389. 1237.  867.  142. 1725.]
[ 606. 1524.  598.   29.  389. 1237.  867.  142. 1725.  637.]
[1524.  598.   29.  389. 1237.  867.  142. 1725.  637.  778.]
[ 598.   29.  389. 1237.  867.  142. 1725.  637.  778. 2138.]
[  29.  389. 1237.  867.  142. 1725.  637.  778. 2138.  268.]
[ 389. 1237.  867.  142. 1725.  637.  778. 2138.  268.  677.]
[1237.  867.  142. 1725.  637.  778. 2138.  268.  677.   60.]
[ 867.  142. 1725.  637.  778. 2138.  268.  677.   60.   61.]
[ 142. 1725.  637.  778. 2138.  268.  677.   60.   61.  535.]
[1725.  637.  778. 2138.  268.  677.   60.   61.  535. 3463.]
[ 637.  778. 2138.  268.  677.   60.   61.  535. 3463.  448.]
[ 778. 2138.  268.  677.   60.   61.  535. 3463.  448. 1111.]
[2138.  268.  677.   60.   61.  535. 3463.  448. 1111.  863.]
[ 268.  677.   60.   61.  535. 3463.  448. 1111.  863.  179.]
[ 677.   60.   61.  535. 3463.  448. 1111.  863.  179.  341.]
[  60.   61.  535. 3463.  448. 1111.  863.  179.  341. 3424.]
[  61.  535. 3463.  448. 1111.  863.  179.  341. 3424.  635.]
[ 535. 3463.  448. 1111.  863.  179.  341. 3424.  635. 1046.]
[3463.  448. 1111.  863.  179.  341. 3424.  635. 1046.  187.]
[ 448. 1111.  863.  179.  341. 3424.  635. 1046.  187.  386.]
[1111.  863.  179.  341. 3424.  635. 1046.  187.  386.  158.]
[ 863.  179.  341. 3424.  635. 1046.  187.  386.  158.  328.]
[ 179.  341. 3424.  635. 1046.  187.  386.  158.  328. 2771.]
[ 341. 3424.  635. 1046.  187.  386.  158.  328. 2771.  117.]
[3424.  635. 1046.  187.  386.  158.  328. 2771.  117.  227.]
[ 635. 1046.  187.  386.  158.  328. 2771.  117.  227.   30.]
[1046.  187.  386.  158.  328. 2771.  117.  227.   30.  122.]
[ 187.  386.  158.  328. 2771.  117.  227.   30.  122.  728.]
[ 386.  158.  328. 2771.  117.  227.   30.  122.  728.   85.]
[ 158.  328. 2771.  117.  227.   30.  122.  728.   85.  594.]
[ 328. 2771.  117.  227.   30.  122.  728.   85.  594.   91.]
[2771.  117.  227.   30.  122.  728.   85.  594.   91.  125.]
[117. 227.  30. 122. 728.  85. 594.  91. 125. 101.]
[227.  30. 122. 728.  85. 594.  91. 125. 101.  98.]
[ 30. 122. 728.  85. 594.  91. 125. 101.  98. 962.]
[122. 728.  85. 594.  91. 125. 101.  98. 962. 316.]
[728.  85. 594.  91. 125. 101.  98. 962. 316. 122.]
[  85.  594.   91.  125.  101.   98.  962.  316.  122. 1614.]
[ 594.   91.  125.  101.   98.  962.  316.  122. 1614. 1458.]
[  91.  125.  101.   98.  962.  316.  122. 1614. 1458. 1885.]
[ 125.  101.   98.  962.  316.  122. 1614. 1458. 1885.   73.]
[ 101.   98.  962.  316.  122. 1614. 1458. 1885.   73. 1085.]
[  98.  962.  316.  122. 1614. 1458. 1885.   73. 1085. 1519.]
[ 962.  316.  122. 1614. 1458. 1885.   73. 1085. 1519.  871.]
[ 316.  122. 1614. 1458. 1885.   73. 1085. 1519.  871.  434.]
[ 122. 1614. 1458. 1885.   73. 1085. 1519.  871.  434. 1359.]
[1614. 1458. 1885.   73. 1085. 1519.  871.  434. 1359.  682.]
[1458. 1885.   73. 1085. 1519.  871.  434. 1359.  682. 1225.]
[1885.   73. 1085. 1519.  871.  434. 1359.  682. 1225.   92.]
[  73. 1085. 1519.  871.  434. 1359.  682. 1225.   92.  109.]
[1085. 1519.  871.  434. 1359.  682. 1225.   92.  109.  105.]
[1519.  871.  434. 1359.  682. 1225.   92.  109.  105.  320.]
[ 871.  434. 1359.  682. 1225.   92.  109.  105.  320. 1732.]
[ 434. 1359.  682. 1225.   92.  109.  105.  320. 1732.  946.]
[1359.  682. 1225.   92.  109.  105.  320. 1732.  946. 1226.]
[ 682. 1225.   92.  109.  105.  320. 1732.  946. 1226. 1109.]
[1225.   92.  109.  105.  320. 1732.  946. 1226. 1109.  975.]
[  92.  109.  105.  320. 1732.  946. 1226. 1109.  975.  266.]
[ 109.  105.  320. 1732.  946. 1226. 1109.  975.  266. 1403.]
[ 105.  320. 1732.  946. 1226. 1109.  975.  266. 1403. 1165.]
[ 320. 1732.  946. 1226. 1109.  975.  266. 1403. 1165.  178.]
[1732.  946. 1226. 1109.  975.  266. 1403. 1165.  178.   39.]
[ 946. 1226. 1109.  975.  266. 1403. 1165.  178.   39.  199.]
[1226. 1109.  975.  266. 1403. 1165.  178.   39.  199.  297.]
[1109.  975.  266. 1403. 1165.  178.   39.  199.  297.  489.]
[ 975.  266. 1403. 1165.  178.   39.  199.  297.  489.  503.]
[ 266. 1403. 1165.  178.   39.  199.  297.  489.  503.   99.]
[1403. 1165.  178.   39.  199.  297.  489.  503.   99.   87.]
[1165.  178.   39.  199.  297.  489.  503.   99.   87.   48.]
[178.  39. 199. 297. 489. 503.  99.  87.  48. 112.]
[ 39. 199. 297. 489. 503.  99.  87.  48. 112. 218.]
[199. 297. 489. 503.  99.  87.  48. 112. 218. 178.]
[297. 489. 503.  99.  87.  48. 112. 218. 178. 796.]
[489. 503.  99.  87.  48. 112. 218. 178. 796.  99.]
[ 503.   99.   87.   48.  112.  218.  178.  796.   99. 1239.]
[  99.   87.   48.  112.  218.  178.  796.   99. 1239.  311.]
[  87.   48.  112.  218.  178.  796.   99. 1239.  311.  501.]
[  48.  112.  218.  178.  796.   99. 1239.  311.  501.  376.]
[ 112.  218.  178.  796.   99. 1239.  311.  501.  376.  276.]
[ 218.  178.  796.   99. 1239.  311.  501.  376.  276.  708.]
[ 178.  796.   99. 1239.  311.  501.  376.  276.  708.  888.]
[ 796.   99. 1239.  311.  501.  376.  276.  708.  888.  689.]
[  99. 1239.  311.  501.  376.  276.  708.  888.  689.   61.]
[1239.  311.  501.  376.  276.  708.  888.  689.   61.  142.]
[311. 501. 376. 276. 708. 888. 689.  61. 142. 568.]
[ 501.  376.  276.  708.  888.  689.   61.  142.  568. 2494.]
[ 376.  276.  708.  888.  689.   61.  142.  568. 2494.   79.]
[ 276.  708.  888.  689.   61.  142.  568. 2494.   79. 1875.]
[ 708.  888.  689.   61.  142.  568. 2494.   79. 1875.  650.]
[ 888.  689.   61.  142.  568. 2494.   79. 1875.  650.  787.]
[ 689.   61.  142.  568. 2494.   79. 1875.  650.  787.  199.]
[  61.  142.  568. 2494.   79. 1875.  650.  787.  199.  119.]
[ 142.  568. 2494.   79. 1875.  650.  787.  199.  119.  199.]
[ 568. 2494.   79. 1875.  650.  787.  199.  119.  199.  257.]
[2494.   79. 1875.  650.  787.  199.  119.  199.  257.  151.]
[  79. 1875.  650.  787.  199.  119.  199.  257.  151.  413.]
[1875.  650.  787.  199.  119.  199.  257.  151.  413.  123.]
[650. 787. 199. 119. 199. 257. 151. 413. 123. 829.]
[787. 199. 119. 199. 257. 151. 413. 123. 829. 139.]
[199. 119. 199. 257. 151. 413. 123. 829. 139. 188.]
[119. 199. 257. 151. 413. 123. 829. 139. 188.  21.]
[199. 257. 151. 413. 123. 829. 139. 188.  21. 707.]
[257. 151. 413. 123. 829. 139. 188.  21. 707. 393.]
[151. 413. 123. 829. 139. 188.  21. 707. 393. 495.]
[413. 123. 829. 139. 188.  21. 707. 393. 495. 212.]
[123. 829. 139. 188.  21. 707. 393. 495. 212. 537.]
[829. 139. 188.  21. 707. 393. 495. 212. 537.  36.]
[139. 188.  21. 707. 393. 495. 212. 537.  36. 176.]
[188.  21. 707. 393. 495. 212. 537.  36. 176.  60.]
[ 21. 707. 393. 495. 212. 537.  36. 176.  60.  91.]
[707. 393. 495. 212. 537.  36. 176.  60.  91.  70.]
[393. 495. 212. 537.  36. 176.  60.  91.  70. 102.]
[495. 212. 537.  36. 176.  60.  91.  70. 102. 576.]
[212. 537.  36. 176.  60.  91.  70. 102. 576. 117.]
[537.  36. 176.  60.  91.  70. 102. 576. 117. 226.]
[ 36. 176.  60.  91.  70. 102. 576. 117. 226. 132.]
[176.  60.  91.  70. 102. 576. 117. 226. 132. 233.]
[ 60.  91.  70. 102. 576. 117. 226. 132. 233. 106.]
[ 91.  70. 102. 576. 117. 226. 132. 233. 106. 211.]
[ 70. 102. 576. 117. 226. 132. 233. 106. 211. 111.]
[102. 576. 117. 226. 132. 233. 106. 211. 111.  48.]
[576. 117. 226. 132. 233. 106. 211. 111.  48.  95.]
[117. 226. 132. 233. 106. 211. 111.  48.  95. 903.]
[226. 132. 233. 106. 211. 111.  48.  95. 903. 476.]
[132. 233. 106. 211. 111.  48.  95. 903. 476. 134.]
[233. 106. 211. 111.  48.  95. 903. 476. 134. 127.]
[106. 211. 111.  48.  95. 903. 476. 134. 127. 233.]
[211. 111.  48.  95. 903. 476. 134. 127. 233. 306.]
[ 111.   48.   95.  903.  476.  134.  127.  233.  306. 2664.]
[  48.   95.  903.  476.  134.  127.  233.  306. 2664.  462.]
[  95.  903.  476.  134.  127.  233.  306. 2664.  462.  376.]
[ 903.  476.  134.  127.  233.  306. 2664.  462.  376.  252.]
[ 476.  134.  127.  233.  306. 2664.  462.  376.  252.  562.]
[ 134.  127.  233.  306. 2664.  462.  376.  252.  562.  106.]
[ 127.  233.  306. 2664.  462.  376.  252.  562.  106. 1470.]
[ 233.  306. 2664.  462.  376.  252.  562.  106. 1470.  270.]
[ 306. 2664.  462.  376.  252.  562.  106. 1470.  270. 1308.]
[2664.  462.  376.  252.  562.  106. 1470.  270. 1308. 1495.]
[ 462.  376.  252.  562.  106. 1470.  270. 1308. 1495. 2420.]
[ 376.  252.  562.  106. 1470.  270. 1308. 1495. 2420.  478.]
[ 252.  562.  106. 1470.  270. 1308. 1495. 2420.  478.  597.]
[ 562.  106. 1470.  270. 1308. 1495. 2420.  478.  597. 1626.]
[ 106. 1470.  270. 1308. 1495. 2420.  478.  597. 1626.   22.]
[1470.  270. 1308. 1495. 2420.  478.  597. 1626.   22.  347.]
[ 270. 1308. 1495. 2420.  478.  597. 1626.   22.  347.  403.]
[1308. 1495. 2420.  478.  597. 1626.   22.  347.  403. 1634.]
[1495. 2420.  478.  597. 1626.   22.  347.  403. 1634. 3079.]
[2420.  478.  597. 1626.   22.  347.  403. 1634. 3079.   16.]
[ 478.  597. 1626.   22.  347.  403. 1634. 3079.   16.  628.]
[ 597. 1626.   22.  347.  403. 1634. 3079.   16.  628.   62.]
[1626.   22.  347.  403. 1634. 3079.   16.  628.   62.   44.]
[  22.  347.  403. 1634. 3079.   16.  628.   62.   44.   96.]
[ 347.  403. 1634. 3079.   16.  628.   62.   44.   96.  170.]
[ 403. 1634. 3079.   16.  628.   62.   44.   96.  170.   70.]
[1634. 3079.   16.  628.   62.   44.   96.  170.   70.  449.]
[3079.   16.  628.   62.   44.   96.  170.   70.  449.  900.]
[ 16. 628.  62.  44.  96. 170.  70. 449. 900. 100.]
[628.  62.  44.  96. 170.  70. 449. 900. 100. 128.]
[ 62.  44.  96. 170.  70. 449. 900. 100. 128. 131.]
[ 44.  96. 170.  70. 449. 900. 100. 128. 131. 279.]
[ 96. 170.  70. 449. 900. 100. 128. 131. 279. 423.]
[170.  70. 449. 900. 100. 128. 131. 279. 423. 295.]
[ 70. 449. 900. 100. 128. 131. 279. 423. 295. 955.]
[449. 900. 100. 128. 131. 279. 423. 295. 955.  69.]
[ 900.  100.  128.  131.  279.  423.  295.  955.   69. 1018.]
[ 100.  128.  131.  279.  423.  295.  955.   69. 1018.  508.]
[ 128.  131.  279.  423.  295.  955.   69. 1018.  508. 2605.]
[ 131.  279.  423.  295.  955.   69. 1018.  508. 2605.  887.]
[ 279.  423.  295.  955.   69. 1018.  508. 2605.  887.  164.]
[ 423.  295.  955.   69. 1018.  508. 2605.  887.  164. 1280.]
[ 295.  955.   69. 1018.  508. 2605.  887.  164. 1280.  207.]
[ 955.   69. 1018.  508. 2605.  887.  164. 1280.  207.  110.]
[  69. 1018.  508. 2605.  887.  164. 1280.  207.  110.  283.]
[1018.  508. 2605.  887.  164. 1280.  207.  110.  283.  175.]
[ 508. 2605.  887.  164. 1280.  207.  110.  283.  175.  141.]
[2605.  887.  164. 1280.  207.  110.  283.  175.  141.  585.]
[ 887.  164. 1280.  207.  110.  283.  175.  141.  585.  128.]
[ 164. 1280.  207.  110.  283.  175.  141.  585.  128.   44.]
[1280.  207.  110.  283.  175.  141.  585.  128.   44.  147.]
[207. 110. 283. 175. 141. 585. 128.  44. 147. 639.]
[110. 283. 175. 141. 585. 128.  44. 147. 639. 408.]
[283. 175. 141. 585. 128.  44. 147. 639. 408.  61.]
[175. 141. 585. 128.  44. 147. 639. 408.  61.  83.]
[141. 585. 128.  44. 147. 639. 408.  61.  83. 735.]
[585. 128.  44. 147. 639. 408.  61.  83. 735. 881.]
[128.  44. 147. 639. 408.  61.  83. 735. 881. 159.]
[ 44. 147. 639. 408.  61.  83. 735. 881. 159.  38.]
[147. 639. 408.  61.  83. 735. 881. 159.  38. 145.]
[639. 408.  61.  83. 735. 881. 159.  38. 145.  35.]
[408.  61.  83. 735. 881. 159.  38. 145.  35.  60.]
[ 61.  83. 735. 881. 159.  38. 145.  35.  60. 751.]
[ 83. 735. 881. 159.  38. 145.  35.  60. 751.  50.]
[735. 881. 159.  38. 145.  35.  60. 751.  50. 123.]
[881. 159.  38. 145.  35.  60. 751.  50. 123. 120.]
[159.  38. 145.  35.  60. 751.  50. 123. 120.  86.]
[  38.  145.   35.   60.  751.   50.  123.  120.   86. 1277.]
[ 145.   35.   60.  751.   50.  123.  120.   86. 1277.  477.]
[  35.   60.  751.   50.  123.  120.   86. 1277.  477. 1839.]
[  60.  751.   50.  123.  120.   86. 1277.  477. 1839.   15.]
[ 751.   50.  123.  120.   86. 1277.  477. 1839.   15.  734.]
[  50.  123.  120.   86. 1277.  477. 1839.   15.  734.  780.]
[ 123.  120.   86. 1277.  477. 1839.   15.  734.  780.   78.]
[ 120.   86. 1277.  477. 1839.   15.  734.  780.   78.  110.]
[  86. 1277.  477. 1839.   15.  734.  780.   78.  110.  673.]
[1277.  477. 1839.   15.  734.  780.   78.  110.  673. 1519.]
[ 477. 1839.   15.  734.  780.   78.  110.  673. 1519.  481.]
[1839.   15.  734.  780.   78.  110.  673. 1519.  481. 1361.]
[  15.  734.  780.   78.  110.  673. 1519.  481. 1361. 2013.]
[ 734.  780.   78.  110.  673. 1519.  481. 1361. 2013. 3279.]
[ 780.   78.  110.  673. 1519.  481. 1361. 2013. 3279.  112.]
[  78.  110.  673. 1519.  481. 1361. 2013. 3279.  112. 1441.]
[ 110.  673. 1519.  481. 1361. 2013. 3279.  112. 1441. 2937.]
[ 673. 1519.  481. 1361. 2013. 3279.  112. 1441. 2937.  155.]
[1519.  481. 1361. 2013. 3279.  112. 1441. 2937.  155.  161.]
[ 481. 1361. 2013. 3279.  112. 1441. 2937.  155.  161. 2484.]
[1361. 2013. 3279.  112. 1441. 2937.  155.  161. 2484.  719.]
[2013. 3279.  112. 1441. 2937.  155.  161. 2484.  719. 1371.]
[3279.  112. 1441. 2937.  155.  161. 2484.  719. 1371.  536.]
[ 112. 1441. 2937.  155.  161. 2484.  719. 1371.  536. 1701.]
[1441. 2937.  155.  161. 2484.  719. 1371.  536. 1701.  708.]
[2937.  155.  161. 2484.  719. 1371.  536. 1701.  708. 1517.]
[ 155.  161. 2484.  719. 1371.  536. 1701.  708. 1517. 3232.]
[ 161. 2484.  719. 1371.  536. 1701.  708. 1517. 3232. 1079.]
[2484.  719. 1371.  536. 1701.  708. 1517. 3232. 1079.  104.]
[ 719. 1371.  536. 1701.  708. 1517. 3232. 1079.  104. 1552.]
[1371.  536. 1701.  708. 1517. 3232. 1079.  104. 1552.  689.]
[ 536. 1701.  708. 1517. 3232. 1079.  104. 1552.  689. 1490.]
[1701.  708. 1517. 3232. 1079.  104. 1552.  689. 1490.   59.]
[ 708. 1517. 3232. 1079.  104. 1552.  689. 1490.   59.   46.]
[1517. 3232. 1079.  104. 1552.  689. 1490.   59.   46.  702.]
[3232. 1079.  104. 1552.  689. 1490.   59.   46.  702. 2965.]
[1079.  104. 1552.  689. 1490.   59.   46.  702. 2965.  132.]
[ 104. 1552.  689. 1490.   59.   46.  702. 2965.  132. 1258.]
[1552.  689. 1490.   59.   46.  702. 2965.  132. 1258.  328.]
[ 689. 1490.   59.   46.  702. 2965.  132. 1258.  328.  221.]
[1490.   59.   46.  702. 2965.  132. 1258.  328.  221.  433.]
[  59.   46.  702. 2965.  132. 1258.  328.  221.  433.  343.]
[  46.  702. 2965.  132. 1258.  328.  221.  433.  343.   79.]
[ 702. 2965.  132. 1258.  328.  221.  433.  343.   79.  412.]
[2965.  132. 1258.  328.  221.  433.  343.   79.  412.  621.]
[ 132. 1258.  328.  221.  433.  343.   79.  412.  621.  323.]
[1258.  328.  221.  433.  343.   79.  412.  621.  323.   50.]
[ 328.  221.  433.  343.   79.  412.  621.  323.   50. 3380.]
[ 221.  433.  343.   79.  412.  621.  323.   50. 3380.  687.]
[ 433.  343.   79.  412.  621.  323.   50. 3380.  687.  554.]
[ 343.   79.  412.  621.  323.   50. 3380.  687.  554.   33.]
[  79.  412.  621.  323.   50. 3380.  687.  554.   33.  558.]
[ 412.  621.  323.   50. 3380.  687.  554.   33.  558. 2148.]
[ 621.  323.   50. 3380.  687.  554.   33.  558. 2148.   11.]
[ 323.   50. 3380.  687.  554.   33.  558. 2148.   11. 1543.]
[  50. 3380.  687.  554.   33.  558. 2148.   11. 1543. 1499.]
[3380.  687.  554.   33.  558. 2148.   11. 1543. 1499. 3033.]
[ 687.  554.   33.  558. 2148.   11. 1543. 1499. 3033.  578.]
[ 554.   33.  558. 2148.   11. 1543. 1499. 3033.  578.  283.]
[  33.  558. 2148.   11. 1543. 1499. 3033.  578.  283. 1326.]
[ 558. 2148.   11. 1543. 1499. 3033.  578.  283. 1326.   83.]
[2148.   11. 1543. 1499. 3033.  578.  283. 1326.   83.  679.]
[  11. 1543. 1499. 3033.  578.  283. 1326.   83.  679.  965.]
[1543. 1499. 3033.  578.  283. 1326.   83.  679.  965.  766.]
[1499. 3033.  578.  283. 1326.   83.  679.  965.  766.   70.]
[3033.  578.  283. 1326.   83.  679.  965.  766.   70.   20.]
[ 578.  283. 1326.   83.  679.  965.  766.   70.   20.  549.]
[ 283. 1326.   83.  679.  965.  766.   70.   20.  549.   63.]
[1326.   83.  679.  965.  766.   70.   20.  549.   63.   51.]
[ 83. 679. 965. 766.  70.  20. 549.  63.  51. 176.]
[ 679.  965.  766.   70.   20.  549.   63.   51.  176. 2841.]
[ 965.  766.   70.   20.  549.   63.   51.  176. 2841. 1519.]
[ 766.   70.   20.  549.   63.   51.  176. 2841. 1519.  211.]
[  70.   20.  549.   63.   51.  176. 2841. 1519.  211.  511.]
[  20.  549.   63.   51.  176. 2841. 1519.  211.  511.  136.]
[ 549.   63.   51.  176. 2841. 1519.  211.  511.  136.  886.]
[  63.   51.  176. 2841. 1519.  211.  511.  136.  886.   74.]
[  51.  176. 2841. 1519.  211.  511.  136.  886.   74. 1544.]
[ 176. 2841. 1519.  211.  511.  136.  886.   74. 1544.  429.]
[2841. 1519.  211.  511.  136.  886.   74. 1544.  429.   38.]
[1519.  211.  511.  136.  886.   74. 1544.  429.   38.  503.]
[ 211.  511.  136.  886.   74. 1544.  429.   38.  503.   70.]
[ 511.  136.  886.   74. 1544.  429.   38.  503.   70.   75.]
[ 136.  886.   74. 1544.  429.   38.  503.   70.   75.  214.]
[ 886.   74. 1544.  429.   38.  503.   70.   75.  214.  277.]
[  74. 1544.  429.   38.  503.   70.   75.  214.  277.  927.]
[1544.  429.   38.  503.   70.   75.  214.  277.  927.  165.]
[ 429.   38.  503.   70.   75.  214.  277.  927.  165. 1548.]
[  38.  503.   70.   75.  214.  277.  927.  165. 1548. 1173.]
[ 503.   70.   75.  214.  277.  927.  165. 1548. 1173.  884.]
[  70.   75.  214.  277.  927.  165. 1548. 1173.  884. 3498.]
[  75.  214.  277.  927.  165. 1548. 1173.  884. 3498. 3993.]
[ 214.  277.  927.  165. 1548. 1173.  884. 3498. 3993.   64.]
[ 277.  927.  165. 1548. 1173.  884. 3498. 3993.   64.  153.]
[ 927.  165. 1548. 1173.  884. 3498. 3993.   64.  153.  115.]
[ 165. 1548. 1173.  884. 3498. 3993.   64.  153.  115.   99.]
[1548. 1173.  884. 3498. 3993.   64.  153.  115.   99.   97.]
[1173.  884. 3498. 3993.   64.  153.  115.   99.   97. 2263.]
[ 884. 3498. 3993.   64.  153.  115.   99.   97. 2263.   93.]
[3498. 3993.   64.  153.  115.   99.   97. 2263.   93. 3897.]
[3993.   64.  153.  115.   99.   97. 2263.   93. 3897.  109.]
[  64.  153.  115.   99.   97. 2263.   93. 3897.  109.  297.]
[ 153.  115.   99.   97. 2263.   93. 3897.  109.  297.   82.]
[ 115.   99.   97. 2263.   93. 3897.  109.  297.   82.  539.]
[  99.   97. 2263.   93. 3897.  109.  297.   82.  539.    8.]
[  97. 2263.   93. 3897.  109.  297.   82.  539.    8.  219.]
[2263.   93. 3897.  109.  297.   82.  539.    8.  219.  451.]
[  93. 3897.  109.  297.   82.  539.    8.  219.  451. 1021.]
[3897.  109.  297.   82.  539.    8.  219.  451. 1021.   53.]
[ 109.  297.   82.  539.    8.  219.  451. 1021.   53.  503.]
[ 297.   82.  539.    8.  219.  451. 1021.   53.  503.  700.]
[  82.  539.    8.  219.  451. 1021.   53.  503.  700.   74.]
[ 539.    8.  219.  451. 1021.   53.  503.  700.   74.  965.]
[   8.  219.  451. 1021.   53.  503.  700.   74.  965. 3569.]
[ 219.  451. 1021.   53.  503.  700.   74.  965. 3569.  455.]
[ 451. 1021.   53.  503.  700.   74.  965. 3569.  455.  120.]
[1021.   53.  503.  700.   74.  965. 3569.  455.  120.   41.]
[  53.  503.  700.   74.  965. 3569.  455.  120.   41.   91.]
[ 503.  700.   74.  965. 3569.  455.  120.   41.   91.  535.]
[ 700.   74.  965. 3569.  455.  120.   41.   91.  535.  362.]
[  74.  965. 3569.  455.  120.   41.   91.  535.  362.  574.]
[ 965. 3569.  455.  120.   41.   91.  535.  362.  574. 1748.]
[3569.  455.  120.   41.   91.  535.  362.  574. 1748. 1841.]
[ 455.  120.   41.   91.  535.  362.  574. 1748. 1841. 3392.]
[ 120.   41.   91.  535.  362.  574. 1748. 1841. 3392.  270.]
[  41.   91.  535.  362.  574. 1748. 1841. 3392.  270.  160.]
[  91.  535.  362.  574. 1748. 1841. 3392.  270.  160. 1060.]
[ 535.  362.  574. 1748. 1841. 3392.  270.  160. 1060.  556.]
