[ 16.  45.  83.  67.  67.  39.   7.  30.  55. 115.]
[ 45.  83.  67.  67.  39.   7.  30.  55. 115.  36.]
[ 83.  67.  67.  39.   7.  30.  55. 115.  36.  52.]
[ 67.  67.  39.   7.  30.  55. 115.  36.  52.  51.]
[ 67.  39.   7.  30.  55. 115.  36.  52.  51. 214.]
[ 39.   7.  30.  55. 115.  36.  52.  51. 214.  47.]
[  7.  30.  55. 115.  36.  52.  51. 214.  47.  42.]
[ 30.  55. 115.  36.  52.  51. 214.  47.  42.  40.]
[ 55. 115.  36.  52.  51. 214.  47.  42.  40.  67.]
[115.  36.  52.  51. 214.  47.  42.  40.  67.  42.]
[ 36.  52.  51. 214.  47.  42.  40.  67.  42.  70.]
[ 52.  51. 214.  47.  42.  40.  67.  42.  70.  69.]
[ 51. 214.  47.  42.  40.  67.  42.  70.  69.  42.]
[214.  47.  42.  40.  67.  42.  70.  69.  42.  48.]
[47. 42. 40. 67. 42. 70. 69. 42. 48. 20.]
[42. 40. 67. 42. 70. 69. 42. 48. 20. 52.]
[40. 67. 42. 70. 69. 42. 48. 20. 52. 46.]
[ 67.  42.  70.  69.  42.  48.  20.  52.  46. 146.]
[ 42.  70.  69.  42.  48.  20.  52.  46. 146.  31.]
[ 70.  69.  42.  48.  20.  52.  46. 146.  31.  45.]
[ 69.  42.  48.  20.  52.  46. 146.  31.  45.  46.]
[ 42.  48.  20.  52.  46. 146.  31.  45.  46.  85.]
[ 48.  20.  52.  46. 146.  31.  45.  46.  85. 124.]
[ 20.  52.  46. 146.  31.  45.  46.  85. 124.  55.]
[ 52.  46. 146.  31.  45.  46.  85. 124.  55.  21.]
[ 46. 146.  31.  45.  46.  85. 124.  55.  21. 108.]
[146.  31.  45.  46.  85. 124.  55.  21. 108.  31.]
[ 31.  45.  46.  85. 124.  55.  21. 108.  31.  27.]
[ 45.  46.  85. 124.  55.  21. 108.  31.  27.  31.]
[ 46.  85. 124.  55.  21. 108.  31.  27.  31.  70.]
[ 85. 124.  55.  21. 108.  31.  27.  31.  70.  56.]
[124.  55.  21. 108.  31.  27.  31.  70.  56.  45.]
[ 55.  21. 108.  31.  27.  31.  70.  56.  45. 133.]
[ 21. 108.  31.  27.  31.  70.  56.  45. 133. 106.]
[108.  31.  27.  31.  70.  56.  45. 133. 106.  68.]
[ 31.  27.  31.  70.  56.  45. 133. 106.  68.  91.]
[ 27.  31.  70.  56.  45. 133. 106.  68.  91. 142.]
[ 31.  70.  56.  45. 133. 106.  68.  91. 142.  19.]
[ 70.  56.  45. 133. 106.  68.  91. 142.  19.  66.]
[ 56.  45. 133. 106.  68.  91. 142.  19.  66.  44.]
[ 45. 133. 106.  68.  91. 142.  19.  66.  44.  47.]
[133. 106.  68.  91. 142.  19.  66.  44.  47.  60.]
[106.  68.  91. 142.  19.  66.  44.  47.  60.  45.]
[ 68.  91. 142.  19.  66.  44.  47.  60.  45.  73.]
[ 91. 142.  19.  66.  44.  47.  60.  45.  73.   3.]
[142.  19.  66.  44.  47.  60.  45.  73.   3.  20.]
[19. 66. 44. 47. 60. 45. 73.  3. 20. 65.]
[66. 44. 47. 60. 45. 73.  3. 20. 65. 11.]
[44. 47. 60. 45. 73.  3. 20. 65. 11. 32.]
[47. 60. 45. 73.  3. 20. 65. 11. 32. 55.]
[ 60.  45.  73.   3.  20.  65.  11.  32.  55. 225.]
[ 45.  73.   3.  20.  65.  11.  32.  55. 225. 150.]
[ 73.   3.  20.  65.  11.  32.  55. 225. 150.  64.]
[  3.  20.  65.  11.  32.  55. 225. 150.  64. 224.]
[ 20.  65.  11.  32.  55. 225. 150.  64. 224.  91.]
[ 65.  11.  32.  55. 225. 150.  64. 224.  91.  99.]
[ 11.  32.  55. 225. 150.  64. 224.  91.  99.  13.]
[ 32.  55. 225. 150.  64. 224.  91.  99.  13.  56.]
[ 55. 225. 150.  64. 224.  91.  99.  13.  56.  44.]
[225. 150.  64. 224.  91.  99.  13.  56.  44.  54.]
[150.  64. 224.  91.  99.  13.  56.  44.  54. 307.]
[ 64. 224.  91.  99.  13.  56.  44.  54. 307. 638.]
[224.  91.  99.  13.  56.  44.  54. 307. 638. 107.]
[ 91.  99.  13.  56.  44.  54. 307. 638. 107.  45.]
[ 99.  13.  56.  44.  54. 307. 638. 107.  45. 129.]
[ 13.  56.  44.  54. 307. 638. 107.  45. 129.  27.]
[ 56.  44.  54. 307. 638. 107.  45. 129.  27.  28.]
[ 44.  54. 307. 638. 107.  45. 129.  27.  28.  66.]
[ 54. 307. 638. 107.  45. 129.  27.  28.  66.  42.]
[307. 638. 107.  45. 129.  27.  28.  66.  42. 104.]
[638. 107.  45. 129.  27.  28.  66.  42. 104.  34.]
[107.  45. 129.  27.  28.  66.  42. 104.  34.  59.]
[ 45. 129.  27.  28.  66.  42. 104.  34.  59.  15.]
[129.  27.  28.  66.  42. 104.  34.  59.  15.  40.]
[ 27.  28.  66.  42. 104.  34.  59.  15.  40.  53.]
[ 28.  66.  42. 104.  34.  59.  15.  40.  53.  71.]
[ 66.  42. 104.  34.  59.  15.  40.  53.  71.  47.]
[ 42. 104.  34.  59.  15.  40.  53.  71.  47.  35.]
[104.  34.  59.  15.  40.  53.  71.  47.  35.  38.]
[34. 59. 15. 40. 53. 71. 47. 35. 38. 48.]
[59. 15. 40. 53. 71. 47. 35. 38. 48. 18.]
[15. 40. 53. 71. 47. 35. 38. 48. 18. 48.]
[40. 53. 71. 47. 35. 38. 48. 18. 48. 39.]
[53. 71. 47. 35. 38. 48. 18. 48. 39. 52.]
[71. 47. 35. 38. 48. 18. 48. 39. 52. 42.]
[47. 35. 38. 48. 18. 48. 39. 52. 42. 22.]
[ 35.  38.  48.  18.  48.  39.  52.  42.  22. 137.]
[ 38.  48.  18.  48.  39.  52.  42.  22. 137.  39.]
[ 48.  18.  48.  39.  52.  42.  22. 137.  39.  25.]
[ 18.  48.  39.  52.  42.  22. 137.  39.  25.  76.]
[ 48.  39.  52.  42.  22. 137.  39.  25.  76.  34.]
[ 39.  52.  42.  22. 137.  39.  25.  76.  34.  51.]
[ 52.  42.  22. 137.  39.  25.  76.  34.  51.  39.]
[ 42.  22. 137.  39.  25.  76.  34.  51.  39.  92.]
[ 22. 137.  39.  25.  76.  34.  51.  39.  92.  49.]
[137.  39.  25.  76.  34.  51.  39.  92.  49. 123.]
[ 39.  25.  76.  34.  51.  39.  92.  49. 123.  52.]
[ 25.  76.  34.  51.  39.  92.  49. 123.  52.  32.]
[ 76.  34.  51.  39.  92.  49. 123.  52.  32.  74.]
[ 34.  51.  39.  92.  49. 123.  52.  32.  74.  54.]
[ 51.  39.  92.  49. 123.  52.  32.  74.  54.   0.]
[ 39.  92.  49. 123.  52.  32.  74.  54.   0.  87.]
[ 92.  49. 123.  52.  32.  74.  54.   0.  87.  66.]
[ 49. 123.  52.  32.  74.  54.   0.  87.  66.  47.]
[123.  52.  32.  74.  54.   0.  87.  66.  47.  57.]
[52. 32. 74. 54.  0. 87. 66. 47. 57. 61.]
[32. 74. 54.  0. 87. 66. 47. 57. 61. 22.]
[74. 54.  0. 87. 66. 47. 57. 61. 22. 29.]
[54.  0. 87. 66. 47. 57. 61. 22. 29. 47.]
[ 0. 87. 66. 47. 57. 61. 22. 29. 47. 16.]
[87. 66. 47. 57. 61. 22. 29. 47. 16. 95.]
[66. 47. 57. 61. 22. 29. 47. 16. 95. 46.]
[47. 57. 61. 22. 29. 47. 16. 95. 46. 65.]
[ 57.  61.  22.  29.  47.  16.  95.  46.  65. 539.]
[ 61.  22.  29.  47.  16.  95.  46.  65. 539.  20.]
[ 22.  29.  47.  16.  95.  46.  65. 539.  20.  37.]
[ 29.  47.  16.  95.  46.  65. 539.  20.  37.  43.]
[ 47.  16.  95.  46.  65. 539.  20.  37.  43. 298.]
[ 16.  95.  46.  65. 539.  20.  37.  43. 298.  44.]
[ 95.  46.  65. 539.  20.  37.  43. 298.  44.  36.]
[ 46.  65. 539.  20.  37.  43. 298.  44.  36.  39.]
[ 65. 539.  20.  37.  43. 298.  44.  36.  39.  31.]
[539.  20.  37.  43. 298.  44.  36.  39.  31.  33.]
[ 20.  37.  43. 298.  44.  36.  39.  31.  33.  70.]
[ 37.  43. 298.  44.  36.  39.  31.  33.  70.  10.]
[ 43. 298.  44.  36.  39.  31.  33.  70.  10. 100.]
[298.  44.  36.  39.  31.  33.  70.  10. 100.   8.]
[ 44.  36.  39.  31.  33.  70.  10. 100.   8.  55.]
[ 36.  39.  31.  33.  70.  10. 100.   8.  55.   8.]
[ 39.  31.  33.  70.  10. 100.   8.  55.   8.  25.]
[ 31.  33.  70.  10. 100.   8.  55.   8.  25.  75.]
[ 33.  70.  10. 100.   8.  55.   8.  25.  75.  41.]
[ 70.  10. 100.   8.  55.   8.  25.  75.  41.  42.]
[ 10. 100.   8.  55.   8.  25.  75.  41.  42.  92.]
[100.   8.  55.   8.  25.  75.  41.  42.  92.  52.]
[ 8. 55.  8. 25. 75. 41. 42. 92. 52. 43.]
[55.  8. 25. 75. 41. 42. 92. 52. 43. 83.]
[ 8. 25. 75. 41. 42. 92. 52. 43. 83. 92.]
[25. 75. 41. 42. 92. 52. 43. 83. 92. 58.]
[75. 41. 42. 92. 52. 43. 83. 92. 58. 77.]
[41. 42. 92. 52. 43. 83. 92. 58. 77. 39.]
[42. 92. 52. 43. 83. 92. 58. 77. 39. 39.]
[ 92.  52.  43.  83.  92.  58.  77.  39.  39. 101.]
[ 52.  43.  83.  92.  58.  77.  39.  39. 101.  59.]
[ 43.  83.  92.  58.  77.  39.  39. 101.  59.  55.]
[ 83.  92.  58.  77.  39.  39. 101.  59.  55. 211.]
[ 92.  58.  77.  39.  39. 101.  59.  55. 211.  94.]
[ 58.  77.  39.  39. 101.  59.  55. 211.  94.  63.]
[ 77.  39.  39. 101.  59.  55. 211.  94.  63. 504.]
[ 39.  39. 101.  59.  55. 211.  94.  63. 504.  61.]
[ 39. 101.  59.  55. 211.  94.  63. 504.  61.  38.]
[101.  59.  55. 211.  94.  63. 504.  61.  38. 100.]
[ 59.  55. 211.  94.  63. 504.  61.  38. 100.  57.]
[ 55. 211.  94.  63. 504.  61.  38. 100.  57. 126.]
[211.  94.  63. 504.  61.  38. 100.  57. 126.  49.]
[ 94.  63. 504.  61.  38. 100.  57. 126.  49.  44.]
[ 63. 504.  61.  38. 100.  57. 126.  49.  44.  76.]
[504.  61.  38. 100.  57. 126.  49.  44.  76.  60.]
[ 61.  38. 100.  57. 126.  49.  44.  76.  60.  14.]
[ 38. 100.  57. 126.  49.  44.  76.  60.  14.  45.]
[100.  57. 126.  49.  44.  76.  60.  14.  45.  69.]
[ 57. 126.  49.  44.  76.  60.  14.  45.  69. 333.]
[126.  49.  44.  76.  60.  14.  45.  69. 333.  59.]
[ 49.  44.  76.  60.  14.  45.  69. 333.  59.  44.]
[ 44.  76.  60.  14.  45.  69. 333.  59.  44.  48.]
[ 76.  60.  14.  45.  69. 333.  59.  44.  48.   0.]
[ 60.  14.  45.  69. 333.  59.  44.  48.   0.   9.]
[ 14.  45.  69. 333.  59.  44.  48.   0.   9. 216.]
[ 45.  69. 333.  59.  44.  48.   0.   9. 216.  84.]
[ 69. 333.  59.  44.  48.   0.   9. 216.  84.  87.]
[333.  59.  44.  48.   0.   9. 216.  84.  87.  27.]
[ 59.  44.  48.   0.   9. 216.  84.  87.  27.  44.]
[ 44.  48.   0.   9. 216.  84.  87.  27.  44.  25.]
[ 48.   0.   9. 216.  84.  87.  27.  44.  25.  27.]
[  0.   9. 216.  84.  87.  27.  44.  25.  27.  43.]
[  9. 216.  84.  87.  27.  44.  25.  27.  43.  27.]
[216.  84.  87.  27.  44.  25.  27.  43.  27.  13.]
[84. 87. 27. 44. 25. 27. 43. 27. 13. 43.]
[87. 27. 44. 25. 27. 43. 27. 13. 43. 24.]
[27. 44. 25. 27. 43. 27. 13. 43. 24. 40.]
[44. 25. 27. 43. 27. 13. 43. 24. 40. 20.]
[25. 27. 43. 27. 13. 43. 24. 40. 20. 78.]
[27. 43. 27. 13. 43. 24. 40. 20. 78. 45.]
[ 43.  27.  13.  43.  24.  40.  20.  78.  45. 132.]
[ 27.  13.  43.  24.  40.  20.  78.  45. 132. 114.]
[ 13.  43.  24.  40.  20.  78.  45. 132. 114.  98.]
[ 43.  24.  40.  20.  78.  45. 132. 114.  98.  46.]
[ 24.  40.  20.  78.  45. 132. 114.  98.  46.  66.]
[ 40.  20.  78.  45. 132. 114.  98.  46.  66. 426.]
[ 20.  78.  45. 132. 114.  98.  46.  66. 426. 166.]
[ 78.  45. 132. 114.  98.  46.  66. 426. 166.  78.]
[ 45. 132. 114.  98.  46.  66. 426. 166.  78.  57.]
[132. 114.  98.  46.  66. 426. 166.  78.  57.  49.]
[114.  98.  46.  66. 426. 166.  78.  57.  49.  98.]
[ 98.  46.  66. 426. 166.  78.  57.  49.  98.  46.]
[ 46.  66. 426. 166.  78.  57.  49.  98.  46.  67.]
[ 66. 426. 166.  78.  57.  49.  98.  46.  67.  52.]
[426. 166.  78.  57.  49.  98.  46.  67.  52. 129.]
[166.  78.  57.  49.  98.  46.  67.  52. 129. 753.]
[ 78.  57.  49.  98.  46.  67.  52. 129. 753.  52.]
[ 57.  49.  98.  46.  67.  52. 129. 753.  52.  74.]
[ 49.  98.  46.  67.  52. 129. 753.  52.  74.  36.]
[ 98.  46.  67.  52. 129. 753.  52.  74.  36.  15.]
[ 46.  67.  52. 129. 753.  52.  74.  36.  15.  66.]
[ 67.  52. 129. 753.  52.  74.  36.  15.  66.  33.]
[ 52. 129. 753.  52.  74.  36.  15.  66.  33.  54.]
[129. 753.  52.  74.  36.  15.  66.  33.  54. 189.]
[753.  52.  74.  36.  15.  66.  33.  54. 189.  29.]
[ 52.  74.  36.  15.  66.  33.  54. 189.  29.  30.]
[ 74.  36.  15.  66.  33.  54. 189.  29.  30.  72.]
[ 36.  15.  66.  33.  54. 189.  29.  30.  72.  21.]
[ 15.  66.  33.  54. 189.  29.  30.  72.  21. 108.]
[ 66.  33.  54. 189.  29.  30.  72.  21. 108.  98.]
[ 33.  54. 189.  29.  30.  72.  21. 108.  98. 156.]
[ 54. 189.  29.  30.  72.  21. 108.  98. 156.  37.]
[ 189.   29.   30.   72.   21.  108.   98.  156.   37. 2722.]
[  29.   30.   72.   21.  108.   98.  156.   37. 2722.   55.]
[  30.   72.   21.  108.   98.  156.   37. 2722.   55.   35.]
[  72.   21.  108.   98.  156.   37. 2722.   55.   35.   75.]
[  21.  108.   98.  156.   37. 2722.   55.   35.   75.   46.]
[ 108.   98.  156.   37. 2722.   55.   35.   75.   46.   67.]
[  98.  156.   37. 2722.   55.   35.   75.   46.   67.   63.]
[ 156.   37. 2722.   55.   35.   75.   46.   67.   63.   88.]
[  37. 2722.   55.   35.   75.   46.   67.   63.   88.   44.]
[2722.   55.   35.   75.   46.   67.   63.   88.   44.   73.]
[55. 35. 75. 46. 67. 63. 88. 44. 73. 47.]
[35. 75. 46. 67. 63. 88. 44. 73. 47. 94.]
[75. 46. 67. 63. 88. 44. 73. 47. 94. 16.]
[46. 67. 63. 88. 44. 73. 47. 94. 16. 47.]
[ 67.  63.  88.  44.  73.  47.  94.  16.  47. 171.]
[  63.   88.   44.   73.   47.   94.   16.   47.  171. 1241.]
[  88.   44.   73.   47.   94.   16.   47.  171. 1241.    4.]
[  44.   73.   47.   94.   16.   47.  171. 1241.    4.   94.]
[7.300e+01 4.700e+01 9.400e+01 1.600e+01 4.700e+01 1.710e+02 1.241e+03
 4.000e+00 9.400e+01 1.000e+00]
[4.700e+01 9.400e+01 1.600e+01 4.700e+01 1.710e+02 1.241e+03 4.000e+00
 9.400e+01 1.000e+00 1.710e+02]
[9.400e+01 1.600e+01 4.700e+01 1.710e+02 1.241e+03 4.000e+00 9.400e+01
 1.000e+00 1.710e+02 1.400e+01]
[1.600e+01 4.700e+01 1.710e+02 1.241e+03 4.000e+00 9.400e+01 1.000e+00
 1.710e+02 1.400e+01 7.100e+01]
[4.700e+01 1.710e+02 1.241e+03 4.000e+00 9.400e+01 1.000e+00 1.710e+02
 1.400e+01 7.100e+01 4.000e+01]
[1.710e+02 1.241e+03 4.000e+00 9.400e+01 1.000e+00 1.710e+02 1.400e+01
 7.100e+01 4.000e+01 5.400e+01]
[1.241e+03 4.000e+00 9.400e+01 1.000e+00 1.710e+02 1.400e+01 7.100e+01
 4.000e+01 5.400e+01 1.060e+02]
[  4.  94.   1. 171.  14.  71.  40.  54. 106.  67.]
[ 94.   1. 171.  14.  71.  40.  54. 106.  67.  73.]
[  1. 171.  14.  71.  40.  54. 106.  67.  73.  74.]
[171.  14.  71.  40.  54. 106.  67.  73.  74.  72.]
[ 14.  71.  40.  54. 106.  67.  73.  74.  72.  85.]
[ 71.  40.  54. 106.  67.  73.  74.  72.  85.  47.]
[ 40.  54. 106.  67.  73.  74.  72.  85.  47. 172.]
[ 54. 106.  67.  73.  74.  72.  85.  47. 172.  34.]
[106.  67.  73.  74.  72.  85.  47. 172.  34.  33.]
[ 67.  73.  74.  72.  85.  47. 172.  34.  33.  67.]
[ 73.  74.  72.  85.  47. 172.  34.  33.  67.  67.]
[ 74.  72.  85.  47. 172.  34.  33.  67.  67. 283.]
[  72.   85.   47.  172.   34.   33.   67.   67.  283. 3090.]
[  85.   47.  172.   34.   33.   67.   67.  283. 3090.   57.]
[  47.  172.   34.   33.   67.   67.  283. 3090.   57.   31.]
[ 172.   34.   33.   67.   67.  283. 3090.   57.   31.   46.]
[  34.   33.   67.   67.  283. 3090.   57.   31.   46.   26.]
[  33.   67.   67.  283. 3090.   57.   31.   46.   26.   34.]
[  67.   67.  283. 3090.   57.   31.   46.   26.   34.   74.]
[  67.  283. 3090.   57.   31.   46.   26.   34.   74.   53.]
[ 283. 3090.   57.   31.   46.   26.   34.   74.   53.   39.]
[3090.   57.   31.   46.   26.   34.   74.   53.   39.   83.]
[57. 31. 46. 26. 34. 74. 53. 39. 83. 61.]
[ 31.  46.  26.  34.  74.  53.  39.  83.  61. 166.]
[ 46.  26.  34.  74.  53.  39.  83.  61. 166.  88.]
[ 26.  34.  74.  53.  39.  83.  61. 166.  88.  35.]
[ 34.  74.  53.  39.  83.  61. 166.  88.  35.  84.]
[ 74.  53.  39.  83.  61. 166.  88.  35.  84.   7.]
[  53.   39.   83.   61.  166.   88.   35.   84.    7. 3078.]
[  39.   83.   61.  166.   88.   35.   84.    7. 3078.   61.]
[  83.   61.  166.   88.   35.   84.    7. 3078.   61.   44.]
[  61.  166.   88.   35.   84.    7. 3078.   61.   44.  789.]
[ 166.   88.   35.   84.    7. 3078.   61.   44.  789.  119.]
[  88.   35.   84.    7. 3078.   61.   44.  789.  119.   35.]
[  35.   84.    7. 3078.   61.   44.  789.  119.   35.   68.]
[  84.    7. 3078.   61.   44.  789.  119.   35.   68.  270.]
[   7. 3078.   61.   44.  789.  119.   35.   68.  270.   29.]
[3078.   61.   44.  789.  119.   35.   68.  270.   29.   34.]
[ 61.  44. 789. 119.  35.  68. 270.  29.  34.  78.]
[ 44. 789. 119.  35.  68. 270.  29.  34.  78. 174.]
[789. 119.  35.  68. 270.  29.  34.  78. 174.  85.]
[119.  35.  68. 270.  29.  34.  78. 174.  85.  74.]
[ 35.  68. 270.  29.  34.  78. 174.  85.  74.  23.]
[ 68. 270.  29.  34.  78. 174.  85.  74.  23.  38.]
[270.  29.  34.  78. 174.  85.  74.  23.  38.  74.]
[ 29.  34.  78. 174.  85.  74.  23.  38.  74.  55.]
[ 34.  78. 174.  85.  74.  23.  38.  74.  55.   9.]
[ 78. 174.  85.  74.  23.  38.  74.  55.   9.  59.]
[174.  85.  74.  23.  38.  74.  55.   9.  59.  46.]
[85. 74. 23. 38. 74. 55.  9. 59. 46. 22.]
[74. 23. 38. 74. 55.  9. 59. 46. 22. 30.]
[23. 38. 74. 55.  9. 59. 46. 22. 30. 89.]
[38. 74. 55.  9. 59. 46. 22. 30. 89. 61.]
[74. 55.  9. 59. 46. 22. 30. 89. 61. 67.]
[55.  9. 59. 46. 22. 30. 89. 61. 67. 43.]
[  9.  59.  46.  22.  30.  89.  61.  67.  43. 868.]
[ 59.  46.  22.  30.  89.  61.  67.  43. 868.  32.]
[ 46.  22.  30.  89.  61.  67.  43. 868.  32.  77.]
[ 22.  30.  89.  61.  67.  43. 868.  32.  77. 460.]
[ 30.  89.  61.  67.  43. 868.  32.  77. 460.  92.]
[ 89.  61.  67.  43. 868.  32.  77. 460.  92.  86.]
[ 61.  67.  43. 868.  32.  77. 460.  92.  86.  35.]
[ 67.  43. 868.  32.  77. 460.  92.  86.  35.  69.]
[ 43. 868.  32.  77. 460.  92.  86.  35.  69. 325.]
[868.  32.  77. 460.  92.  86.  35.  69. 325. 588.]
[ 32.  77. 460.  92.  86.  35.  69. 325. 588.  70.]
[ 77. 460.  92.  86.  35.  69. 325. 588.  70. 110.]
[460.  92.  86.  35.  69. 325. 588.  70. 110.  53.]
[ 92.  86.  35.  69. 325. 588.  70. 110.  53.  41.]
[ 86.  35.  69. 325. 588.  70. 110.  53.  41. 106.]
[ 35.  69. 325. 588.  70. 110.  53.  41. 106.  73.]
[ 69. 325. 588.  70. 110.  53.  41. 106.  73.  22.]
[325. 588.  70. 110.  53.  41. 106.  73.  22.  64.]
[588.  70. 110.  53.  41. 106.  73.  22.  64.  34.]
[ 70. 110.  53.  41. 106.  73.  22.  64.  34.  71.]
[110.  53.  41. 106.  73.  22.  64.  34.  71.  82.]
[ 53.  41. 106.  73.  22.  64.  34.  71.  82. 142.]
[ 41. 106.  73.  22.  64.  34.  71.  82. 142.  47.]
[106.  73.  22.  64.  34.  71.  82. 142.  47.  17.]
[ 73.  22.  64.  34.  71.  82. 142.  47.  17.  95.]
[ 22.  64.  34.  71.  82. 142.  47.  17.  95. 107.]
[ 64.  34.  71.  82. 142.  47.  17.  95. 107.  53.]
[ 34.  71.  82. 142.  47.  17.  95. 107.  53.  33.]
[ 71.  82. 142.  47.  17.  95. 107.  53.  33.  67.]
[ 82. 142.  47.  17.  95. 107.  53.  33.  67. 136.]
[142.  47.  17.  95. 107.  53.  33.  67. 136.  53.]
[ 47.  17.  95. 107.  53.  33.  67. 136.  53. 189.]
[ 17.  95. 107.  53.  33.  67. 136.  53. 189. 768.]
[ 95. 107.  53.  33.  67. 136.  53. 189. 768.  29.]
[107.  53.  33.  67. 136.  53. 189. 768.  29. 146.]
[ 53.  33.  67. 136.  53. 189. 768.  29. 146.  34.]
[ 33.  67. 136.  53. 189. 768.  29. 146.  34. 160.]
[ 67. 136.  53. 189. 768.  29. 146.  34. 160.  43.]
[136.  53. 189. 768.  29. 146.  34. 160.  43.  63.]
[ 53. 189. 768.  29. 146.  34. 160.  43.  63.  42.]
[189. 768.  29. 146.  34. 160.  43.  63.  42.  50.]
[768.  29. 146.  34. 160.  43.  63.  42.  50.  91.]
[ 29. 146.  34. 160.  43.  63.  42.  50.  91.  66.]
[146.  34. 160.  43.  63.  42.  50.  91.  66.  19.]
[ 34. 160.  43.  63.  42.  50.  91.  66.  19.  77.]
[160.  43.  63.  42.  50.  91.  66.  19.  77.  67.]
[43. 63. 42. 50. 91. 66. 19. 77. 67. 28.]
[ 63.  42.  50.  91.  66.  19.  77.  67.  28. 115.]
[ 42.  50.  91.  66.  19.  77.  67.  28. 115.  93.]
[ 50.  91.  66.  19.  77.  67.  28. 115.  93. 113.]
[ 91.  66.  19.  77.  67.  28. 115.  93. 113.  38.]
[ 66.  19.  77.  67.  28. 115.  93. 113.  38.  81.]
[ 19.  77.  67.  28. 115.  93. 113.  38.  81.  20.]
[ 77.  67.  28. 115.  93. 113.  38.  81.  20. 173.]
[ 67.  28. 115.  93. 113.  38.  81.  20. 173.  54.]
[ 28. 115.  93. 113.  38.  81.  20. 173.  54.  58.]
[115.  93. 113.  38.  81.  20. 173.  54.  58.  22.]
[ 93. 113.  38.  81.  20. 173.  54.  58.  22.  65.]
[113.  38.  81.  20. 173.  54.  58.  22.  65. 123.]
[ 38.  81.  20. 173.  54.  58.  22.  65. 123. 224.]
[ 81.  20. 173.  54.  58.  22.  65. 123. 224. 126.]
[ 20. 173.  54.  58.  22.  65. 123. 224. 126.  59.]
[173.  54.  58.  22.  65. 123. 224. 126.  59.  65.]
[ 54.  58.  22.  65. 123. 224. 126.  59.  65. 233.]
[ 58.  22.  65. 123. 224. 126.  59.  65. 233. 213.]
[ 22.  65. 123. 224. 126.  59.  65. 233. 213.  85.]
[ 65. 123. 224. 126.  59.  65. 233. 213.  85.  59.]
[123. 224. 126.  59.  65. 233. 213.  85.  59.  54.]
[224. 126.  59.  65. 233. 213.  85.  59.  54. 690.]
[126.  59.  65. 233. 213.  85.  59.  54. 690.  18.]
[ 59.  65. 233. 213.  85.  59.  54. 690.  18.  72.]
[ 65. 233. 213.  85.  59.  54. 690.  18.  72.  90.]
[233. 213.  85.  59.  54. 690.  18.  72.  90.  66.]
[213.  85.  59.  54. 690.  18.  72.  90.  66.  61.]
[ 85.  59.  54. 690.  18.  72.  90.  66.  61.  37.]
[ 59.  54. 690.  18.  72.  90.  66.  61.  37.  14.]
[ 54. 690.  18.  72.  90.  66.  61.  37.  14.  49.]
[690.  18.  72.  90.  66.  61.  37.  14.  49.  37.]
[ 18.  72.  90.  66.  61.  37.  14.  49.  37. 106.]
[ 72.  90.  66.  61.  37.  14.  49.  37. 106.  48.]
[ 90.  66.  61.  37.  14.  49.  37. 106.  48.  54.]
[ 66.  61.  37.  14.  49.  37. 106.  48.  54.  79.]
[ 61.  37.  14.  49.  37. 106.  48.  54.  79.  16.]
[ 37.  14.  49.  37. 106.  48.  54.  79.  16.  13.]
[ 14.  49.  37. 106.  48.  54.  79.  16.  13. 340.]
[ 49.  37. 106.  48.  54.  79.  16.  13. 340.  59.]
[ 37. 106.  48.  54.  79.  16.  13. 340.  59.  61.]
[106.  48.  54.  79.  16.  13. 340.  59.  61.  40.]
[ 48.  54.  79.  16.  13. 340.  59.  61.  40.  62.]
[ 54.  79.  16.  13. 340.  59.  61.  40.  62.  62.]
[ 79.  16.  13. 340.  59.  61.  40.  62.  62.  27.]
[ 16.  13. 340.  59.  61.  40.  62.  62.  27.  17.]
[ 13. 340.  59.  61.  40.  62.  62.  27.  17.  46.]
[340.  59.  61.  40.  62.  62.  27.  17.  46.  55.]
[59. 61. 40. 62. 62. 27. 17. 46. 55. 49.]
[61. 40. 62. 62. 27. 17. 46. 55. 49. 65.]
[40. 62. 62. 27. 17. 46. 55. 49. 65. 97.]
[62. 62. 27. 17. 46. 55. 49. 65. 97. 31.]
[62. 27. 17. 46. 55. 49. 65. 97. 31. 49.]
[27. 17. 46. 55. 49. 65. 97. 31. 49.  3.]
[17. 46. 55. 49. 65. 97. 31. 49.  3. 48.]
[ 46.  55.  49.  65.  97.  31.  49.   3.  48. 352.]
[ 55.  49.  65.  97.  31.  49.   3.  48. 352.  54.]
[ 49.  65.  97.  31.  49.   3.  48. 352.  54.  59.]
[  65.   97.   31.   49.    3.   48.  352.   54.   59. 1151.]
[  97.   31.   49.    3.   48.  352.   54.   59. 1151.   56.]
[  31.   49.    3.   48.  352.   54.   59. 1151.   56.   63.]
[  49.    3.   48.  352.   54.   59. 1151.   56.   63.   81.]
[   3.   48.  352.   54.   59. 1151.   56.   63.   81.  112.]
[  48.  352.   54.   59. 1151.   56.   63.   81.  112.   71.]
[ 352.   54.   59. 1151.   56.   63.   81.  112.   71.   89.]
[  54.   59. 1151.   56.   63.   81.  112.   71.   89.   16.]
[  59. 1151.   56.   63.   81.  112.   71.   89.   16.   59.]
[1151.   56.   63.   81.  112.   71.   89.   16.   59.   19.]
[ 56.  63.  81. 112.  71.  89.  16.  59.  19.  45.]
[ 63.  81. 112.  71.  89.  16.  59.  19.  45.  98.]
[ 81. 112.  71.  89.  16.  59.  19.  45.  98. 349.]
[112.  71.  89.  16.  59.  19.  45.  98. 349. 128.]
[ 71.  89.  16.  59.  19.  45.  98. 349. 128.  33.]
[ 89.  16.  59.  19.  45.  98. 349. 128.  33. 145.]
[ 16.  59.  19.  45.  98. 349. 128.  33. 145.   4.]
[ 59.  19.  45.  98. 349. 128.  33. 145.   4. 277.]
[ 19.  45.  98. 349. 128.  33. 145.   4. 277.  51.]
[ 45.  98. 349. 128.  33. 145.   4. 277.  51.  30.]
[ 98. 349. 128.  33. 145.   4. 277.  51.  30. 263.]
[349. 128.  33. 145.   4. 277.  51.  30. 263.  86.]
[128.  33. 145.   4. 277.  51.  30. 263.  86.  39.]
[ 33. 145.   4. 277.  51.  30. 263.  86.  39.  34.]
[145.   4. 277.  51.  30. 263.  86.  39.  34.  94.]
[  4. 277.  51.  30. 263.  86.  39.  34.  94. 233.]
[277.  51.  30. 263.  86.  39.  34.  94. 233.   6.]
[ 51.  30. 263.  86.  39.  34.  94. 233.   6.  45.]
[  30.  263.   86.   39.   34.   94.  233.    6.   45. 1182.]
[ 263.   86.   39.   34.   94.  233.    6.   45. 1182.   16.]
[  86.   39.   34.   94.  233.    6.   45. 1182.   16.   26.]
[  39.   34.   94.  233.    6.   45. 1182.   16.   26.  104.]
[  34.   94.  233.    6.   45. 1182.   16.   26.  104.   51.]
[  94.  233.    6.   45. 1182.   16.   26.  104.   51.   62.]
[ 233.    6.   45. 1182.   16.   26.  104.   51.   62.   92.]
[   6.   45. 1182.   16.   26.  104.   51.   62.   92.   69.]
[  45. 1182.   16.   26.  104.   51.   62.   92.   69.   71.]
[1182.   16.   26.  104.   51.   62.   92.   69.   71.   45.]
[ 16.  26. 104.  51.  62.  92.  69.  71.  45.  28.]
[ 26. 104.  51.  62.  92.  69.  71.  45.  28.  97.]
[104.  51.  62.  92.  69.  71.  45.  28.  97. 616.]
[ 51.  62.  92.  69.  71.  45.  28.  97. 616.  27.]
[ 62.  92.  69.  71.  45.  28.  97. 616.  27. 181.]
[ 92.  69.  71.  45.  28.  97. 616.  27. 181.  72.]
[ 69.  71.  45.  28.  97. 616.  27. 181.  72. 102.]
[ 71.  45.  28.  97. 616.  27. 181.  72. 102.  56.]
[ 45.  28.  97. 616.  27. 181.  72. 102.  56.  59.]
[ 28.  97. 616.  27. 181.  72. 102.  56.  59.  28.]
[ 97. 616.  27. 181.  72. 102.  56.  59.  28.  89.]
[616.  27. 181.  72. 102.  56.  59.  28.  89.  55.]
[ 27. 181.  72. 102.  56.  59.  28.  89.  55.  10.]
[181.  72. 102.  56.  59.  28.  89.  55.  10.  64.]
[ 72. 102.  56.  59.  28.  89.  55.  10.  64.  75.]
[102.  56.  59.  28.  89.  55.  10.  64.  75. 829.]
[ 56.  59.  28.  89.  55.  10.  64.  75. 829.  53.]
[ 59.  28.  89.  55.  10.  64.  75. 829.  53. 126.]
[ 28.  89.  55.  10.  64.  75. 829.  53. 126. 827.]
[ 89.  55.  10.  64.  75. 829.  53. 126. 827.  50.]
[ 55.  10.  64.  75. 829.  53. 126. 827.  50. 634.]
[ 10.  64.  75. 829.  53. 126. 827.  50. 634.  75.]
[ 64.  75. 829.  53. 126. 827.  50. 634.  75.  15.]
[ 75. 829.  53. 126. 827.  50. 634.  75.  15.  92.]
[829.  53. 126. 827.  50. 634.  75.  15.  92.  13.]
[ 53. 126. 827.  50. 634.  75.  15.  92.  13.  17.]
[126. 827.  50. 634.  75.  15.  92.  13.  17.  26.]
[827.  50. 634.  75.  15.  92.  13.  17.  26.  45.]
[ 50. 634.  75.  15.  92.  13.  17.  26.  45.  42.]
[634.  75.  15.  92.  13.  17.  26.  45.  42.  98.]
[75. 15. 92. 13. 17. 26. 45. 42. 98. 28.]
[15. 92. 13. 17. 26. 45. 42. 98. 28. 20.]
[92. 13. 17. 26. 45. 42. 98. 28. 20. 73.]
[13. 17. 26. 45. 42. 98. 28. 20. 73. 23.]
[17. 26. 45. 42. 98. 28. 20. 73. 23. 10.]
[26. 45. 42. 98. 28. 20. 73. 23. 10. 41.]
[ 45.  42.  98.  28.  20.  73.  23.  10.  41. 103.]
[ 42.  98.  28.  20.  73.  23.  10.  41. 103.  50.]
[ 98.  28.  20.  73.  23.  10.  41. 103.  50. 123.]
[ 28.  20.  73.  23.  10.  41. 103.  50. 123.  55.]
[ 20.  73.  23.  10.  41. 103.  50. 123.  55.  45.]
[ 73.  23.  10.  41. 103.  50. 123.  55.  45.  63.]
[ 23.  10.  41. 103.  50. 123.  55.  45.  63.   6.]
[ 10.  41. 103.  50. 123.  55.  45.  63.   6.  83.]
[ 41. 103.  50. 123.  55.  45.  63.   6.  83.  48.]
[103.  50. 123.  55.  45.  63.   6.  83.  48. 206.]
[  50.  123.   55.   45.   63.    6.   83.   48.  206. 1784.]
[ 123.   55.   45.   63.    6.   83.   48.  206. 1784.   56.]
[  55.   45.   63.    6.   83.   48.  206. 1784.   56.   31.]
[  45.   63.    6.   83.   48.  206. 1784.   56.   31.   28.]
[  63.    6.   83.   48.  206. 1784.   56.   31.   28.   44.]
[   6.   83.   48.  206. 1784.   56.   31.   28.   44.   39.]
[  83.   48.  206. 1784.   56.   31.   28.   44.   39.   59.]
[  48.  206. 1784.   56.   31.   28.   44.   39.   59.  279.]
[ 206. 1784.   56.   31.   28.   44.   39.   59.  279.  119.]
[1784.   56.   31.   28.   44.   39.   59.  279.  119.   68.]
[ 56.  31.  28.  44.  39.  59. 279. 119.  68.  95.]
[ 31.  28.  44.  39.  59. 279. 119.  68.  95.  44.]
[ 28.  44.  39.  59. 279. 119.  68.  95.  44.  44.]
[ 44.  39.  59. 279. 119.  68.  95.  44.  44.  15.]
[ 39.  59. 279. 119.  68.  95.  44.  44.  15.  45.]
[ 59. 279. 119.  68.  95.  44.  44.  15.  45.  60.]
[279. 119.  68.  95.  44.  44.  15.  45.  60.  59.]
[119.  68.  95.  44.  44.  15.  45.  60.  59.  59.]
[68. 95. 44. 44. 15. 45. 60. 59. 59. 27.]
[95. 44. 44. 15. 45. 60. 59. 59. 27. 53.]
[44. 44. 15. 45. 60. 59. 59. 27. 53. 49.]
[44. 15. 45. 60. 59. 59. 27. 53. 49. 61.]
[ 15.  45.  60.  59.  59.  27.  53.  49.  61. 100.]
[ 45.  60.  59.  59.  27.  53.  49.  61. 100.  26.]
[ 60.  59.  59.  27.  53.  49.  61. 100.  26.   4.]
[ 59.  59.  27.  53.  49.  61. 100.  26.   4.  57.]
[ 59.  27.  53.  49.  61. 100.  26.   4.  57.  17.]
[  27.   53.   49.   61.  100.   26.    4.   57.   17. 1321.]
[  53.   49.   61.  100.   26.    4.   57.   17. 1321.   19.]
[  49.   61.  100.   26.    4.   57.   17. 1321.   19.    9.]
[  61.  100.   26.    4.   57.   17. 1321.   19.    9.   26.]
[ 100.   26.    4.   57.   17. 1321.   19.    9.   26.   48.]
[  26.    4.   57.   17. 1321.   19.    9.   26.   48.   64.]
[   4.   57.   17. 1321.   19.    9.   26.   48.   64.  140.]
[  57.   17. 1321.   19.    9.   26.   48.   64.  140.   36.]
[  17. 1321.   19.    9.   26.   48.   64.  140.   36.   53.]
[1321.   19.    9.   26.   48.   64.  140.   36.   53.  137.]
[ 19.   9.  26.  48.  64. 140.  36.  53. 137.  77.]
[  9.  26.  48.  64. 140.  36.  53. 137.  77.  85.]
[ 26.  48.  64. 140.  36.  53. 137.  77.  85. 129.]
[ 48.  64. 140.  36.  53. 137.  77.  85. 129.  32.]
[ 64. 140.  36.  53. 137.  77.  85. 129.  32.  85.]
[140.  36.  53. 137.  77.  85. 129.  32.  85.  60.]
[ 36.  53. 137.  77.  85. 129.  32.  85.  60.  43.]
[ 53. 137.  77.  85. 129.  32.  85.  60.  43.  50.]
[137.  77.  85. 129.  32.  85.  60.  43.  50.  75.]
[ 77.  85. 129.  32.  85.  60.  43.  50.  75.  54.]
[ 85. 129.  32.  85.  60.  43.  50.  75.  54.  12.]
[129.  32.  85.  60.  43.  50.  75.  54.  12.  59.]
[32. 85. 60. 43. 50. 75. 54. 12. 59. 47.]
[85. 60. 43. 50. 75. 54. 12. 59. 47. 34.]
[60. 43. 50. 75. 54. 12. 59. 47. 34. 89.]
[43. 50. 75. 54. 12. 59. 47. 34. 89. 89.]
[50. 75. 54. 12. 59. 47. 34. 89. 89. 79.]
[75. 54. 12. 59. 47. 34. 89. 89. 79. 29.]
[54. 12. 59. 47. 34. 89. 89. 79. 29. 68.]
[12. 59. 47. 34. 89. 89. 79. 29. 68. 50.]
[ 59.  47.  34.  89.  89.  79.  29.  68.  50. 270.]
[ 47.  34.  89.  89.  79.  29.  68.  50. 270.  31.]
[ 34.  89.  89.  79.  29.  68.  50. 270.  31.  67.]
[ 89.  89.  79.  29.  68.  50. 270.  31.  67.  15.]
[ 89.  79.  29.  68.  50. 270.  31.  67.  15.  88.]
[ 79.  29.  68.  50. 270.  31.  67.  15.  88.  75.]
[ 29.  68.  50. 270.  31.  67.  15.  88.  75.  46.]
[ 68.  50. 270.  31.  67.  15.  88.  75.  46.  82.]
[ 50. 270.  31.  67.  15.  88.  75.  46.  82.  52.]
[270.  31.  67.  15.  88.  75.  46.  82.  52.  35.]
[31. 67. 15. 88. 75. 46. 82. 52. 35. 38.]
[67. 15. 88. 75. 46. 82. 52. 35. 38. 42.]
[15. 88. 75. 46. 82. 52. 35. 38. 42. 87.]
[88. 75. 46. 82. 52. 35. 38. 42. 87. 38.]
[ 75.  46.  82.  52.  35.  38.  42.  87.  38. 648.]
[ 46.  82.  52.  35.  38.  42.  87.  38. 648.  23.]
[ 82.  52.  35.  38.  42.  87.  38. 648.  23.  66.]
[ 52.  35.  38.  42.  87.  38. 648.  23.  66.  52.]
[ 35.  38.  42.  87.  38. 648.  23.  66.  52. 246.]
[ 38.  42.  87.  38. 648.  23.  66.  52. 246.  79.]
[ 42.  87.  38. 648.  23.  66.  52. 246.  79.  16.]
[ 87.  38. 648.  23.  66.  52. 246.  79.  16.  78.]
[ 38. 648.  23.  66.  52. 246.  79.  16.  78.  52.]
